0.52472932143136852 0.20298518575727942 0.30265349783003331 0.4038916158544430
0.55289816656149926 0.20298518575727942 0.30265349783003331 0.4038916158544430
0.52472932143136852 0.3660552620887757 0.30265349783003331 0.4038916158544430
0.52472932143136852 0.20298518575727942 0.42436411045491695 0.4038916158544430
0.52472932143136852 0.20298518575727942 0.30265349783003331 0.4817852652605470
0.55289816656149926 0.3660552620887757 0.42436411045491695 0.4817852652605470
0.16582120228558778 0.36774025522172449 0.1284674044698477 0.2531277139544010
0.073186637554317716 0.36774025522172449 0.1284674044698477 0.2531277139544010
0.16582120228558778 0.16293946653604507 0.1284674044698477 0.2531277139544010
0.16582120228558778 0.36774025522172449 0.28336576744914055 0.2531277139544010
0.16582120228558778 0.36774025522172449 0.1284674044698477 0.1885284500026710
0.073186637554317716 0.16293946653604507 0.28336576744914055 0.1885284500026710
0.3715697463601827 0.11632930859923363 0.44141962416470049 0.4844606766114220
0.24885318744927643 0.11632930859923363 0.44141962416470049 0.4844606766114220
0.3715697463601827 0.26345455311238763 0.44141962416470049 0.4844606766114220
0.3715697463601827 0.11632930859923363 0.37734482847154138 0.4844606766114220
0.3715697463601827 0.11632930859923363 0.44141962416470049 0.2178776155861840
0.24885318744927643 0.26345455311238763 0.37734482847154138 0.2178776155861840
0.64354440988972783 0.45117729008197782 0.21411491148173811 0.0509410537906971
0.37849124423228198 0.45117729008197782 0.21411491148173811 0.0509410537906971
0.64354440988972783 0.46651675216853616 0.21411491148173811 0.0509410537906971
0.64354440988972783 0.45117729008197782 0.11765957698225976 0.0509410537906971
0.64354440988972783 0.45117729008197782 0.21411491148173811 0.3777668295739750
0.37849124423228198 0.46651675216853616 0.11765957698225976 0.3777668295739750
0.58692505364306269 0.17646677903831007 0.15913557186722757 0.1424982302163530
0.50490657314658161 0.17646677903831007 0.15913557186722757 0.1424982302163530
0.58692505364306269 0.32921937145292757 0.15913557186722757 0.1424982302163530
0.58692505364306269 0.17646677903831007 0.30585423931479455 0.1424982302163530
0.58692505364306269 0.17646677903831007 0.15913557186722757 0.3203032313520510
0.50490657314658161 0.32921937145292757 0.30585423931479455 0.3203032313520510
0.22283994941972196 0.44103905744850636 0.38487785011529929 0.4658968230063060
0.36508724200539283 0.44103905744850636 0.38487785011529929 0.4658968230063060
0.22283994941972196 0.12615478821098805 0.38487785011529929 0.4658968230063060
0.22283994941972196 0.44103905744850636 0.18976054154336452 0.4658968230063060
0.22283994941972196 0.44103905744850636 0.38487785011529929 0.4085367958238990
0.36508724200539283 0.12615478821098805 0.18976054154336452 0.4085367958238990
0.10880511510185897 0.2928352877497673 0.2982927940785885 0.3338138527451450
0.20083679002709687 0.2928352877497673 0.2982927940785885 0.3338138527451450
0.10880511510185897 0.22564294561743736 0.2982927940785885 0.3338138527451450
0.10880511510185897 0.2928352877497673 0.49634298011660583 0.3338138527451450
0.10880511510185897 0.2928352877497673 0.2982927940785885 0.4627600202403590
0.20083679002709687 0.22564294561743736 0.49634298011660583 0.4627600202403590
0.37576148011721666 0.32789091542363169 0.47091627418994908 0.3462488737010680
0.67041663331910961 0.32789091542363169 0.47091627418994908 0.3462488737010680
0.37576148011721666 0.4287546403706074 0.47091627418994908 0.3462488737010680
0.37576148011721666 0.32789091542363169 0.21155777238309384 0.3462488737010680
0.37576148011721666 0.32789091542363169 0.47091627418994908 0.0236841535641185
0.67041663331910961 0.4287546403706074 0.21155777238309384 0.0236841535641185
0.43389323912560934 0.12513322718441489 0.26541539356112481 0.4368163116150140
0.10092346351593733 0.12513322718441489 0.26541539356112481 0.4368163116150140
0.43389323912560934 0.49410534650087357 0.26541539356112481 0.4368163116150140
0.43389323912560934 0.12513322718441489 0.33968526534736154 0.4368163116150140
0.43389323912560934 0.12513322718441489 0.26541539356112481 0.3017404164637430
0.10092346351593733 0.49410534650087357 0.33968526534736154 0.3017404164637430
0.050834564585238697 0.49164018742740156 0.49115635752677922 0.2044599023252230
0.60668068691156807 0.49164018742740156 0.49115635752677922 0.2044599023252230
0.050834564585238697 0.29719405770301821 0.49115635752677922 0.2044599023252230
0.050834564585238697 0.49164018742740156 0.15573420003056526 0.2044599023252230
0.050834564585238697 0.49164018742740156 0.49115635752677922 0.4115758219189110
0.60668068691156807 0.29719405770301821 0.15573420003056526 0.4115758219189110
0.261849335860461 0.24306413903832436 0.17957246974110605 0.3858564818086090
0.44688343987800172 0.24306413903832436 0.17957246974110605 0.3858564818086090
0.261849335860461 0.19824299924075606 0.17957246974110605 0.3858564818086090
0.261849335860461 0.24306413903832436 0.46163304559886453 0.3858564818086090
0.261849335860461 0.24306413903832436 0.17957246974110605 0.4369636372352370
0.44688343987800172 0.19824299924075606 0.46163304559886453 0.4369636372352370
0.54775941539555784 0.37692964226007464 0.35219426006078725 0.2918373705243470
0.26200016485527156 0.37692964226007464 0.35219426006078725 0.2918373705243470
0.54775941539555784 0.39520483277738094 0.35219426006078725 0.2918373705243470
0.54775941539555784 0.37692964226007464 0.24646301642060281 0.2918373705243470
0.54775941539555784 0.37692964226007464 0.35219426006078725 0.1227542051783070
0.26200016485527156 0.39520483277738094 0.24646301642060281 0.1227542051783070
0.69681403744034465 0.25163929723203182 0.42143445201218133 0.2293981411672720
0.29683529366739092 0.25163929723203182 0.42143445201218133 0.2293981411672720
0.69681403744034465 0.40751370377838614 0.42143445201218133 0.2293981411672720
0.69681403744034465 0.25163929723203182 0.43329431787133221 0.2293981411672720
0.69681403744034465 0.25163929723203182 0.42143445201218133 0.4881599016669320
0.29683529366739092 0.40751370377838614 0.43329431787133221 0.4881599016669320
0.31877367594279343 0.31835372187197208 0.24725009612739088 0.4096072405205500
0.49185986509546631 0.31835372187197208 0.24725009612739088 0.4096072405205500
0.31877367594279343 0.2105557803064585 0.24725009612739088 0.4096072405205500
0.31877367594279343 0.31835372187197208 0.27424024455249307 0.4096072405205500
0.31877367594279343 0.31835372187197208 0.24725009612739088 0.1510374537714430
0.49185986509546631 0.2105557803064585 0.27424024455249307 0.1510374537714430
0.19949246053583919 0.16654601097106936 0.33520119525492192 0.0850279863830462
0.64278038181364527 0.16654601097106936 0.33520119525492192 0.0850279863830462
0.19949246053583919 0.10950359776616098 0.33520119525492192 0.0850279863830462
0.19949246053583919 0.16654601097106936 0.36773102357983589 0.0850279863830462
0.19949246053583919 0.16654601097106936 0.33520119525492192 0.2748033557049450
0.64278038181364527 0.10950359776616098 0.36773102357983589 0.2748033557049450
0.49057954936288289 0.4002281658351422 0.10789784453809262 0.4796056679534880
0.1471942118834704 0.4002281658351422 0.10789784453809262 0.4796056679534880
0.49057954936288289 0.30641746148467064 0.10789784453809262 0.4796056679534880
0.49057954936288289 0.4002281658351422 0.12746869139373304 0.4796056679534880
0.49057954936288289 0.4002281658351422 0.10789784453809262 0.3494388118889500
0.1471942118834704 0.30641746148467064 0.12746869139373304 0.3494388118889500
0.46288734204135829 0.15589533858001234 0.48745606355369098 0.3204927842218980
0.40040068486705416 0.15589533858001234 0.48745606355369098 0.3204927842218980
0.46288734204135829 0.2163004469126463 0.48745606355369098 0.3204927842218980
0.46288734204135829 0.15589533858001234 0.28866696916520596 0.3204927842218980
0.46288734204135829 0.15589533858001234 0.48745606355369098 0.2616982187003130
0.40040068486705416 0.2163004469126463 0.28866696916520596 0.2616982187003130
0.18703946140594779 0.41478508897125721 0.2569483656436205 0.3595708332700930
0.2256742010358721 0.41478508897125721 0.2569483656436205 0.3595708332700930
0.18703946140594779 0.41309100054204462 0.2569483656436205 0.3595708332700930
0.18703946140594779 0.41478508897125721 0.4038225017488003 0.3595708332700930
0.18703946140594779 0.41478508897125721 0.2569483656436205 0.3597357007659060
0.2256742010358721 0.41309100054204462 0.4038225017488003 0.3597357007659060
0.3109230278525501 0.26308344453573229 0.36997227929532528 0.1652742939397840
0.055720788752660157 0.26308344453573229 0.36997227929532528 0.1652742939397840
0.3109230278525501 0.31360283046960835 0.36997227929532528 0.1652742939397840
0.3109230278525501 0.26308344453573229 0.11040534637868404 0.1652742939397840
0.3109230278525501 0.26308344453573229 0.36997227929532528 0.4936672597314680
0.055720788752660157 0.31360283046960835 0.11040534637868404 0.4936672597314680
0.66356733064167195 0.30456582382321362 0.19884578324854374 0.4573684093279870
0.57163356114178898 0.30456582382321362 0.19884578324854374 0.4573684093279870
0.66356733064167195 0.1167651653289795 0.19884578324854374 0.4573684093279870
0.66356733064167195 0.30456582382321362 0.39437090680003173 0.4573684093279870
0.66356733064167195 0.30456582382321362 0.19884578324854374 0.1352631161036600
0.57163356114178898 0.1167651653289795 0.39437090680003173 0.1352631161036600
0.56560886185616255 0.22947164811193943 0.23058298230171204 0.4922890825808890
0.69801913904957469 0.22947164811193943 0.23058298230171204 0.4922890825808890
0.56560886185616255 0.27907470539212231 0.23058298230171204 0.4922890825808890
0.56560886185616255 0.22947164811193943 0.18217645809054375 0.4922890825808890
0.56560886185616255 0.22947164811193943 0.23058298230171204 0.4483832469025610
0.69801913904957469 0.27907470539212231 0.18217645809054375 0.4483832469025610
0.28478234102949496 0.3881783839315176 0.40014691278338432 0.0218425461197166
0.17196475788950918 0.3881783839315176 0.40014691278338432 0.0218425461197166
0.28478234102949496 0.4759149454534054 0.40014691278338432 0.0218425461197166
0.28478234102949496 0.3881783839315176 0.32242887280881405 0.0218425461197166
0.28478234102949496 0.3881783839315176 0.40014691278338432 0.0937081559390023
0.17196475788950918 0.4759149454534054 0.32242887280881405 0.0937081559390023
0.088842953089624643 0.13949474319815636 0.11349011510610581 0.3925415123777840
0.3533541093580424 0.13949474319815636 0.11349011510610581 0.3925415123777840
0.088842953089624643 0.37539987154304988 0.11349011510610581 0.3925415123777840
0.088842953089624643 0.13949474319815636 0.2164075754582882 0.3925415123777840
0.088842953089624643 0.13949474319815636 0.11349011510610581 0.2816762678509650
0.3533541093580424 0.37539987154304988 0.2164075754582882 0.2816762678509650
0.43634991943836204 0.48118492066860197 0.34243542626500134 0.2694473064927740
0.51790923220105467 0.48118492066860197 0.34243542626500134 0.2694473064927740
0.43634991943836204 0.17861322797834875 0.34243542626500134 0.2694473064927740
0.43634991943836204 0.48118492066860197 0.47547156773507593 0.2694473064927740
0.43634991943836204 0.48118492066860197 0.34243542626500134 0.4250277639877360
0.51790923220105467 0.17861322797834875 0.47547156773507593 0.4250277639877360
0.41392591581679877 0.27847367189824579 0.1493643417954445 0.1109154091647230
0.27375328405760224 0.27847367189824579 0.1493643417954445 0.1109154091647230
0.41392591581679877 0.14386550448834898 0.1493643417954445 0.1109154091647230
0.41392591581679877 0.27847367189824579 0.17235666029155255 0.1109154091647230
0.41392591581679877 0.27847367189824579 0.1493643417954445 0.4509525751351550
0.27375328405760224 0.14386550448834898 0.17235666029155255 0.4509525751351550
0.11142809013836086 0.33834628202021122 0.3189299620687962 0.4715114415585550
0.43386078458279365 0.33834628202021122 0.3189299620687962 0.4715114415585550
0.11142809013836086 0.34704939238727095 0.3189299620687962 0.4715114415585550
0.11142809013836086 0.33834628202021122 0.33205335512757306 0.4715114415585550
0.11142809013836086 0.33834628202021122 0.3189299620687962 0.0601958872994013
0.43386078458279365 0.34704939238727095 0.33205335512757306 0.0601958872994013
0.24053828842006619 0.19005935788154604 0.20727132856845856 0.2115162539734090
0.57905850457027552 0.19005935788154604 0.20727132856845856 0.2115162539734090
0.24053828842006619 0.44810158610343931 0.20727132856845856 0.2115162539734090
0.24053828842006619 0.19005935788154604 0.22554377727210523 0.2115162539734090
0.24053828842006619 0.19005935788154604 0.20727132856845856 0.3368909180912860
0.57905850457027552 0.44810158610343931 0.22554377727210523 0.3368909180912860
0.60969674256630235 0.42979022786021237 0.43621795400977137 0.4204952024421520
0.12981518195010722 0.42979022786021237 0.43621795400977137 0.4204952024421520
0.60969674256630235 0.24496175795793534 0.43621795400977137 0.4204952024421520
0.60969674256630235 0.42979022786021237 0.46653067544102667 0.4204952024421520
0.60969674256630235 0.42979022786021237 0.43621795400977137 0.3954646470673100
0.12981518195010722 0.24496175795793534 0.46653067544102667 0.3954646470673100
0.63616225207224486 0.10488526113331319 0.39373552761971953 0.3738033487264020
0.16464039376005529 0.10488526113331319 0.39373552761971953 0.3738033487264020
0.63616225207224486 0.15766523703932764 0.39373552761971953 0.3738033487264020
0.63616225207224486 0.10488526113331319 0.25374798849225044 0.3738033487264020
0.63616225207224486 0.10488526113331319 0.39373552761971953 0.2306451011966400
0.16464039376005529 0.15766523703932764 0.25374798849225044 0.2306451011966400
0.33880173861980434 0.46496508829295635 0.16322646774351596 0.3065235248621650
0.62406468321569264 0.46496508829295635 0.16322646774351596 0.3065235248621650
0.33880173861980434 0.36080096438527109 0.16322646774351596 0.3065235248621650
0.33880173861980434 0.46496508829295635 0.4385461669415236 0.3065235248621650
0.33880173861980434 0.46496508829295635 0.16322646774351596 0.3693456082088660
0.62406468321569264 0.36080096438527109 0.4385461669415236 0.3693456082088660
0.13765556495636699 0.21363577023148539 0.45125236026942728 0.4461445796167400
0.46997040132991963 0.21363577023148539 0.45125236026942728 0.4461445796167400
0.13765556495636699 0.45975201167166235 0.45125236026942728 0.4461445796167400
0.13765556495636699 0.21363577023148539 0.14444541707634928 0.4461445796167400
0.13765556495636699 0.21363577023148539 0.45125236026942728 0.4751346536547090
0.46997040132991963 0.45975201167166235 0.14444541707634928 0.4751346536547090
0.51179264476522801 0.3531834200024605 0.28012412674725057 0.1841179198285950
0.31999427415430542 0.3531834200024605 0.28012412674725057 0.1841179198285950
0.51179264476522801 0.25656573958694939 0.28012412674725057 0.1841179198285950
0.51179264476522801 0.3531834200024605 0.36052614562213425 0.1841179198285950
0.51179264476522801 0.3531834200024605 0.28012412674725057 0.2044646007465330
0.31999427415430542 0.25656573958694939 0.36052614562213425 0.2044646007465330
0.50441311420872803 0.12352175600826741 0.18545736968517304 0.2752582563098290
0.66821504128165543 0.12352175600826741 0.18545736968517304 0.2752582563098290
0.50441311420872803 0.24259206987917425 0.18545736968517304 0.2752582563098290
0.50441311420872803 0.12352175600826741 0.10377927683293819 0.2752582563098290
0.50441311420872803 0.12352175600826741 0.18545736968517304 0.0668940329817156
0.66821504128165543 0.24259206987917425 0.10377927683293819 0.0668940329817156
0.14550996385514736 0.45897393338382242 0.3581784091889858 0.3951893461850200
0.20307770622894167 0.45897393338382242 0.3581784091889858 0.3951893461850200
0.14550996385514736 0.43952767737209797 0.3581784091889858 0.3951893461850200
0.14550996385514736 0.45897393338382242 0.38851488158106806 0.3951893461850200
0.14550996385514736 0.45897393338382242 0.3581784091889858 0.4577959548659580
0.20307770622894167 0.43952767737209797 0.38851488158106806 0.4577959548659580
0.35125846434384578 0.20717618241906166 0.27110507041215898 0.0428705943579915
0.36288502886891361 0.20717618241906166 0.27110507041215898 0.0428705943579915
0.35125846434384578 0.33999220654368401 0.27110507041215898 0.0428705943579915
0.35125846434384578 0.20717618241906166 0.29451178871095185 0.0428705943579915
0.35125846434384578 0.20717618241906166 0.27110507041215898 0.3926603107351330
0.36288502886891361 0.33999220654368401 0.29451178871095185 0.3926603107351330
0.62322817845270029 0.37209608703851704 0.49694510474801068 0.4989913027534780
0.50714811044745145 0.37209608703851704 0.49694510474801068 0.4989913027534780
0.62322817845270029 0.14310409203171731 0.49694510474801068 0.4989913027534780
0.62322817845270029 0.37209608703851704 0.41045977696776392 0.4989913027534780
0.62322817845270029 0.37209608703851704 0.49694510474801068 0.3266263112760890
0.50714811044745145 0.14310409203171731 0.41045977696776392 0.3266263112760890
0.60723629691638048 0.29700038693845277 0.32946280352771284 0.4495155888545750
0.39088957030326121 0.29700038693845277 0.32946280352771284 0.4495155888545750
0.60723629691638048 0.25580737888813021 0.32946280352771284 0.4495155888545750
0.60723629691638048 0.29700038693845277 0.22228875383734703 0.4495155888545750
0.60723629691638048 0.29700038693845277 0.32946280352771284 0.3723685693729620
0.39088957030326121 0.25580737888813021 0.22228875383734703 0.3723685693729620
0.24315614211373027 0.3322695944458246 0.10206015594303608 0.1492818372370340
0.23649480543099344 0.3322695944458246 0.10206015594303608 0.1492818372370340
0.24315614211373027 0.45269177407026295 0.10206015594303608 0.1492818372370340
0.24315614211373027 0.3322695944458246 0.48212126456201077 0.1492818372370340
0.24315614211373027 0.3322695944458246 0.10206015594303608 0.2440147291984500
0.23649480543099344 0.45269177407026295 0.48212126456201077 0.2440147291984500
0.12912136106751859 0.18368511199951174 0.41550065837800509 0.3566257958276750
0.085584344947710639 0.18368511199951174 0.41550065837800509 0.3566257958276750
0.12912136106751859 0.35223010741174221 0.41550065837800509 0.3566257958276750
0.12912136106751859 0.18368511199951174 0.17551402971148491 0.3566257958276750
0.12912136106751859 0.18368511199951174 0.41550065837800509 0.1996018067153850
0.085584344947710639 0.35223010741174221 0.17551402971148491 0.1996018067153850
0.3960727572906762 0.44881286546587951 0.24121718443930151 0.3153588233377490
0.54054040322080255 0.44881286546587951 0.24121718443930151 0.3153588233377490
0.3960727572906762 0.15529249720275404 0.24121718443930151 0.3153588233377490
0.3960727572906762 0.44881286546587951 0.31656042598187928 0.3153588233377490
0.3960727572906762 0.44881286546587951 0.24121718443930151 0.4687247406105760
0.54054040322080255 0.15529249720275404 0.31656042598187928 0.4687247406105760
0.45420199800282712 0.24834618009626866 0.44823156259953978 0.1780403088160410
0.13479692824184894 0.24834618009626866 0.44823156259953978 0.1780403088160410
0.45420199800282712 0.12069125659763813 0.44823156259953978 0.1780403088160410
0.45420199800282712 0.24834618009626866 0.2321955244988203 0.1780403088160410
0.45420199800282712 0.24834618009626866 0.44823156259953978 0.3565768743835140
0.13479692824184894 0.12069125659763813 0.2321955244988203 0.3565768743835140
0.071148292254656548 0.38165622316300873 0.22083065249025824 0.4445157713582990
0.65513826380483797 0.38165622316300873 0.22083065249025824 0.4445157713582990
0.071148292254656548 0.32373314239084722 0.22083065249025824 0.4445157713582990
0.071148292254656548 0.38165622316300873 0.47240980342030525 0.4445157713582990
0.071148292254656548 0.38165622316300873 0.22083065249025824 0.2489682045572610
0.65513826380483797 0.32373314239084722 0.47240980342030525 0.2489682045572610
0.28216308774426574 0.13346850499510765 0.3092700343579054 0.2964998955880150
0.47946196277625852 0.13346850499510765 0.3092700343579054 0.2964998955880150
0.28216308774426574 0.42482958808541305 0.3092700343579054 0.2964998955880150
0.28216308774426574 0.13346850499510765 0.16648616306483746 0.2964998955880150
0.28216308774426574 0.13346850499510765 0.3092700343579054 0.1409592954992480
0.47946196277625852 0.42482958808541305 0.16648616306483746 0.1409592954992480
0.56806821785867212 0.49976189434528351 0.13498792238533497 0.3640733972317000
0.30919379433616989 0.49976189434528351 0.13498792238533497 0.3640733972317000
0.56806821785867212 0.22174326106905939 0.13498792238533497 0.3640733972317000
0.56806821785867212 0.49976189434528351 0.32539297714829446 0.3640733972317000
0.56806821785867212 0.49976189434528351 0.13498792238533497 0.4994853977885790
0.30919379433616989 0.22174326106905939 0.32539297714829446 0.4994853977885790
0.67650032429955897 0.17485540322959425 0.29172497242689133 0.4285665318923400
0.2642021818552166 0.17485540322959425 0.29172497242689133 0.4285665318923400
0.67650032429955897 0.18405299037694933 0.29172497242689133 0.4285665318923400
0.67650032429955897 0.17485540322959425 0.13858686462044717 0.4285665318923400
0.67650032429955897 0.17485540322959425 0.29172497242689133 0.0873667650134846
0.2642021818552166 0.18405299037694933 0.13858686462044717 0.0873667650134846
0.29846491222269828 0.40837270803749559 0.46444469764828689 0.2241219161634760
0.44464140133932228 0.40837270803749559 0.46444469764828689 0.2241219161634760
0.29846491222269828 0.38714151084423065 0.46444469764828689 0.2241219161634760
0.29846491222269828 0.40837270803749559 0.3539026033133269 0.2241219161634760
0.29846491222269828 0.40837270803749559 0.46444469764828689 0.4413082283322600
0.44464140133932228 0.38714151084423065 0.3539026033133269 0.4413082283322600
0.17918366291560234 0.25694723576307299 0.15237252712249758 0.4729692828417140
0.60888208281248801 0.25694723576307299 0.15237252712249758 0.4729692828417140
0.17918366291560234 0.48604220561683176 0.15237252712249758 0.4729692828417140
0.17918366291560234 0.25694723576307299 0.26038779094815256 0.4729692828417140
0.17918366291560234 0.25694723576307299 0.15237252712249758 0.4275513209913270
0.60888208281248801 0.48604220561683176 0.26038779094815256 0.4275513209913270
0.47026578295044597 0.32305745556950571 0.37821087166666989 0.1180679885533440
0.098682046076282864 0.32305745556950571 0.37821087166666989 0.1180679885533440
0.47026578295044597 0.28300384841859338 0.37821087166666989 0.1180679885533440
0.47026578295044597 0.32305745556950571 0.44438845925033099 0.1180679885533440
0.47026578295044597 0.32305745556950571 0.37821087166666989 0.2933296442115440
0.098682046076282864 0.28300384841859338 0.44438845925033099 0.2933296442115440
0.48320106486789877 0.27051540277898312 0.20153291299939158 0.3440040040022410
0.53602014137431975 0.27051540277898312 0.20153291299939158 0.3440040040022410
0.48320106486789877 0.39283819571137435 0.20153291299939158 0.3440040040022410
0.48320106486789877 0.27051540277898312 0.38322641216218478 0.3440040040022410
0.48320106486789877 0.27051540277898312 0.20153291299939158 0.4194163660141760
0.53602014137431975 0.39283819571137435 0.38322641216218478 0.4194163660141760
0.20734821544028814 0.31183303929865358 0.43038028925657279 0.3297405632263910
0.33528252434916789 0.31183303929865358 0.43038028925657279 0.3297405632263910
0.20734821544028814 0.18967824503779412 0.43038028925657279 0.3297405632263910
0.20734821544028814 0.31183303929865358 0.12430815324187279 0.3297405632263910
0.20734821544028814 0.31183303929865358 0.43038028925657279 0.3054627759685910
0.33528252434916789 0.18967824503779412 0.12430815324187279 0.3054627759685910
0.33123183515854177 0.16051819920539856 0.14343052431941034 0.4588519700093250
0.19007504838518796 0.16051819920539856 0.14343052431941034 0.4588519700093250
0.33123183515854177 0.29013992436230185 0.14343052431941034 0.4588519700093250
0.33123183515854177 0.16051819920539856 0.41770127676427371 0.4588519700093250
0.33123183515854177 0.16051819920539856 0.14343052431941034 0.1047294373039070
0.19007504838518796 0.29013992436230185 0.41770127676427371 0.1047294373039070
0.68388108736835418 0.41880366131663327 0.31289707422256474 0.1270740636520690
0.67994817271828645 0.41880366131663327 0.31289707422256474 0.1270740636520690
0.68388108736835418 0.49335309006273753 0.31289707422256474 0.1270740636520690
0.68388108736835418 0.41880366131663327 0.27749844118952749 0.1270740636520690
0.68388108736835418 0.41880366131663327 0.31289707422256474 0.4345199246141350
0.67994817271828645 0.49335309006273753 0.27749844118952749 0.4345199246141350
0.54530009329318996 0.14409467466175557 0.45713723637163639 0.0690928157728251
0.56371939084492617 0.14409467466175557 0.45713723637163639 0.0690928157728251
0.54530009329318996 0.30566215328872204 0.45713723637163639 0.0690928157728251
0.54530009329318996 0.14409467466175557 0.48971655294299132 0.0690928157728251
0.54530009329318996 0.14409467466175557 0.45713723637163639 0.1672618705086530
0.56371939084492617 0.30566215328872204 0.48971655294299132 0.1672618705086530
0.26446862304583191 0.48522947542369366 0.28610829971730711 0.4908738332979840
0.063674903102219099 0.48522947542369366 0.28610829971730711 0.4908738332979840
0.26446862304583191 0.10245251618325711 0.28610829971730711 0.4908738332979840
0.26446862304583191 0.48522947542369366 0.20570291541516783 0.4908738332979840
0.26446862304583191 0.48522947542369366 0.28610829971730711 0.4901626310703940
0.063674903102219099 0.10245251618325711 0.20570291541516783 0.4901626310703940
0.068529191520065064 0.23692654743790628 0.39942518062889576 0.2581487778987330
0.21775940963998436 0.23692654743790628 0.39942518062889576 0.2581487778987330
0.068529191520065064 0.20198797434568405 0.39942518062889576 0.2581487778987330
0.068529191520065064 0.23692654743790628 0.31169941648840904 0.2581487778987330
0.068529191520065064 0.23692654743790628 0.39942518062889576 0.3395785875497770
0.21775940963998436 0.20198797434568405 0.31169941648840904 0.3395785875497770
0.41604112666100257 0.39541960507631302 0.16901523880660535 0.4057668073350400
0.40835542031563815 0.39541960507631302 0.16901523880660535 0.4057668073350400
0.41604112666100257 0.405150118470192 0.16901523880660535 0.4057668073350400
0.41604112666100257 0.39541960507631302 0.19639664851129057 0.4057668073350400
0.41604112666100257 0.39541960507631302 0.16901523880660535 0.2707447624256590
0.40835542031563815 0.405150118470192 0.19639664851129057 0.2707447624256590
0.39361468222923574 0.19510484747588636 0.3634044814854861 0.4815339942479700
0.327909494144842 0.19510484747588636 0.3634044814854861 0.4815339942479700
0.39361468222923574 0.47045199796557424 0.3634044814854861 0.4815339942479700
0.39361468222923574 0.19510484747588636 0.45577413551509383 0.4815339942479700
0.39361468222923574 0.19510484747588636 0.3634044814854861 0.1731085040815110
0.327909494144842 0.47045199796557424 0.45577413551509383 0.1731085040815110
0.091111887758597729 0.4350493807345629 0.19237418286502361 0.0941739546611753
0.4620157796889543 0.4350493807345629 0.19237418286502361 0.0941739546611753
0.091111887758597729 0.273587916046381 0.19237418286502361 0.0941739546611753
0.091111887758597729 0.4350493807345629 0.23984064236283303 0.0941739546611753
0.091111887758597729 0.4350493807345629 0.19237418286502361 0.4797239618578200
0.4620157796889543 0.273587916046381 0.23984064236283303 0.4797239618578200
0.22022205214016138 0.28637412637472154 0.4806930426508188 0.4186304523436630
0.63197928210720411 0.28637412637472154 0.4806930426508188 0.4186304523436630
0.22022205214016138 0.174687210097909 0.4806930426508188 0.4186304523436630
0.22022205214016138 0.28637412637472154 0.34632542543113232 0.4186304523436630
0.22022205214016138 0.28637412637472154 0.4806930426508188 0.3865387750177430
0.63197928210720411 0.174687210097909 0.34632542543113232 0.3865387750177430
0.58938545570708811 0.34680210426449776 0.25028136335313322 0.2425432614574340
0.15668639321811495 0.34680210426449776 0.25028136335313322 0.2425432614574340
0.58938545570708811 0.37150112874805929 0.25028136335313322 0.2425432614574340
0.58938545570708811 0.34680210426449776 0.16157532408833505 0.2425432614574340
0.58938545570708811 0.34680210426449776 0.25028136335313322 0.2225267774807130
0.15668639321811495 0.37150112874805929 0.16157532408833505 0.2225267774807130
0.6564784496091306 0.22151328362524511 0.12030207738280296 0.2803912580879110
0.11170470016077161 0.22151328362524511 0.12030207738280296 0.2803912580879110
0.6564784496091306 0.43420355878770356 0.12030207738280296 0.2803912580879110
0.6564784496091306 0.22151328362524511 0.37438317611813543 0.2803912580879110
0.6564784496091306 0.22151328362524511 0.12030207738280296 0.4003871083709170
0.11170470016077161 0.43420355878770356 0.37438317611813543 0.4003871083709170
0.35911298673599951 0.36166523657739169 0.34915114343166354 0.3757548939745070
0.59712896482087674 0.36166523657739169 0.34915114343166354 0.3757548939745070
0.35911298673599951 0.23738763742148877 0.34915114343166354 0.3757548939745070
0.35911298673599951 0.36166523657739169 0.13334669880568983 0.3757548939745070
0.35911298673599951 0.36166523657739169 0.34915114343166354 0.3167531245126500
0.59712896482087674 0.23738763742148877 0.13334669880568983 0.3167531245126500
0.15796683728694916 0.10995367988944055 0.23719954267144205 0.1974523932104400
0.41574968411587171 0.10995367988944055 0.23719954267144205 0.1974523932104400
0.15796683728694916 0.1362912029027939 0.23719954267144205 0.1974523932104400
0.15796683728694916 0.10995367988944055 0.42742341533303263 0.1974523932104400
0.15796683728694916 0.10995367988944055 0.23719954267144205 0.0451073357792969
0.41574968411587171 0.1362912029027939 0.42742341533303263 0.0451073357792969
0.5321088858880102 0.47019825875759125 0.40666740685701375 0.4345209589313170
0.29182436298578973 0.47019825875759125 0.40666740685701375 0.4345209589313170
0.5321088858880102 0.33315156549215319 0.40666740685701375 0.4345209589313170
0.5321088858880102 0.47019825875759125 0.26758098714053635 0.4345209589313170
0.5321088858880102 0.47019825875759125 0.40666740685701375 0.4649574487287640
0.29182436298578973 0.33315156549215319 0.26758098714053635 0.4649574487287640
