0.53373659453354771 0.231115048378706 0.47641510702669621 0.2280466788217550
0.50395796182565389 0.231115048378706 0.47641510702669621 0.2280466788217550
0.53373659453354771 0.44856587089598177 0.47641510702669621 0.2280466788217550
0.53373659453354771 0.231115048378706 0.15687575340270998 0.2280466788217550
0.53373659453354771 0.231115048378706 0.47641510702669621 0.3915596259319130
0.50395796182565389 0.44856587089598177 0.15687575340270998 0.3915596259319130
0.15633595776744186 0.38961420655250556 0.2553558196872473 0.4295509848783440
0.36987631320953362 0.38961420655250556 0.2553558196872473 0.4295509848783440
0.15633595776744186 0.24548011608421805 0.2553558196872473 0.4295509848783440
0.15633595776744186 0.38961420655250556 0.34792450405657294 0.4295509848783440
0.15633595776744186 0.38961420655250556 0.2553558196872473 0.3244176005706370
0.36987631320953362 0.24548011608421805 0.34792450405657294 0.3244176005706370
0.36193575770594172 0.13820535279810431 0.36850182600319392 0.1142123515982370
0.1986533793620765 0.13820535279810431 0.36850182600319392 0.1142123515982370
0.36193575770594172 0.14657635912299158 0.36850182600319392 0.1142123515982370
0.36193575770594172 0.13820535279810431 0.24131765067577363 0.1142123515982370
0.36193575770594172 0.13820535279810431 0.36850182600319392 0.0645355816472919
0.1986533793620765 0.14657635912299158 0.24131765067577363 0.0645355816472919
0.65365265305154019 0.47929743193089969 0.18807335905730727 0.4727457103500110
0.6739213165361434 0.47929743193089969 0.18807335905730727 0.4727457103500110
0.65365265305154019 0.3496180541813374 0.18807335905730727 0.4727457103500110
0.65365265305154019 0.47929743193089969 0.45114780701696877 0.4727457103500110
0.65365265305154019 0.47929743193089969 0.18807335905730727 0.4564244459810480
0.6739213165361434 0.3496180541813374 0.45114780701696877 0.4564244459810480
0.59601419921964405 0.15459378510713578 0.23211449459195138 0.4424883092408060
0.55768756950274112 0.15459378510713578 0.23211449459195138 0.4424883092408060
0.59601419921964405 0.46230610609054568 0.23211449459195138 0.4424883092408060
0.59601419921964405 0.15459378510713578 0.26297908462584019 0.4424883092408060
0.59601419921964405 0.15459378510713578 0.23211449459195138 0.1964164150394610
0.55768756950274112 0.46230610609054568 0.26297908462584019 0.1964164150394610
0.21359524941071867 0.41290976181626327 0.41098034828901298 0.1759938779225640
0.072238353127613661 0.41290976181626327 0.41098034828901298 0.1759938779225640
0.21359524941071867 0.2592667952179909 0.41098034828901298 0.1759938779225640
0.21359524941071867 0.41290976181626327 0.42892482578754432 0.1759938779225640
0.21359524941071867 0.41290976181626327 0.41098034828901298 0.4678763595733610
0.072238353127613661 0.2592667952179909 0.42892482578754432 0.4678763595733610
0.099094230029731986 0.26471458189189434 0.12459213063120843 0.3660625252527440
0.25235816366039215 0.26471458189189434 0.12459213063120843 0.3660625252527440
0.099094230029731986 0.15816731117665769 0.12459213063120843 0.3660625252527440
0.099094230029731986 0.26471458189189434 0.13492135144770145 0.3660625252527440
0.099094230029731986 0.26471458189189434 0.12459213063120843 0.3705212734450930
0.25235816366039215 0.15816731117665769 0.13492135144770145 0.3705212734450930
0.38563411608338349 0.30601391084492208 0.34408898353576661 0.2969008709616970
0.37630812171846623 0.30601391084492208 0.34408898353576661 0.2969008709616970
0.38563411608338349 0.36125716678798203 0.34408898353576661 0.2969008709616970
0.38563411608338349 0.30601391084492208 0.36965920329093938 0.2969008709616970
0.38563411608338349 0.30601391084492208 0.34408898353576661 0.2424115654922280
0.37630812171846623 0.36125716678798203 0.36965920329093938 0.2424115654922280
0.42400633604265742 0.10325411632657051 0.13833499774336816 0.1512909443970290
0.29586219554767007 0.10325411632657051 0.13833499774336816 0.1512909443970290
0.42400633604265742 0.31470524258911614 0.13833499774336816 0.1512909443970290
0.42400633604265742 0.10325411632657051 0.27904888242483139 0.1512909443970290
0.42400633604265742 0.10325411632657051 0.13833499774336816 0.1388929153930100
0.29586219554767007 0.31470524258911614 0.27904888242483139 0.1388929153930100
0.06056095655076206 0.46351700872182844 0.31720220744609834 0.4515644624906220
0.49661453370936209 0.46351700872182844 0.31720220744609834 0.4515644624906220
0.06056095655076206 0.11781731881201268 0.31720220744609834 0.4515644624906220
0.06056095655076206 0.46351700872182844 0.41305034346878533 0.4515644624906220
0.06056095655076206 0.46351700872182844 0.31720220744609834 0.4983089295542430
0.49661453370936209 0.11781731881201268 0.41305034346878533 0.4983089295542430
0.27108968696556984 0.21493731923401357 0.20581210628151894 0.3148665653969240
0.64054273213259871 0.21493731923401357 0.20581210628151894 0.3148665653969240
0.27108968696556984 0.21828205063939096 0.20581210628151894 0.3148665653969240
0.27108968696556984 0.21493731923401357 0.11953514963388444 0.3148665653969240
0.27108968696556984 0.21493731923401357 0.20581210628151894 0.3553281571493180
0.64054273213259871 0.21828205063939096 0.11953514963388444 0.3553281571493180
0.53867585849948219 0.35505875162780287 0.42531070262193682 0.3546767645713400
0.15065457187592982 0.35505875162780287 0.42531070262193682 0.3546767645713400
0.53867585849948219 0.41521708592772488 0.42531070262193682 0.3546767645713400
0.53867585849948219 0.35505875162780287 0.38485009558498862 0.3546767645713400
0.53867585849948219 0.35505875162780287 0.42531070262193682 0.2461675589398500
0.15065457187592982 0.41521708592772488 0.38485009558498862 0.2461675589398500
0.6866915465332567 0.27976306378841398 0.39513369090855122 0.3941706004524950
0.10567784397862851 0.27976306378841398 0.39513369090855122 0.3941706004524950
0.6866915465332567 0.37751763612031941 0.39513369090855122 0.3941706004524950
0.6866915465332567 0.27976306378841398 0.19804473407566547 0.3941706004524950
0.6866915465332567 0.27976306378841398 0.39513369090855122 0.4260242128058300
0.10567784397862851 0.37751763612031941 0.19804473407566547 0.4260242128058300
0.32842315211892126 0.34023376926779747 0.17407270781695844 0.2716733003349370
0.60570729579776528 0.34023376926779747 0.17407270781695844 0.2716733003349370
0.32842315211892126 0.18057869076728822 0.17407270781695844 0.2716733003349370
0.32842315211892126 0.34023376926779747 0.30695083886384966 0.2716733003349370
0.32842315211892126 0.34023376926779747 0.17407270781695844 0.2919730474105030
0.60570729579776528 0.18057869076728822 0.30695083886384966 0.2919730474105030
0.20897337552160022 0.18841596804559232 0.4622206453233958 0.4992532968544410
0.45034347297623745 0.18841596804559232 0.4622206453233958 0.4992532968544410
0.20897337552160022 0.28011720292270181 0.4622206453233958 0.4992532968544410
0.20897337552160022 0.18841596804559232 0.20102757997810841 0.4992532968544410
0.20897337552160022 0.18841596804559232 0.4622206453233958 0.0832969320287690
0.45034347297623745 0.28011720292270181 0.20102757997810841 0.0832969320287690
0.48157784556969996 0.42835439480841164 0.28179087005555631 0.0471539949180434
0.25976218343712387 0.42835439480841164 0.28179087005555631 0.0471539949180434
0.48157784556969996 0.47700255177915096 0.28179087005555631 0.0471539949180434
0.48157784556969996 0.42835439480841164 0.49124256819486622 0.0471539949180434
0.48157784556969996 0.42835439480841164 0.28179087005555631 0.4403787334911760
0.25976218343712387 0.47700255177915096 0.49124256819486622 0.4403787334911760
0.4737245726399123 0.1777652755379677 0.3104349862784147 0.3784135845412670
0.69710027873516078 0.1777652755379677 0.3104349862784147 0.3784135845412670
0.4737245726399123 0.19881507232785225 0.3104349862784147 0.3784135845412670
0.4737245726399123 0.1777652755379677 0.3301659792661667 0.3784135845412670
0.4737245726399123 0.1777652755379677 0.3104349862784147 0.1009826492911190
0.69710027873516078 0.19881507232785225 0.3301659792661667 0.1009826492911190
0.17572433445602653 0.44291133657097814 0.13305086381733419 0.2817975208471930
0.17674391451291738 0.44291133657097814 0.13305086381733419 0.2817975208471930
0.17572433445602653 0.39562765583395965 0.13305086381733419 0.2817975208471930
0.17572433445602653 0.44291133657097814 0.16486247815191746 0.2817975208471930
0.17572433445602653 0.44291133657097814 0.13305086381733419 0.4336539956890440
0.17674391451291738 0.39562765583395965 0.16486247815191746 0.4336539956890440
0.30072862990200516 0.29120719544589524 0.44627161584794528 0.4330344862954880
0.35114094284363084 0.29120719544589524 0.44627161584794528 0.4330344862954880
0.30072862990200516 0.49672715254127986 0.44627161584794528 0.4330344862954880
0.30072862990200516 0.29120719544589524 0.47085936069488532 0.4330344862954880
0.30072862990200516 0.29120719544589524 0.44627161584794528 0.4177744890419040
0.35114094284363084 0.49672715254127986 0.47085936069488532 0.4177744890419040
0.67423590319231153 0.32644588835537436 0.22201849259436132 0.1967409280129350
0.52142383484169841 0.32644588835537436 0.22201849259436132 0.1967409280129350
0.67423590319231153 0.29986402429640291 0.22201849259436132 0.1967409280129350
0.67423590319231153 0.32644588835537436 0.23684645630419254 0.1967409280129350
0.67423590319231153 0.32644588835537436 0.22201849259436132 0.3040221078707500
0.52142383484169841 0.29986402429640291 0.23684645630419254 0.3040221078707500
0.57668656189925971 0.20134484693408014 0.15434459149837496 0.0885217489754706
0.40518016838468607 0.20134484693408014 0.15434459149837496 0.0885217489754706
0.57668656189925971 0.1121639084070921 0.15434459149837496 0.0885217489754706
0.57668656189925971 0.20134484693408014 0.44906379319727419 0.0885217489754706
0.57668656189925971 0.20134484693408014 0.15434459149837496 0.3383546650227820
0.40518016838468607 0.1121639084070921 0.44906379319727419 0.3383546650227820
0.27354901148937638 0.3663074731826782 0.37703532800078399 0.4808011643632280
0.22475567245855926 0.3663074731826782 0.37703532800078399 0.4808011643632280
0.27354901148937638 0.3090244617313147 0.37703532800078399 0.4808011643632280
0.27354901148937638 0.3663074731826782 0.25886177420616152 0.4808011643632280
0.27354901148937638 0.3663074731826782 0.37703532800078399 0.2682485530074030
0.22475567245855926 0.3090244617313147 0.25886177420616152 0.2682485530074030
0.078413027850911018 0.11761564947664738 0.29057231694459917 0.2451932707197420
0.059235679544508459 0.11761564947664738 0.29057231694459917 0.2451932707197420
0.078413027850911018 0.40792820602655411 0.29057231694459917 0.2451932707197420
0.078413027850911018 0.11761564947664738 0.35225451625883586 0.2451932707197420
0.078413027850911018 0.11761564947664738 0.29057231694459917 0.1651742758479280
0.059235679544508459 0.40792820602655411 0.35225451625883586 0.1651742758479280
0.44694167547859243 0.45306172631680963 0.46639387384057052 0.4190052884167630
0.56942068762145936 0.45306172631680963 0.46639387384057052 0.4190052884167630
0.44694167547859243 0.21111171245574953 0.46639387384057052 0.4190052884167630
0.44694167547859243 0.45306172631680963 0.14333544075489046 0.4190052884167630
0.44694167547859243 0.45306172631680963 0.46639387384057052 0.4888715947892450
0.56942068762145936 0.21111171245574953 0.14333544075489046 0.4888715947892450
0.40332983024418351 0.25035295784473421 0.27306358069181447 0.4916404796955790
0.16367721264250573 0.25035295784473421 0.27306358069181447 0.4916404796955790
0.40332983024418351 0.26446290835738184 0.27306358069181447 0.4916404796955790
0.40332983024418351 0.25035295784473421 0.40898276716470716 0.4916404796955790
0.40332983024418351 0.25035295784473421 0.27306358069181447 0.3846721276671600
0.16367721264250573 0.26446290835738184 0.40898276716470716 0.3846721276671600
0.12186358468607067 0.31646928414702413 0.49575257375836379 0.0747833953709204
0.62878959840163584 0.31646928414702413 0.49575257375836379 0.0747833953709204
0.12186358468607067 0.46767512038350112 0.49575257375836379 0.0747833953709204
0.12186358468607067 0.31646928414702413 0.29913811571896076 0.0747833953709204
0.12186358468607067 0.31646928414702413 0.49575257375836379 0.2207040330286660
0.62878959840163584 0.46767512038350112 0.29913811571896076 0.2207040330286660
0.25175737021490929 0.16818636022508143 0.18429077863693238 0.4054594438467550
0.46772282980382435 0.16818636022508143 0.18429077863693238 0.4054594438467550
0.25175737021490929 0.36813659705221657 0.18429077863693238 0.4054594438467550
0.25175737021490929 0.16818636022508143 0.39321445077657702 0.4054594438467550
0.25175737021490929 0.16818636022508143 0.18429077863693238 0.1698938978067410
0.46772282980382435 0.36813659705221657 0.39321445077657702 0.1698938978067410
0.59863453004509204 0.40166093744337561 0.36011097952723503 0.2554567711177220
0.32348439241759475 0.40166093744337561 0.36011097952723503 0.2554567711177220
0.59863453004509204 0.16497798152267934 0.36011097952723503 0.2554567711177220
0.59863453004509204 0.40166093744337561 0.10218019671738149 0.2554567711177220
0.59863453004509204 0.40166093744337561 0.36011097952723503 0.4789671808433990
0.32348439241759475 0.16497798152267934 0.10218019671738149 0.4789671808433990
0.62548933061771095 0.12676131203770638 0.4166551318019629 0.3284082496745640
0.2784779062494635 0.12676131203770638 0.4166551318019629 0.3284082496745640
0.62548933061771095 0.22766517661511898 0.4166551318019629 0.3284082496745640
0.62548933061771095 0.12676131203770638 0.31498577184975152 0.3284082496745640
0.62548933061771095 0.12676131203770638 0.4166551318019629 0.0423904478537699
0.2784779062494635 0.22766517661511898 0.31498577184975152 0.0423904478537699
0.34900172525085504 0.49308522194623949 0.23927231766283513 0.3411461787410380
0.43289731531403952 0.49308522194623949 0.23927231766283513 0.3411461787410380
0.34900172525085504 0.43082789294421675 0.23927231766283513 0.3411461787410380
0.34900172525085504 0.49308522194623949 0.18023800104856491 0.3411461787410380
0.34900172525085504 0.49308522194623949 0.23927231766283513 0.4635617716935620
0.43289731531403952 0.43082789294421675 0.18023800104856491 0.4635617716935620
0.14895642478950322 0.24176563806831838 0.3274919968098402 0.1277325922413850
0.58254829109646378 0.24176563806831838 0.3274919968098402 0.1277325922413850
0.14895642478950322 0.33036317229270939 0.3274919968098402 0.1277325922413850
0.14895642478950322 0.24176563806831838 0.48672316558659079 0.1277325922413850
0.14895642478950322 0.24176563806831838 0.3274919968098402 0.3994114242448160
0.58254829109646378 0.33036317229270939 0.48672316558659079 0.3994114242448160
0.50097092106007035 0.37505736760795116 0.10324056930840016 0.4602761554856770
0.12756728352978824 0.37505736760795116 0.10324056930840016 0.4602761554856770
0.50097092106007035 0.12715334445238113 0.10324056930840016 0.4602761554856770
0.50097092106007035 0.37505736760795116 0.22078734189271929 0.4602761554856770
0.50097092106007035 0.37505736760795116 0.10324056930840016 0.3145773731760550
0.12756728352978824 0.12715334445238113 0.22078734189271929 0.3145773731760550
0.513427874399349 0.1453932173550129 0.21233033537864687 0.4119651028395330
0.39437939799390725 0.1453932173550129 0.21233033537864687 0.4119651028395330
0.513427874399349 0.17198024094104769 0.21233033537864687 0.4119651028395330
0.513427874399349 0.1453932173550129 0.46500483751296995 0.4119651028395330
0.513427874399349 0.1453932173550129 0.21233033537864687 0.2160192035721820
0.39437939799390725 0.17198024094104769 0.46500483751296995 0.2160192035721820
0.13602226884104313 0.48710170835256583 0.43192495033144951 0.2310456457742860
0.23424694333225488 0.48710170835256583 0.43192495033144951 0.2310456457742860
0.13602226884104313 0.36894073933362959 0.43192495033144951 0.2310456457742860
0.13602226884104313 0.48710170835256583 0.23021893240511418 0.2310456457742860
0.13602226884104313 0.48710170835256583 0.43192495033144951 0.3758550779698180
0.23424694333225488 0.36894073933362959 0.23021893240511418 0.3758550779698180
0.34162196707911785 0.23529840894043447 0.14504844993352892 0.4783306297188580
0.0903090083040297 0.23529840894043447 0.14504844993352892 0.4783306297188580
0.34162196707911785 0.46998988352715976 0.14504844993352892 0.4783306297188580
0.34162196707911785 0.23529840894043447 0.33680175244808197 0.4783306297188580
0.34162196707911785 0.23529840894043447 0.14504844993352892 0.4810405104129560
0.0903090083040297 0.46998988352715976 0.33680175244808197 0.4810405104129560
0.63334381184540689 0.39397462420165541 0.32401185706257818 0.0841528838481092
0.53957697027362883 0.39397462420165541 0.32401185706257818 0.0841528838481092
0.63334381184540689 0.2730795484036207 0.32401185706257818 0.0841528838481092
0.63334381184540689 0.39397462420165541 0.17070875205099584 0.0841528838481092
0.63334381184540689 0.39397462420165541 0.32401185706257818 0.1854179498029530
0.53957697027362883 0.2730795484036207 0.17070875205099584 0.1854179498029530
0.61632787361741059 0.26887510716915131 0.45555595569312579 0.2001415330071880
0.66596751092001794 0.26887510716915131 0.45555595569312579 0.2001415330071880
0.61632787361741059 0.13576693274080753 0.45555595569312579 0.2001415330071880
0.61632787361741059 0.26887510716915131 0.35890266336500642 0.2001415330071880
0.61632787361741059 0.26887510716915131 0.45555595569312579 0.4613463366305120
0.66596751092001794 0.13576693274080753 0.35890266336500642 0.4613463366305120
0.2339039743877947 0.31040021404623985 0.27503011412918565 0.4359323369235340
0.2065678608138114 0.31040021404623985 0.27503011412918565 0.4359323369235340
0.2339039743877947 0.33268098719418049 0.27503011412918565 0.4359323369235340
0.2339039743877947 0.31040021404623985 0.14921821653842926 0.4359323369235340
0.2339039743877947 0.31040021404623985 0.27503011412918565 0.0208653277404687
0.2065678608138114 0.33268098719418049 0.14921821653842926 0.0208653277404687
0.11940306639298796 0.16180449686944487 0.38866440318524842 0.2941837729605660
0.36192188891582183 0.16180449686944487 0.38866440318524842 0.2941837729605660
0.11940306639298796 0.43162898346781731 0.38866440318524842 0.2941837729605660
0.11940306639298796 0.16180449686944487 0.44319689609110358 0.2941837729605660
0.11940306639298796 0.16180449686944487 0.38866440318524842 0.3181604884169160
0.36192188891582183 0.43162898346781731 0.44319689609110358 0.3181604884169160
0.40594792123883955 0.42068814076483252 0.16750717498362067 0.3862520437365820
0.51187306195497506 0.42068814076483252 0.16750717498362067 0.3862520437365820
0.40594792123883955 0.23467048779129984 0.16750717498362067 0.3862520437365820
0.40594792123883955 0.42068814076483252 0.25219774842262266 0.3862520437365820
0.40594792123883955 0.42068814076483252 0.16750717498362067 0.4075795973904640
0.51187306195497506 0.23467048779129984 0.25219774842262266 0.4075795973904640
0.44432250452227884 0.22022699639201165 0.37428675852715976 0.4667573532955100
0.26771711381152269 0.22022699639201165 0.37428675852715976 0.4667573532955100
0.44432250452227884 0.28816816657781602 0.37428675852715976 0.4667573532955100
0.44432250452227884 0.22022699639201165 0.3990950807929039 0.4667573532955100
0.44432250452227884 0.22022699639201165 0.37428675852715976 0.4360932991308080
0.26771711381152269 0.28816816657781602 0.3990950807929039 0.4360932991308080
0.080872156238183376 0.35978074669837956 0.1937592212110758 0.1472852567374480
0.44242856414057308 0.35978074669837956 0.1937592212110758 0.1472852567374480
0.080872156238183376 0.4912294119596482 0.1937592212110758 0.1472852567374480
0.080872156238183376 0.35978074669837956 0.10883048959076405 0.1472852567374480
0.080872156238183376 0.35978074669837956 0.1937592212110758 0.1191860881110560
0.44242856414057308 0.4912294119596482 0.10883048959076405 0.1191860881110560
0.29140100772492583 0.11159397698938847 0.48239544145762925 0.3459022229880230
0.61366160749457777 0.11159397698938847 0.48239544145762925 0.3459022229880230
0.29140100772492583 0.39174429588019855 0.48239544145762925 0.3459022229880230
0.29140100772492583 0.11159397698938847 0.40232088714838032 0.3459022229880230
0.29140100772492583 0.11159397698938847 0.48239544145762925 0.3003025440015560
0.61366160749457777 0.39174429588019855 0.40232088714838032 0.3003025440015560
0.55899212867952885 0.47163108251988894 0.26123690493404866 0.3316168509771060
0.097763553820550436 0.47163108251988894 0.26123690493404866 0.3316168509771060
0.55899212867952885 0.18862983547151091 0.26123690493404866 0.3316168509771060
0.55899212867952885 0.47163108251988894 0.29326907284557824 0.3316168509771060
0.55899212867952885 0.47163108251988894 0.26123690493404866 0.4098762117063190
0.097763553820550436 0.18862983547151091 0.29326907284557824 0.4098762117063190
0.66638034200295804 0.1967329815030098 0.11856303364038467 0.2514392730853110
0.13258380289189517 0.1967329815030098 0.11856303364038467 0.2514392730853110
0.66638034200295804 0.20092952735722067 0.11856303364038467 0.2514392730853110
0.66638034200295804 0.1967329815030098 0.48009807355701928 0.2514392730853110
0.66638034200295804 0.1967329815030098 0.11856303364038467 0.2723151132556530
0.13258380289189517 0.20092952735722067 0.48009807355701928 0.2723151132556530
0.30810699816793197 0.43649436607956893 0.33815900459885595 0.4015539679626010
0.65865290276706212 0.43649436607956893 0.33815900459885595 0.4015539679626010
0.30810699816793197 0.40404179431498055 0.33815900459885595 0.4015539679626010
0.30810699816793197 0.43649436607956893 0.21493038684129717 0.4015539679626010
0.30810699816793197 0.43649436607956893 0.33815900459885595 0.3482670818898920
0.65865290276706212 0.40404179431498055 0.21493038684129717 0.3482670818898920
0.18865709081292154 0.28507557623088364 0.22628062069416047 0.0516651848892492
0.4785431436263024 0.28507557623088364 0.22628062069416047 0.0516651848892492
0.18865709081292154 0.3035297729074955 0.22628062069416047 0.0516651848892492
0.18865709081292154 0.28507557623088364 0.32082961387932302 0.0516651848892492
0.18865709081292154 0.28507557623088364 0.22628062069416047 0.4868685293988580
0.4785431436263024 0.3035297729074955 0.32082961387932302 0.4868685293988580
0.46126652965322129 0.34492987878620629 0.40524577125906946 0.4857691092434190
0.31397298728115852 0.34492987878620629 0.40524577125906946 0.4857691092434190
0.46126652965322129 0.10046499893069268 0.40524577125906946 0.4857691092434190
0.46126652965322129 0.34492987878620629 0.18687620609998704 0.4857691092434190
0.46126652965322129 0.34492987878620629 0.40524577125906946 0.1488405211538700
0.31397298728115852 0.10046499893069268 0.18687620609998704 0.1488405211538700
0.49403576748445621 0.2986437350511551 0.17762606516480448 0.3096888768991480
0.56717946026474231 0.2986437350511551 0.17762606516480448 0.3096888768991480
0.49403576748445621 0.42222850136458878 0.17762606516480448 0.3096888768991480
0.49403576748445621 0.2986437350511551 0.2479646295309067 0.3096888768991480
0.49403576748445621 0.2986437350511551 0.17762606516480448 0.4924574666023970
0.56717946026474231 0.42222850136458878 0.2479646295309067 0.4924574666023970
0.19604049809277058 0.33370546922087674 0.35335024744272236 0.3749617938376160
0.061436962848529217 0.33370546922087674 0.35335024744272236 0.3749617938376160
0.19604049809277058 0.21908924542367458 0.35335024744272236 0.3749617938376160
0.19604049809277058 0.33370546922087674 0.45703094042837622 0.3749617938376160
0.19604049809277058 0.33370546922087674 0.35335024744272236 0.1331860508052340
0.061436962848529217 0.21908924542367458 0.45703094042837622 0.1331860508052340
0.3210449049249291 0.18239577375352384 0.26659426912665368 0.1808590659409220
0.22251382642425593 0.18239577375352384 0.26659426912665368 0.1808590659409220
0.3210449049249291 0.12014123648405076 0.26659426912665368 0.1808590659409220
0.3210449049249291 0.18239577375352384 0.15101002454757692 0.1808590659409220
0.3210449049249291 0.18239577375352384 0.26659426912665368 0.2590042057839650
0.22251382642425593 0.12014123648405076 0.15101002454757692 0.2590042057839650
0.69454722879454489 0.44692532457411294 0.48918706476688389 0.4458791505421010
0.40738207036629315 0.44692532457411294 0.48918706476688389 0.4458791505421010
0.69454722879454489 0.32332493364810944 0.48918706476688389 0.4458791505421010
0.69454722879454489 0.44692532457411294 0.34126012064516542 0.4458791505421010
0.69454722879454489 0.44692532457411294 0.48918706476688389 0.3584900013772570
0.40738207036629315 0.32332493364810944 0.34126012064516542 0.3584900013772570
0.55637040310539299 0.12222015336155892 0.33401020206511023 0.4696596291938960
0.5337825280148536 0.12222015336155892 0.33401020206511023 0.4696596291938960
0.55637040310539299 0.48562529459595682 0.33401020206511023 0.4696596291938960
0.55637040310539299 0.12222015336155892 0.12906794883310796 0.4696596291938960
0.55637040310539299 0.12222015336155892 0.33401020206511023 0.2802628889178330
0.5337825280148536 0.48562529459595682 0.12906794883310796 0.2802628889178330
0.25323780211620028 0.45709865540266037 0.10985484085977078 0.1085677765628220
0.33874292550608509 0.45709865540266037 0.10985484085977078 0.1085677765628220
0.25323780211620028 0.28243806883692746 0.10985484085977078 0.1085677765628220
0.25323780211620028 0.45709865540266037 0.36303127408027647 0.1085677765628220
0.25323780211620028 0.45709865540266037 0.10985484085977078 0.4234945941203330
0.33874292550608509 0.28243806883692746 0.36303127408027647 0.4234945941203330
0.058101716777309777 0.20880736894905569 0.42336856015026569 0.4221273468940140
0.18910198658704758 0.20880736894905569 0.42336856015026569 0.4221273468940140
0.058101716777309777 0.18138893730938435 0.42336856015026569 0.4221273468940140
0.058101716777309777 0.20880736894905569 0.26961373724043369 0.4221273468940140
0.058101716777309777 0.20880736894905569 0.42336856015026569 0.4474840154574260
0.18910198658704758 0.18138893730938435 0.26961373724043369 0.4474840154574260
0.42662539561279111 0.37354412488639355 0.2460819911211729 0.2120567612720200
0.68470288249664002 0.37354412488639355 0.2460819911211729 0.2120567612720200
0.42662539561279111 0.38452599979937074 0.2460819911211729 0.2120567612720200
0.42662539561279111 0.37354412488639355 0.43477150499820716 0.2120567612720200
0.42662539561279111 0.37354412488639355 0.2460819911211729 0.0896762335495508
0.68470288249664002 0.38452599979937074 0.43477150499820716 0.0896762335495508
0.3830161461606621 0.17322421222925188 0.44024254269897944 0.0244403822881124
0.11520971269346773 0.17322421222925188 0.44024254269897944 0.0244403822881124
0.3830161461606621 0.33792524896562104 0.44024254269897944 0.0244403822881124
0.3830161461606621 0.17322421222925188 0.11291117817163468 0.0244403822881124
0.3830161461606621 0.17322421222925188 0.44024254269897944 0.3347325869343590
0.11520971269346773 0.33792524896562104 0.11291117817163468 0.3347325869343590
0.10155486939474939 0.4069246746599674 0.21608848981559278 0.4940476255480020
0.59494588347151878 0.4069246746599674 0.21608848981559278 0.4940476255480020
0.10155486939474939 0.14108777455985547 0.21608848981559278 0.4940476255480020
0.10155486939474939 0.4069246746599674 0.37899273522198207 0.4940476255480020
0.10155486939474939 0.4069246746599674 0.21608848981559278 0.3943878186995250
0.59494588347151878 0.14108777455985547 0.37899273522198207 0.3943878186995250
0.23144852416589856 0.25824883095920087 0.30460113622248175 0.2688545555610920
0.42053912337869398 0.25824883095920087 0.30460113622248175 0.2688545555610920
0.23144852416589856 0.24159980714321139 0.30460113622248175 0.2688545555610920
0.23144852416589856 0.25824883095920087 0.28489160388708112 0.2688545555610920
0.23144852416589856 0.25824883095920087 0.30460113622248175 0.4495575136469770
0.42053912337869398 0.24159980714321139 0.28489160388708112 0.4495575136469770
0.57832073457539079 0.32493274100124836 0.1273162629455328 0.3908263251786990
0.29087611972354349 0.32493274100124836 0.1273162629455328 0.3908263251786990
0.57832073457539079 0.43838978856801991 0.1273162629455328 0.3908263251786990
0.57832073457539079 0.32493274100124836 0.41968895383179194 0.3908263251786990
0.57832073457539079 0.32493274100124836 0.1273162629455328 0.0577702362330362
0.29087611972354349 0.43838978856801991 0.41968895383179194 0.0577702362330362
0.6457980604376643 0.24963552877306938 0.29635727331042294 0.3584528821737700
0.32572611980140204 0.24963552877306938 0.29635727331042294 0.3584528821737700
0.6457980604376643 0.35107803270220761 0.29635727331042294 0.3584528821737700
0.6457980604376643 0.24963552877306938 0.20690704174339772 0.3584528821737700
0.6457980604376643 0.24963552877306938 0.29635727331042294 0.4742963013063990
0.32572611980140204 0.35107803270220761 0.20690704174339772 0.4742963013063990
0.36931540449149902 0.38354375362396242 0.47207971215248112 0.3173142562290580
0.46552050407044582 0.38354375362396242 0.47207971215248112 0.3173142562290580
0.36931540449149902 0.15429005399346352 0.47207971215248112 0.3173142562290580
0.36931540449149902 0.38354375362396242 0.49789321869611747 0.3173142562290580
0.36931540449149902 0.38354375362396242 0.47207971215248112 0.2013417100633850
0.46552050407044582 0.15429005399346352 0.49789321869611747 0.2013417100633850
0.16927022510208189 0.1318251583725214 0.16032494977116585 0.4576931804136060
0.6310307071078568 0.1318251583725214 0.16032494977116585 0.4576931804136060
0.16927022510208189 0.25377515889704227 0.16032494977116585 0.4576931804136060
0.16927022510208189 0.1318251583725214 0.19138402231037618 0.4576931804136060
0.16927022510208189 0.1318251583725214 0.16032494977116585 0.2290069013169460
0.6310307071078568 0.25377515889704227 0.19138402231037618 0.2290069013169460
0.5212797525804489 0.49832601808011534 0.38291638940572736 0.1684923514356930
0.16147550558671353 0.49832601808011534 0.38291638940572736 0.1684923514356930
0.5212797525804489 0.45061635263264177 0.38291638940572736 0.1684923514356930
0.5212797525804489 0.49832601808011534 0.30108143836259843 0.1684923514356930
0.5212797525804489 0.49832601808011534 0.38291638940572736 0.3674654969834550
0.16147550558671353 0.45061635263264177 0.30108143836259843 0.3674654969834550
