0.53081648112274704 0.11073430478572846 0.35870024822652347 0.3166267260528080
0.082255782652646298 0.11073430478572846 0.35870024822652347 0.3166267260528080
0.53081648112274704 0.27478440999984743 0.35870024822652347 0.3166267260528080
0.53081648112274704 0.11073430478572846 0.47888554707169539 0.3166267260528080
0.53081648112274704 0.11073430478572846 0.35870024822652347 0.3444604529274840
0.082255782652646298 0.27478440999984743 0.47888554707169539 0.3444604529274840
0.15723468805663288 0.46941648945212366 0.18454485870897772 0.3561471412791900
0.54644027189351618 0.46941648945212366 0.18454485870897772 0.3561471412791900
0.15723468805663288 0.47159928232431414 0.18454485870897772 0.3561471412791900
0.15723468805663288 0.46941648945212366 0.21358601562678814 0.3561471412791900
0.15723468805663288 0.46941648945212366 0.18454485870897772 0.2770054341135000
0.54644027189351618 0.47159928232431414 0.21358601562678814 0.2770054341135000
0.35723031512461595 0.22073227129876616 0.4978637199848891 0.1483805314768710
0.387595093389973 0.22073227129876616 0.4978637199848891 0.1483805314768710
0.35723031512461595 0.37035350464284422 0.4978637199848891 0.1483805314768710
0.35723031512461595 0.22073227129876616 0.31940551474690437 0.1483805314768710
0.35723031512461595 0.22073227129876616 0.4978637199848891 0.1534528714458590
0.387595093389973 0.37035350464284422 0.31940551474690437 0.1534528714458590
0.65530507308430963 0.36244663037359715 0.27057712860405447 0.4502907468213740
0.24238040577620268 0.36244663037359715 0.27057712860405447 0.4502907468213740
0.65530507308430963 0.17349113933742047 0.27057712860405447 0.4502907468213740
0.65530507308430963 0.36244663037359715 0.18538864068686964 0.4502907468213740
0.65530507308430963 0.36244663037359715 0.27057712860405447 0.4851781297416380
0.24238040577620268 0.17349113933742047 0.18538864068686964 0.4851781297416380
0.59035441437736147 0.2871579058468342 0.10309468954801559 0.4982215660419760
0.35862910519354041 0.2871579058468342 0.10309468954801559 0.4982215660419760
0.59035441437736147 0.23619151748716832 0.10309468954801559 0.4982215660419760
0.59035441437736147 0.2871579058468342 0.39739007763564593 0.4982215660419760
0.59035441437736147 0.2871579058468342 0.10309468954801559 0.1137211515766170
0.35862910519354041 0.23619151748716832 0.39739007763564593 0.1137211515766170
0.22190993353724475 0.34602328389883041 0.32881884649395943 0.0435925447242323
0.51397532112896438 0.34602328389883041 0.32881884649395943 0.0435925447242323
0.22190993353724475 0.43305588550865648 0.32881884649395943 0.0435925447242323
0.22190993353724475 0.34602328389883041 0.10718437507748604 0.0435925447242323
0.22190993353724475 0.34602328389883041 0.32881884649395943 0.4383093124301880
0.51397532112896438 0.43305588550865648 0.10718437507748604 0.4383093124301880
0.092045994661748398 0.19432069249451162 0.24186724424362183 0.3954233035615790
0.66394362887367597 0.19432069249451162 0.24186724424362183 0.3954233035615790
0.092045994661748398 0.33429880365729336 0.24186724424362183 0.3954233035615790
0.092045994661748398 0.19432069249451162 0.40041270367801196 0.3954233035615790
0.092045994661748398 0.19432069249451162 0.24186724424362183 0.4127568655954330
0.66394362887367597 0.33429880365729336 0.40041270367801196 0.4127568655954330
0.39509937828406688 0.4358278136700392 0.41446002051234243 0.2735994677966010
0.20994026144035161 0.4358278136700392 0.41446002051234243 0.2735994677966010
0.39509937828406688 0.13748765066266061 0.41446002051234243 0.2735994677966010
0.39509937828406688 0.4358278136700392 0.29149731174111371 0.2735994677966010
0.39509937828406688 0.4358278136700392 0.41446002051234243 0.2962075379618140
0.20994026144035161 0.13748765066266061 0.29149731174111371 0.2962075379618140
0.41712911478243764 0.23614772111177446 0.22186520993709566 0.1170575798554760
0.61536759338341651 0.23614772111177446 0.22186520993709566 0.1170575798554760
0.41712911478243764 0.19004467278718951 0.22186520993709566 0.1170575798554760
0.41712911478243764 0.23614772111177446 0.35711221322417264 0.1170575798554760
0.41712911478243764 0.23614772111177446 0.22186520993709566 0.0269644211476389
0.61536759338341651 0.19004467278718951 0.35711221322417264 0.0269644211476389
0.070177391590550545 0.3962033905088902 0.44758767709136016 0.4736940131665360
0.094708332605659959 0.3962033905088902 0.44758767709136016 0.4736940131665360
0.070177391590550545 0.39325307011604316 0.44758767709136016 0.4736940131665360
0.070177391590550545 0.3962033905088902 0.14726692996919155 0.4736940131665360
0.070177391590550545 0.3962033905088902 0.44758767709136016 0.4594834414007380
0.094708332605659959 0.39325307011604316 0.14726692996919155 0.4594834414007380
0.26528368354775012 0.14487310163676739 0.1356379106640816 0.2257102218178490
0.27069202074781057 0.14487310163676739 0.1356379106640816 0.2257102218178490
0.26528368354775012 0.49293787591159344 0.1356379106640816 0.2257102218178490
0.26528368354775012 0.14487310163676739 0.44156947657465939 0.2257102218178490
0.26528368354775012 0.14487310163676739 0.1356379106640816 0.4044357969873540
0.27069202074781057 0.49293787591159344 0.44156947657465939 0.4044357969873540
0.54682449246756726 0.48444532640278337 0.30822937265038491 0.4282113508769700
0.44064350374974304 0.48444532640278337 0.30822937265038491 0.4282113508769700
0.54682449246756726 0.28977391980588441 0.30822937265038491 0.4282113508769700
0.54682449246756726 0.48444532640278337 0.25053585432469849 0.4282113508769700
0.54682449246756726 0.48444532640278337 0.30822937265038491 0.3222798730733330
0.44064350374974304 0.28977391980588441 0.25053585432469849 0.3222798730733330
0.68246969189494844 0.15973643586039543 0.46496656052768237 0.3643589487105240
0.48564495695754878 0.15973643586039543 0.46496656052768237 0.3643589487105240
0.68246969189494844 0.1020864624530077 0.46496656052768237 0.3643589487105240
0.68246969189494844 0.15973643586039543 0.46351155303418634 0.3643589487105240
0.68246969189494844 0.15973643586039543 0.46496656052768237 0.3790767140365850
0.48564495695754878 0.1020864624530077 0.46351155303418634 0.3790767140365850
0.33053932851180429 0.41958428025245664 0.29081253297626974 0.2949032202750300
0.30552257788367565 0.41958428025245664 0.29081253297626974 0.2949032202750300
0.33053932851180429 0.30524688996374605 0.29081253297626974 0.2949032202750300
0.33053932851180429 0.41958428025245664 0.22876470014452935 0.2949032202750300
0.33053932851180429 0.41958428025245664 0.29081253297626974 0.2108748849429360
0.30552257788367565 0.30524688996374605 0.22876470014452935 0.2108748849429360
0.20558455148711796 0.27129680253565314 0.37912941537797451 0.4435858071957990
0.14095451789908109 0.27129680253565314 0.37912941537797451 0.4435858071957990
0.20558455148711796 0.40556494668126108 0.37912941537797451 0.4435858071957990
0.20558455148711796 0.27129680253565314 0.33546310625970366 0.4435858071957990
0.20558455148711796 0.27129680253565314 0.37912941537797451 0.1807458570217910
0.14095451789908109 0.40556494668126108 0.33546310625970366 0.1807458570217910
0.48198802396655077 0.31105202101171014 0.15184456147253514 0.1785379593846950
0.65147263482213014 0.31105202101171014 0.15184456147253514 0.1785379593846950
0.48198802396655077 0.20235435590147974 0.15184456147253514 0.1785379593846950
0.48198802396655077 0.31105202101171014 0.1695263646543026 0.1785379593846950
0.48198802396655077 0.31105202101171014 0.15184456147253514 0.4829178096297180
0.65147263482213014 0.20235435590147974 0.1695263646543026 0.4829178096297180
0.46953485049307342 0.25772873833775523 0.43102417476475241 0.4068353387081180
0.21414321796037256 0.25772873833775523 0.43102417476475241 0.4068353387081180
0.46953485049307342 0.32492964975535871 0.43102417476475241 0.4068353387081180
0.46953485049307342 0.25772873833775523 0.20832808688282967 0.4068353387081180
0.46953485049307342 0.25772873833775523 0.43102417476475241 0.2069877264588140
0.21414321796037256 0.32492964975535871 0.20832808688282967 0.2069877264588140
0.17789251850917936 0.32227633446455006 0.20049835555255413 0.2577307068826910
0.41456275479868049 0.32227633446455006 0.20049835555255413 0.2577307068826910
0.17789251850917936 0.12183855436742307 0.20049835555255413 0.2577307068826910
0.17789251850917936 0.32227633446455006 0.49937162809073932 0.2577307068826910
0.17789251850917936 0.32227633446455006 0.20049835555255413 0.4718222077500770
0.41456275479868049 0.12183855436742307 0.49937162809073932 0.4718222077500770
0.2972927960567176 0.17407354898750782 0.31393773593008523 0.4907005349961970
0.56007777284830806 0.17407354898750782 0.31393773593008523 0.4907005349961970
0.2972927960567176 0.22059562355279924 0.31393773593008523 0.4907005349961970
0.2972927960567176 0.17407354898750782 0.19259959831833839 0.4907005349961970
0.2972927960567176 0.17407354898750782 0.31393773593008523 0.3648950924359830
0.56007777284830806 0.22059562355279924 0.19259959831833839 0.3648950924359830
0.67461886946111915 0.40915341787040238 0.14278053604066374 0.0718423166458151
0.069887808104977009 0.40915341787040238 0.14278053604066374 0.0718423166458151
0.67461886946111915 0.42363350391387944 0.14278053604066374 0.0718423166458151
0.67461886946111915 0.40915341787040238 0.30243496410548687 0.0718423166458151
0.67461886946111915 0.40915341787040238 0.14278053604066374 0.2327935489148310
0.069887808104977009 0.42363350391387944 0.30243496410548687 0.2327935489148310
0.56975732329301532 0.13424682915210726 0.2870207391679287 0.1250267078372050
0.18612658567726609 0.13424682915210726 0.2870207391679287 0.1250267078372050
0.56975732329301532 0.38594538047909743 0.2870207391679287 0.1250267078372050
0.56975732329301532 0.13424682915210726 0.11482241265475751 0.1250267078372050
0.56975732329301532 0.13424682915210726 0.2870207391679287 0.3969428236161400
0.18612658567726609 0.38594538047909743 0.11482241265475751 0.3969428236161400
0.28313330435194073 0.49897784814238555 0.45661537349224091 0.4591812541368590
0.68648775885812929 0.49897784814238555 0.45661537349224091 0.4591812541368590
0.28313330435194073 0.18290530666708948 0.45661537349224091 0.4591812541368590
0.28313330435194073 0.49897784814238555 0.38077364936470992 0.4591812541368590
0.28313330435194073 0.49897784814238555 0.45661537349224091 0.3316195823776590
0.68648775885812929 0.18290530666708948 0.38077364936470992 0.3316195823776590
0.072634246246889231 0.24756744466722014 0.16954320445656779 0.3303130299297980
0.53207602878101168 0.24756744466722014 0.16954320445656779 0.3303130299297980
0.072634246246889231 0.28415109701454644 0.16954320445656779 0.3303130299297980
0.072634246246889231 0.24756744466722014 0.28659355454146862 0.3303130299297980
0.072634246246889231 0.24756744466722014 0.16954320445656779 0.0503296916537336
0.53207602878101168 0.28415109701454644 0.28659355454146862 0.0503296916537336
0.45513732894323761 0.38243991769850261 0.39850663691759114 0.3428875028926810
0.34179794332012531 0.38243991769850261 0.39850663691759114 0.3428875028926810
0.45513732894323761 0.48723866380751135 0.39850663691759114 0.3428875028926810
0.45513732894323761 0.38243991769850261 0.42132591083645821 0.3428875028926810
0.45513732894323761 0.38243991769850261 0.39850663691759114 0.4520647530352850
0.34179794332012531 0.48723866380751135 0.42132591083645821 0.4520647530352850
0.39772221772000188 0.18290107175707818 0.19328669384121897 0.4343235398153130
0.42256249208003277 0.18290107175707818 0.19328669384121897 0.4343235398153130
0.39772221772000188 0.43989409469068053 0.19328669384121897 0.4343235398153130
0.39772221772000188 0.18290107175707818 0.13069842383265495 0.4343235398153130
0.39772221772000188 0.18290107175707818 0.19328669384121897 0.4213600083764320
0.42256249208003277 0.43989409469068053 0.13069842383265495 0.4213600083764320
0.13021056596189737 0.44959118366241457 0.36288264244794843 0.1994624765716290
0.28750351569615301 0.44959118366241457 0.36288264244794843 0.1994624765716290
0.13021056596189737 0.24300693385303021 0.36288264244794843 0.1994624765716290
0.13021056596189737 0.44959118366241457 0.36470232866704466 0.1994624765716290
0.13021056596189737 0.44959118366241457 0.36288264244794843 0.2835636469930280
0.28750351569615301 0.24300693385303021 0.36470232866704466 0.2835636469930280
0.24468175806105136 0.29778408743441109 0.25080930516123773 0.3769605531381760
0.11850200244225562 0.29778408743441109 0.25080930516123773 0.3769605531381760
0.24468175806105136 0.14268888831138613 0.25080930516123773 0.3769605531381760
0.24468175806105136 0.29778408743441109 0.27140113934874532 0.3769605531381760
0.24468175806105136 0.29778408743441109 0.25080930516123773 0.0970045495097938
0.11850200244225562 0.14268888831138613 0.27140113934874532 0.0970045495097938
0.60805261777713893 0.33149085305631165 0.4797744274139405 0.2799636064936380
0.59284344026818869 0.33149085305631165 0.4797744274139405 0.2799636064936380
0.60805261777713893 0.33962621241807939 0.4797744274139405 0.2799636064936380
0.60805261777713893 0.33149085305631165 0.43671364150941372 0.2799636064936380
0.60805261777713893 0.33149085305631165 0.4797744274139405 0.4447505954707580
0.59284344026818869 0.33962621241807939 0.43671364150941372 0.4447505954707580
0.62253692974336439 0.20639505535364153 0.34979510046541695 0.2432353500894130
0.63781513762660325 0.20639505535364153 0.34979510046541695 0.2432353500894130
0.62253692974336439 0.45232573375105856 0.34979510046541695 0.2432353500894130
0.62253692974336439 0.20639505535364153 0.24930022917687894 0.2432353500894130
0.62253692974336439 0.20639505535364153 0.34979510046541695 0.1268925140997200
0.63781513762660325 0.45232573375105856 0.24930022917687894 0.1268925140997200
0.34984829290769986 0.37287759557366373 0.11926754377782345 0.4177762726796250
0.15334247900173067 0.37287759557366373 0.11926754377782345 0.4177762726796250
0.34984829290769986 0.25539212897419927 0.11926754377782345 0.4177762726796250
0.34984829290769986 0.37287759557366373 0.45820417627692223 0.4177762726796250
0.34984829290769986 0.37287759557366373 0.11926754377782345 0.4945897502363480
0.15334247900173067 0.25539212897419927 0.45820417627692223 0.4945897502363480
0.14429814699105917 0.12430245988070965 0.4077080447226763 0.0919265892223465
0.33377945199608799 0.12430245988070965 0.4077080447226763 0.0919265892223465
0.14429814699105917 0.15570731200277807 0.4077080447226763 0.0919265892223465
0.14429814699105917 0.12430245988070965 0.15250636599957945 0.0919265892223465
0.14429814699105917 0.12430245988070965 0.4077080447226763 0.3613563678308870
0.33377945199608799 0.15570731200277807 0.15250636599957945 0.3613563678308870
0.50265070819295943 0.45819208510220055 0.23654948286712171 0.4818505015584910
0.45865761893801382 0.45819208510220055 0.23654948286712171 0.4818505015584910
0.50265070819295943 0.35259647555649287 0.23654948286712171 0.4818505015584910
0.50265070819295943 0.45819208510220055 0.34272351190447808 0.4818505015584910
0.50265070819295943 0.45819208510220055 0.23654948286712171 0.2551403674923790
0.45865761893801382 0.35259647555649287 0.34272351190447808 0.2551403674923790
0.51050520879216488 0.21285665780305862 0.12901976034045221 0.3476181296805970
0.19694722881540655 0.21285665780305862 0.12901976034045221 0.3476181296805970
0.51050520879216488 0.3481970760971308 0.12901976034045221 0.3476181296805970
0.51050520879216488 0.21285665780305862 0.19922163859009745 0.3476181296805970
0.51050520879216488 0.21285665780305862 0.12901976034045221 0.2874780275789550
0.19694722881540655 0.3481970760971308 0.19922163859009745 0.2874780275789550
0.13691844693385063 0.35396672859787948 0.30171046853065492 0.3335030812826580
0.67697668303735548 0.35396672859787948 0.30171046853065492 0.3335030812826580
0.13691844693385063 0.14506163485348225 0.30171046853065492 0.3335030812826580
0.13691844693385063 0.35396672859787948 0.30828276388347153 0.3335030812826580
0.13691844693385063 0.35396672859787948 0.30171046853065492 0.4289460803761870
0.67697668303735548 0.14506163485348225 0.30828276388347153 0.4289460803761870
0.33691411758773021 0.10566473715007306 0.21505183652043344 0.4656888807669090
0.50098290960304437 0.10566473715007306 0.21505183652043344 0.4656888807669090
0.33691411758773021 0.24376529976725581 0.21505183652043344 0.4656888807669090
0.33691411758773021 0.10566473715007306 0.20248729661107065 0.4656888807669090
0.33691411758773021 0.10566473715007306 0.21505183652043344 0.4423764933705830
0.50098290960304437 0.24376529976725581 0.20248729661107065 0.4423764933705830
0.63499382496811441 0.46418217904865744 0.44087337106466296 0.1447001805629960
0.37166153825819487 0.46418217904865744 0.44087337106466296 0.1447001805629960
0.63499382496811441 0.44695433750748637 0.44087337106466296 0.1447001805629960
0.63499382496811441 0.46418217904865744 0.4927425783127547 0.1447001805629960
0.63499382496811441 0.46418217904865744 0.44087337106466296 0.0778881442491992
0.37166153825819487 0.44695433750748637 0.4927425783127547 0.0778881442491992
0.61067065065726633 0.18927711769938471 0.38589407391846187 0.0485741955218510
0.24525620504282414 0.18927711769938471 0.38589407391846187 0.0485741955218510
0.61067065065726633 0.35965366661548615 0.38589407391846187 0.0485741955218510
0.61067065065726633 0.18927711769938471 0.28071597628295419 0.0485741955218510
0.61067065065726633 0.18927711769938471 0.38589407391846187 0.4965406698152870
0.24525620504282414 0.35965366661548615 0.28071597628295419 0.4965406698152870
0.2422212203964591 0.43057056069374089 0.15850992612540724 0.4848070565688640
0.3847586957737803 0.43057056069374089 0.15850992612540724 0.4848070565688640
0.2422212203964591 0.15646872967481615 0.15850992612540724 0.4848070565688640
0.2422212203964591 0.43057056069374089 0.4146847732365132 0.4848070565688640
0.2422212203964591 0.43057056069374089 0.15850992612540724 0.1440491200677210
0.3847586957737803 0.15646872967481615 0.4146847732365132 0.1440491200677210
0.11235722824931144 0.27925631143152718 0.47153581716120241 0.2537382935636650
0.54931668983772397 0.27925631143152718 0.47153581716120241 0.2537382935636650
0.11235722824931144 0.25776182375848294 0.47153581716120241 0.2537382935636650
0.11235722824931144 0.27925631143152718 0.12148124091327191 0.2537382935636650
0.11235722824931144 0.27925631143152718 0.47153581716120241 0.2508622103557640
0.54931668983772397 0.25776182375848294 0.12148124091327191 0.2508622103557640
0.41541558066383 0.33756631277501581 0.29728267453610902 0.4029483077823250
0.079418766358867285 0.33756631277501581 0.29728267453610902 0.4029483077823250
0.41541558066383 0.46089964918792248 0.29728267453610902 0.4029483077823250
0.41541558066383 0.33756631277501581 0.38663353696465497 0.4029483077823250
0.41541558066383 0.33756631277501581 0.29728267453610902 0.3518536031912360
0.079418766358867285 0.46089964918792248 0.38663353696465497 0.3518536031912360
0.43744287635199719 0.14027508199214936 0.49217260517179973 0.4793897114440680
0.6485957931261509 0.14027508199214936 0.49217260517179973 0.4793897114440680
0.43744287635199719 0.41350625045597555 0.49217260517179973 0.4793897114440680
0.43744287635199719 0.14027508199214936 0.26475604400038721 0.4793897114440680
0.43744287635199719 0.14027508199214936 0.49217260517179973 0.4696828110193220
0.6485957931261509 0.41350625045597555 0.26475604400038721 0.4696828110193220
0.090486184367910033 0.48040267452597618 0.26478981934487822 0.0875895965631264
0.1437914155423641 0.48040267452597618 0.26478981934487822 0.0875895965631264
0.090486184367910033 0.21666648723185064 0.26478981934487822 0.0875895965631264
0.090486184367910033 0.48040267452597618 0.4308400209993124 0.0875895965631264
0.090486184367910033 0.48040267452597618 0.26478981934487822 0.1922628718071230
0.1437914155423641 0.21666648723185064 0.4308400209993124 0.1922628718071230
0.28559245211072265 0.22869168482720853 0.35281373150646689 0.4107064112697570
0.30264635486528274 0.22869168482720853 0.35281373150646689 0.4107064112697570
0.28559245211072265 0.11639879718422891 0.35281373150646689 0.4107064112697570
0.28559245211072265 0.22869168482720853 0.13656226918101311 0.4107064112697570
0.28559245211072265 0.22869168482720853 0.35281373150646689 0.2372631917157020
0.30264635486528274 0.11639879718422891 0.13656226918101311 0.2372631917157020
0.56713821045123036 0.38896101750433443 0.17856232635676861 0.2290140936268470
0.48848123592324549 0.38896101750433443 0.17856232635676861 0.2290140936268470
0.56713821045123036 0.31318801566958432 0.17856232635676861 0.2290140936268470
0.56713821045123036 0.38896101750433443 0.37135719917714594 0.2290140936268470
0.56713821045123036 0.38896101750433443 0.17856232635676861 0.3740339904941270
0.48848123592324549 0.31318801566958432 0.37135719917714594 0.3740339904941270
0.66216088458895683 0.2638667471706867 0.24780247583985329 0.2924121755976140
0.45363611141219728 0.2638667471706867 0.24780247583985329 0.2924121755976140
0.66216088458895683 0.47550008147954947 0.24780247583985329 0.2924121755976140
0.66216088458895683 0.2638667471706867 0.15835783742368223 0.2924121755976140
0.66216088458895683 0.2638667471706867 0.24780247583985329 0.3281904130169770
0.45363611141219728 0.47550008147954947 0.15835783742368223 0.3281904130169770
0.31022557178512211 0.30378671735525131 0.42049149423837662 0.3848351132270660
0.25766008892096576 0.30378671735525131 0.42049149423837662 0.3848351132270660
0.31022557178512211 0.27870828807353976 0.42049149423837662 0.3848351132270660
0.31022557178512211 0.30378671735525131 0.34934188053011894 0.3848351132270660
0.31022557178512211 0.30378671735525131 0.42049149423837662 0.3884653970958470
0.25766008892096576 0.27870828807353976 0.34934188053011894 0.3884653970958470
0.18527082866057754 0.15511242337524891 0.10883469805121422 0.2028407149117290
0.10770156136713921 0.15511242337524891 0.10883469805121422 0.2028407149117290
0.18527082866057754 0.17897922210395337 0.10883469805121422 0.2028407149117290
0.18527082866057754 0.15511242337524891 0.24266750775277615 0.2028407149117290
0.18527082866057754 0.15511242337524891 0.10883469805121422 0.4543481473547640
0.10770156136713921 0.17897922210395337 0.24266750775277615 0.4543481473547640
0.46167926993221037 0.41556457094848154 0.33465491831302641 0.4372085555394410
0.60233504045754671 0.41556457094848154 0.33465491831302641 0.4372085555394410
0.46167926993221037 0.37581507526338098 0.33465491831302641 0.4372085555394410
0.46167926993221037 0.41556457094848154 0.45236705765128138 0.4372085555394410
0.46167926993221037 0.41556457094848154 0.33465491831302641 0.0706180060485615
0.60233504045754671 0.37581507526338098 0.45236705765128138 0.0706180060485615
0.48984364811331027 0.16576301977038382 0.2575739398598671 0.2707951480975100
0.34911740948446091 0.16576301977038382 0.2575739398598671 0.2707951480975100
0.48984364811331027 0.29834173098206518 0.2575739398598671 0.2707951480975100
0.48984364811331027 0.16576301977038382 0.31352910473942758 0.2707951480975100
0.48984364811331027 0.16576301977038382 0.2575739398598671 0.4661149448285340
0.34911740948446091 0.29834173098206518 0.31352910473942758 0.4661149448285340
0.19820628492161629 0.40100772380828864 0.48643981590867047 0.3920925395622900
0.52479658415541053 0.40100772380828864 0.48643981590867047 0.3920925395622900
0.19820628492161629 0.49530146643519402 0.48643981590867047 0.3920925395622900
0.19820628492161629 0.40100772380828864 0.1787471454590559 0.3920925395622900
0.19820628492161629 0.40100772380828864 0.48643981590867047 0.0341498479903034
0.52479658415541053 0.49530146643519402 0.1787471454590559 0.0341498479903034
0.31760650919750327 0.25242271162569524 0.19985592663288118 0.0207076857708102
0.69380784370005122 0.25242271162569524 0.19985592663288118 0.0207076857708102
0.31760650919750327 0.39400838501751423 0.19985592663288118 0.0207076857708102
0.31760650919750327 0.25242271162569524 0.4855432070791722 0.0207076857708102
0.31760650919750327 0.25242271162569524 0.19985592663288118 0.3115578001622190
0.69380784370005122 0.39400838501751423 0.4855432070791722 0.3115578001622190
0.69492763318121431 0.31757450364530088 0.36935280784964564 0.4929945514219450
0.17884652237407861 0.31757450364530088 0.36935280784964564 0.4929945514219450
0.69492763318121431 0.19709576107561588 0.36935280784964564 0.4929945514219450
0.69492763318121431 0.31757450364530088 0.21944626085460187 0.4929945514219450
0.69492763318121431 0.31757450364530088 0.36935280784964564 0.4017116141504210
0.17884652237407861 0.19709576107561588 0.21944626085460187 0.4017116141504210
0.54944357140921052 0.24228425174951554 0.40108987055718903 0.4564475313528470
0.052451103739440445 0.24228425174951554 0.40108987055718903 0.4564475313528470
0.54944357140921052 0.20940849594771863 0.40108987055718903 0.4564475313528470
0.54944357140921052 0.24228425174951554 0.40703362338244919 0.4564475313528470
0.54944357140921052 0.24228425174951554 0.40108987055718903 0.2249297158380940
0.052451103739440445 0.20940849594771863 0.40703362338244919 0.2249297158380940
0.26282450188882645 0.37771219983696935 0.23003060258924962 0.1656982666035140
0.57755387886427345 0.37771219983696935 0.23003060258924962 0.1656982666035140
0.26282450188882645 0.4063172098249197 0.23003060258924962 0.1656982666035140
0.26282450188882645 0.37771219983696935 0.29734551683068278 0.1656982666035140
0.26282450188882645 0.37771219983696935 0.23003060258924962 0.3820101524651910
0.57755387886427345 0.4063172098249197 0.29734551683068278 0.3820101524651910
0.052325487369671464 0.12591345421969891 0.3429817032068968 0.3599065066612530
0.39712667153216891 0.12591345421969891 0.3429817032068968 0.3599065066612530
0.052325487369671464 0.30761353224515919 0.3429817032068968 0.3599065066612530
0.052325487369671464 0.12591345421969891 0.39155040793120865 0.3599065066612530
0.052325487369671464 0.12591345421969891 0.3429817032068968 0.4766997824309880
0.39712667153216891 0.30761353224515919 0.39155040793120865 0.4766997824309880
0.43482360127381975 0.49085805304348473 0.11255326159298421 0.3190623155151920
0.2316187028773129 0.49085805304348473 0.11255326159298421 0.3190623155151920
0.43482360127381975 0.11065122187137605 0.11255326159298421 0.3190623155151920
0.43482360127381975 0.49085805304348473 0.10055491998791695 0.3190623155151920
0.43482360127381975 0.49085805304348473 0.11255326159298421 0.1755827271671860
0.2316187028773129 0.11065122187137605 0.10055491998791695 0.1755827271671860
0.37740597175434226 0.29361783936619756 0.3198729913681746 0.1833726214325650
0.47609327360987658 0.29361783936619756 0.3198729913681746 0.1833726214325650
0.37740597175434226 0.16335472986102106 0.3198729913681746 0.1833726214325650
0.37740597175434226 0.29361783936619756 0.44741982743144038 0.1833726214325650
0.37740597175434226 0.29361783936619756 0.3198729913681746 0.2648062343222560
0.47609327360987658 0.16335472986102106 0.44741982743144038 0.2648062343222560
0.10989928878843784 0.3271110340952873 0.14881198592483999 0.4469630682801710
0.31630385327152905 0.3271110340952873 0.14881198592483999 0.4469630682801710
0.10989928878843784 0.36642131581902504 0.14881198592483999 0.4469630682801710
0.10989928878843784 0.3271110340952873 0.25715462826192381 0.4469630682801710
0.10989928878843784 0.3271110340952873 0.14881198592483999 0.3411454398444390
0.31630385327152905 0.36642131581902504 0.25715462826192381 0.3411454398444390
0.22437051478773351 0.17568463869392872 0.4367642071098089 0.3077637829977830
0.17077875477261839 0.17568463869392872 0.4367642071098089 0.3077637829977830
0.22437051478773351 0.46615037061274056 0.4367642071098089 0.3077637829977830
0.22437051478773351 0.17568463869392872 0.35048061236739159 0.3077637829977830
0.22437051478773351 0.17568463869392872 0.4367642071098089 0.4911899188394610
0.17077875477261839 0.46615037061274056 0.35048061236739159 0.4911899188394610
0.58773642508313062 0.44181929044425494 0.20633440352976323 0.3733061438824700
0.6203389178030192 0.44181929044425494 0.20633440352976323 0.3733061438824700
0.58773642508313062 0.26303972490131855 0.20633440352976323 0.3733061438824700
0.58773642508313062 0.44181929044425494 0.14142940603196621 0.3733061438824700
0.58773642508313062 0.44181929044425494 0.20633440352976323 0.1589179527386790
0.6203389178030192 0.26303972490131855 0.14142940603196621 0.1589179527386790
0.6428482117597013 0.11710887253284455 0.16385211348533629 0.4207522657462450
0.58552354671992357 0.11710887253284455 0.16385211348533629 0.4207522657462450
0.6428482117597013 0.12573991380631924 0.16385211348533629 0.4207522657462450
0.6428482117597013 0.11710887253284455 0.32881917916238312 0.4207522657462450
0.6428482117597013 0.11710887253284455 0.16385211348533629 0.4309741944983080
0.58552354671992357 0.12573991380631924 0.32881917916238312 0.4309741944983080
0.37016452434472735 0.45039429292082789 0.39271930381655695 0.2096217771208500
0.12578257182613015 0.45039429292082789 0.39271930381655695 0.2096217771208500
0.37016452434472735 0.32885294370353224 0.39271930381655695 0.2096217771208500
0.37016452434472735 0.45039429292082789 0.16365238651633263 0.2096217771208500
0.37016452434472735 0.45039429292082789 0.39271930381655695 0.1076517571738330
0.12578257182613015 0.32885294370353224 0.16365238651633263 0.1076517571738330
0.16461435421369969 0.20220597349107267 0.28113424628973005 0.4706193194158130
0.28018424082547422 0.20220597349107267 0.28113424628973005 0.4706193194158130
0.16461435421369969 0.42912064492702484 0.28113424628973005 0.4706193194158130
0.16461435421369969 0.20220597349107267 0.46937423013150692 0.4706193194158130
0.16461435421369969 0.20220597349107267 0.28113424628973005 0.3073942625369590
0.28018424082547422 0.42912064492702484 0.46937423013150692 0.3073942625369590
0.52296194662339979 0.36852366365492351 0.45063281729817395 0.1114500667761770
0.429842442786321 0.36852366365492351 0.45063281729817395 0.1114500667761770
0.52296194662339979 0.2260581597685814 0.45063281729817395 0.1114500667761770
0.52296194662339979 0.36852366365492351 0.23541992828249933 0.1114500667761770
0.52296194662339979 0.36852366365492351 0.45063281729817395 0.4153916223458560
0.429842442786321 0.2260581597685814 0.23541992828249933 0.4153916223458560
