0.53320119869895277 0.13775401338934901 0.14462963230907919 0.4660538127602270
0.61041206885129207 0.13775401338934901 0.14462963230907919 0.4660538127602270
0.53320119869895277 0.21725677587091924 0.14462963230907919 0.4660538127602270
0.53320119869895277 0.13775401338934901 0.31913477443158628 0.4660538127602270
0.53320119869895277 0.13775401338934901 0.14462963230907919 0.1714063449945580
0.61041206885129207 0.21725677587091924 0.31913477443158628 0.1714063449945580
0.15453135273419319 0.4790655583143234 0.32360059730708601 0.1427189282751260
0.099572462355718011 0.4790655583143234 0.32360059730708601 0.1427189282751260
0.15453135273419319 0.41409396417438982 0.32360059730708601 0.1427189282751260
0.15453135273419319 0.4790655583143234 0.18585510179400444 0.1427189282751260
0.15453135273419319 0.4790655583143234 0.32360059730708601 0.4780421779564560
0.099572462355718011 0.41409396417438982 0.18585510179400444 0.4780421779564560
0.35993241067044429 0.23078568018972875 0.21191752590239049 0.3465238898930620
0.26572719910182058 0.23078568018972875 0.21191752590239049 0.3465238898930620
0.35993241067044429 0.31533975526690483 0.21191752590239049 0.3465238898930620
0.35993241067044429 0.23078568018972875 0.47837504111230378 0.3465238898930620
0.35993241067044429 0.23078568018972875 0.21191752590239049 0.3859636020755930
0.26572719910182058 0.31533975526690483 0.47837504111230378 0.3859636020755930
0.65291911573149264 0.3890650507062674 0.43150768242776394 0.3339983582867720
0.44553676703944795 0.3890650507062674 0.43150768242776394 0.3339983582867720
0.65291911573149264 0.11855005994439126 0.43150768242776394 0.3339983582867720
0.65291911573149264 0.3890650507062674 0.2139008067548275 0.3339983582867720
0.65291911573149264 0.3890650507062674 0.43150768242776394 0.2193492578595970
0.44553676703944795 0.11855005994439126 0.2139008067548275 0.2193492578595970
0.59781972682103512 0.2643606409430504 0.38902826532721524 0.2527672868202280
0.48051059585995964 0.2643606409430504 0.38902826532721524 0.2527672868202280
0.59781972682103512 0.28124032914638519 0.38902826532721524 0.2527672868202280
0.59781972682103512 0.2643606409430504 0.40014617070555691 0.2527672868202280
0.59781972682103512 0.2643606409430504 0.38902826532721524 0.3995154761881200
0.48051059585995964 0.28124032914638519 0.40014617070555691 0.3995154761881200
0.21413096245378255 0.3054893262684345 0.16787573397159578 0.4037430490025900
0.31088230712339276 0.3054893262684345 0.16787573397159578 0.4037430490025900
0.21413096245378255 0.47802783101797108 0.16787573397159578 0.4037430490025900
0.21413096245378255 0.3054893262684345 0.29195880256593232 0.4037430490025900
0.21413096245378255 0.3054893262684345 0.16787573397159578 0.3138797466910690
0.31088230712339276 0.47802783101797108 0.29195880256593232 0.3138797466910690
0.099828685075044638 0.1541666965931654 0.45592601671814925 0.0504434511461438
0.13585053011775017 0.1541666965931654 0.45592601671814925 0.0504434511461438
0.099828685075044638 0.37678490243852136 0.45592601671814925 0.0504434511461438
0.099828685075044638 0.1541666965931654 0.39687536284327507 0.0504434511461438
0.099828685075044638 0.1541666965931654 0.45592601671814925 0.0437710597674972
0.13585053011775017 0.37678490243852136 0.39687536284327507 0.0437710597674972
0.38763778517022723 0.41265363879501826 0.27539247423410418 0.4843804414532680
0.65682182717137039 0.41265363879501826 0.27539247423410418 0.4843804414532680
0.38763778517022723 0.17994418554008007 0.27539247423410418 0.4843804414532680
0.38763778517022723 0.41265363879501826 0.10750413797795773 0.4843804414532680
0.38763778517022723 0.41265363879501826 0.27539247423410418 0.4634728152944150
0.65682182717137039 0.17994418554008007 0.10750413797795773 0.4634728152944150
0.42458203430287533 0.21536469832062721 0.48280662968754773 0.4101693205786800
0.087228080490604043 0.21536469832062721 0.48280662968754773 0.4101693205786800
0.42458203430287533 0.14603956826031209 0.48280662968754773 0.4101693205786800
0.42458203430287533 0.21536469832062721 0.44188735298812387 0.4101693205786800
0.42458203430287533 0.21536469832062721 0.48280662968754773 0.4185979040579080
0.087228080490604043 0.14603956826031209 0.44188735298812387 0.4185979040579080
0.062405844638124111 0.35531534701585776 0.26165579408407214 0.2302071351024230
0.54155448721721766 0.35531534701585776 0.26165579408407214 0.2302071351024230
0.062405844638124111 0.34917834736406805 0.26165579408407214 0.2302071351024230
0.062405844638124111 0.35531534701585776 0.25002230480313303 0.2302071351024230
0.062405844638124111 0.35531534701585776 0.26165579408407214 0.3024916675724950
0.54155448721721766 0.34917834736406805 0.25002230480313303 0.3024916675724950
0.27305399072356518 0.10360816009342672 0.37470414564013488 0.4800110096681790
0.39253825526684516 0.10360816009342672 0.37470414564013488 0.4800110096681790
0.27305399072356518 0.44949353113770485 0.37470414564013488 0.4800110096681790
0.27305399072356518 0.10360816009342672 0.35757558457553384 0.4800110096681790
0.27305399072356518 0.10360816009342672 0.37470414564013488 0.1035520362342090
0.39253825526684516 0.44949353113770485 0.35757558457553384 0.1035520362342090
0.53937033317051819 0.46404225341975691 0.19417191147804261 0.0860900486270680
0.23750392063520848 0.46404225341975691 0.19417191147804261 0.0860900486270680
0.53937033317051819 0.24631031081080437 0.19417191147804261 0.0860900486270680
0.53937033317051819 0.46404225341975691 0.1469992257654667 0.0860900486270680
0.53937033317051819 0.46404225341975691 0.19417191147804261 0.4328600777191670
0.23750392063520848 0.24631031081080437 0.1469992257654667 0.4328600777191670
0.68484695628285408 0.18874580264091492 0.22591218091547491 0.2035117606397750
0.3637405667454004 0.18874580264091492 0.22591218091547491 0.2035117606397750
0.68484695628285408 0.15860702246427538 0.22591218091547491 0.2035117606397750
0.68484695628285408 0.18874580264091492 0.33577982559800146 0.2035117606397750
0.68484695628285408 0.18874580264091492 0.22591218091547491 0.1655380739834230
0.3637405667454004 0.15860702246427538 0.33577982559800146 0.1655380739834230
0.32784839579835529 0.42890384718775754 0.40488178990781309 0.4364137027054170
0.50863360981456929 0.42890384718775754 0.40488178990781309 0.4364137027054170
0.32784839579835529 0.36179396212100989 0.40488178990781309 0.4364137027054170
0.32784839579835529 0.42890384718775754 0.16901473514735699 0.4364137027054170
0.32784839579835529 0.42890384718775754 0.40488178990781309 0.4885487771348080
0.50863360981456929 0.36179396212100989 0.16901473514735699 0.4885487771348080
0.20827920353040097 0.28021506927907469 0.11820060200989246 0.2910280532728130
0.66906562973745165 0.28021506927907469 0.11820060200989246 0.2910280532728130
0.20827920353040097 0.46147591881453998 0.11820060200989246 0.2910280532728130
0.20827920353040097 0.28021506927907469 0.4639760799705982 0.2910280532728130
0.20827920353040097 0.28021506927907469 0.11820060200989246 0.3389136107782050
0.66906562973745165 0.46147591881453998 0.4639760799705982 0.3389136107782050
0.47961447890847914 0.3404657397419214 0.33778901509940629 0.3853424562335290
0.20456817438825964 0.3404657397419214 0.33778901509940629 0.3853424562335290
0.47961447890847914 0.25833914242684841 0.33778901509940629 0.3853424562335290
0.47961447890847914 0.3404657397419214 0.22849507741630079 0.3853424562335290
0.47961447890847914 0.3404657397419214 0.33778901509940629 0.2679517876772360
0.20456817438825964 0.25833914242684841 0.22849507741630079 0.2679517876772360
0.47191831860691302 0.29065813273191454 0.26695815585553651 0.0231472760505417
0.41727967015467576 0.29065813273191454 0.26695815585553651 0.0231472760505417
0.47191831860691302 0.36740449443459511 0.26695815585553651 0.0231472760505417
0.47191831860691302 0.29065813273191454 0.1923334237188101 0.0231472760505417
0.47191831860691302 0.29065813273191454 0.26695815585553651 0.3544020864138540
0.41727967015467576 0.36740449443459511 0.1923334237188101 0.3544020864138540
0.17518795309588314 0.32611642554402354 0.48955560065805914 0.4927034123089760
0.29271477926522488 0.32611642554402354 0.48955560065805914 0.4927034123089760
0.17518795309588314 0.16434296295046807 0.48955560065805914 0.4927034123089760
0.17518795309588314 0.32611642554402354 0.30289681181311612 0.4927034123089760
0.17518795309588314 0.32611642554402354 0.48955560065805914 0.2481060061185690
0.29271477926522488 0.16434296295046807 0.30289681181311612 0.2481060061185690
0.29999364214017982 0.17753369025886059 0.17799615077674391 0.2701214642238010
0.11322971740737557 0.17753369025886059 0.17799615077674391 0.2701214642238010
0.29999364214017982 0.26558588035404684 0.17799615077674391 0.2701214642238010
0.29999364214017982 0.17753369025886059 0.20781301520764828 0.2701214642238010
0.29999364214017982 0.17753369025886059 0.17799615077674391 0.1363648323040860
0.11322971740737557 0.26558588035404684 0.20781301520764828 0.1363648323040860
0.67223168201744554 0.44245971031486986 0.35371258445084097 0.3930945143894430
0.59802433052100235 0.44245971031486986 0.35371258445084097 0.3930945143894430
0.67223168201744554 0.46870062686502934 0.35371258445084097 0.3930945143894430
0.67223168201744554 0.44245971031486986 0.49969103261828429 0.3930945143894430
0.67223168201744554 0.44245971031486986 0.35371258445084097 0.4988622382936810
0.59802433052100235 0.46870062686502934 0.49969103261828429 0.4988622382936810
0.57722140564583235 0.1173594318330288 0.42294976562261588 0.3590509995868260
0.63302791519090529 0.1173594318330288 0.42294976562261588 0.3590509995868260
0.57722140564583235 0.33099819831550126 0.42294976562261588 0.3590509995868260
0.57722140564583235 0.1173594318330288 0.28632240816950799 0.3590509995868260
0.57722140564583235 0.1173594318330288 0.42294976562261588 0.0830386994825160
0.63302791519090529 0.33099819831550126 0.28632240816950799 0.0830386994825160
0.2753530838061124 0.45263473093509676 0.24567070677876474 0.3197985012649190
0.15837490600533782 0.45263473093509676 0.24567070677876474 0.3197985012649190
0.2753530838061124 0.12788545452058317 0.24567070677876474 0.3197985012649190
0.2753530838061124 0.45263473093509676 0.42179196737706659 0.3197985012649190
0.2753530838061124 0.45263473093509676 0.24567070677876474 0.4408511021023360
0.15837490600533782 0.12788545452058317 0.42179196737706659 0.4408511021023360
0.080415706569328907 0.20081997551023961 0.33359741568565371 0.4569655616236560
0.3289630960207432 0.20081997551023961 0.33359741568565371 0.4569655616236560
0.080415706569328907 0.22663967460393908 0.33359741568565371 0.4569655616236560
0.080415706569328907 0.20081997551023961 0.11431231126189233 0.4569655616236560
0.080415706569328907 0.20081997551023961 0.33359741568565371 0.4255357029665300
0.3289630960207432 0.22663967460393908 0.11431231126189233 0.4255357029665300
0.44767448636703189 0.36595382057130343 0.10943754836916925 0.1641508022465990
0.4636993430554866 0.36595382057130343 0.10943754836916925 0.1641508022465990
0.44767448636703189 0.42970492541790006 0.10943754836916925 0.1641508022465990
0.44767448636703189 0.36595382057130343 0.38108884654939179 0.1641508022465990
0.44767448636703189 0.36595382057130343 0.10943754836916925 0.2921185886861870
0.4636993430554866 0.42970492541790006 0.38108884654939179 0.2921185886861870
0.4051738877780735 0.16871131658554078 0.30423267185688019 0.3066704885965640
0.21940314518287773 0.16871131658554078 0.30423267185688019 0.3066704885965640
0.4051738877780735 0.49589719101786611 0.30423267185688019 0.3066704885965640
0.4051738877780735 0.16871131658554078 0.27171745412051679 0.3066704885965640
0.4051738877780735 0.16871131658554078 0.30423267185688019 0.0623659174034641
0.21940314518287773 0.49589719101786611 0.27171745412051679 0.0623659174034641
0.12243778891861438 0.40201526805758481 0.1269523046910763 0.3740184724088640
0.40936950431205327 0.40201526805758481 0.1269523046910763 0.3740184724088640
0.12243778891861438 0.29893621578812601 0.1269523046910763 0.3740184724088640
0.12243778891861438 0.40201526805758481 0.43620160594582558 0.3740184724088640
0.12243778891861438 0.40201526805758481 0.1269523046910763 0.4573642773805830
0.40936950431205327 0.29893621578812601 0.43620160594582558 0.4573642773805830
0.25245081577450035 0.25060946010053159 0.43988008648157118 0.1843932881589870
0.56536807580851012 0.25060946010053159 0.43988008648157118 0.1843932881589870
0.25245081577450035 0.19925427176058294 0.43988008648157118 0.1843932881589870
0.25245081577450035 0.25060946010053159 0.13116335682570934 0.1843932881589870
0.25245081577450035 0.25060946010053159 0.43988008648157118 0.3903895895490010
0.56536807580851012 0.19925427176058294 0.13116335682570934 0.3903895895490010
0.60059722838923335 0.3168967578560114 0.2157185234129429 0.4463437576665360
0.064684018306434152 0.3168967578560114 0.2157185234129429 0.4463437576665360
0.60059722838923335 0.39616508372128012 0.2157185234129429 0.4463437576665360
0.60059722838923335 0.3168967578560114 0.36443311050534255 0.4463437576665360
0.60059722838923335 0.3168967578560114 0.2157185234129429 0.3255251450967760
0.064684018306434152 0.39616508372128012 0.36443311050534255 0.3255251450967760
0.62491296404041341 0.24199789538979533 0.16073611490428449 0.4713962897035310
0.19093058626167475 0.24199789538979533 0.16073611490428449 0.4713962897035310
0.62491296404041341 0.40885602198541171 0.16073611490428449 0.4713962897035310
0.62491296404041341 0.24199789538979533 0.15282459929585457 0.4713962897035310
0.62491296404041341 0.24199789538979533 0.16073611490428449 0.3703009367452130
0.19093058626167475 0.40885602198541171 0.15282459929585457 0.3703009367452130
0.34715611073188479 0.37550908476114275 0.38333530314266684 0.1104029970396450
0.6814336720854044 0.37550908476114275 0.38333530314266684 0.1104029970396450
0.34715611073188479 0.21194168142974379 0.38333530314266684 0.1104029970396450
0.34715611073188479 0.37550908476114275 0.34221032075583935 0.1104029970396450
0.34715611073188479 0.37550908476114275 0.38333530314266684 0.2431432056131310
0.6814336720854044 0.21194168142974379 0.34221032075583935 0.2431432056131310
0.14699156894348561 0.12731085903942585 0.29677463732659815 0.4203932531832030
0.53687072983011597 0.12731085903942585 0.29677463732659815 0.4203932531832030
0.14699156894348561 0.11162648499011994 0.29677463732659815 0.4203932531832030
0.14699156894348561 0.12731085903942585 0.24976324215531351 0.4203932531832030
0.14699156894348561 0.12731085903942585 0.29677463732659815 0.1956169971446940
0.53687072983011597 0.11162648499011994 0.24976324215531351 0.1956169971446940
0.50027591367252167 0.49341496340930469 0.47249242700636385 0.2111762047976450
0.33677299250848586 0.49341496340930469 0.47249242700636385 0.2111762047976450
0.50027591367252167 0.30858526676893239 0.47249242700636385 0.2111762047976450
0.50027591367252167 0.49341496340930469 0.45793611519038679 0.2111762047976450
0.50027591367252167 0.49341496340930469 0.47249242700636385 0.4680236605857730
0.33677299250848586 0.30858526676893239 0.45793611519038679 0.4680236605857730
0.51289239139296106 0.2356278456747532 0.3680905416607857 0.1501934252480670
0.6437896229326725 0.2356278456747532 0.3680905416607857 0.1501934252480670
0.51289239139296106 0.39071921706199653 0.3680905416607857 0.1501934252480670
0.51289239139296106 0.2356278456747532 0.20275821946561337 0.1501934252480670
0.51289239139296106 0.2356278456747532 0.3680905416607857 0.4505099475199210
0.6437896229326725 0.39071921706199653 0.20275821946561337 0.4505099475199210
0.13421759600751101 0.39452371150255205 0.18765456452965737 0.4499709263738630
0.14884333270601927 0.39452371150255205 0.18765456452965737 0.4499709263738630
0.13421759600751101 0.18750652819871905 0.18765456452965737 0.4499709263738630
0.13421759600751101 0.39452371150255205 0.49227670356631281 0.4499709263738630
0.13421759600751101 0.39452371150255205 0.18765456452965737 0.0556023111254790
0.14884333270601927 0.18750652819871905 0.49227670356631281 0.0556023111254790
0.33961868784390387 0.14584482200443746 0.47599781453609469 0.3159999572797490
0.29784948420710861 0.14584482200443746 0.47599781453609469 0.3159999572797490
0.33961868784390387 0.28880285285413265 0.47599781453609469 0.3159999572797490
0.33961868784390387 0.14584482200443746 0.19973196946084501 0.3159999572797490
0.33961868784390387 0.14584482200443746 0.47599781453609469 0.3358231230132520
0.29784948420710861 0.28880285285413265 0.19973196946084501 0.3358231230132520
0.63261036169715223 0.48733331672847269 0.25494303330779078 0.3572892922478770
0.4935040171258151 0.48733331672847269 0.25494303330779078 0.3572892922478770
0.63261036169715223 0.49196194522082803 0.25494303330779078 0.3572892922478770
0.63261036169715223 0.48733331672847269 0.30796739086508751 0.3572892922478770
0.63261036169715223 0.48733331672847269 0.25494303330779078 0.3932148618133230
0.4935040171258151 0.49196194522082803 0.30796739086508751 0.3932148618133230
0.61813348839059468 0.16223151087760926 0.12496066652238369 0.3946873411430200
0.44837339469231657 0.16223151087760926 0.12496066652238369 0.3946873411430200
0.61813348839059468 0.30465307272970676 0.12496066652238369 0.3946873411430200
0.61813348839059468 0.16223151087760926 0.12174721583724023 0.3946873411430200
0.61813348839059468 0.16223151087760926 0.12496066652238369 0.2297424304513310
0.44837339469231657 0.30465307272970676 0.12174721583724023 0.2297424304513310
0.23443975523114202 0.42094433829188349 0.34445287026464944 0.2744133748072640
0.2628505499102175 0.42094433829188349 0.34445287026464944 0.2744133748072640
0.23443975523114202 0.1014900702983141 0.34445287026464944 0.2744133748072640
0.23443975523114202 0.42094433829188349 0.3861718472093344 0.2744133748072640
0.23443975523114202 0.42094433829188349 0.34445287026464944 0.3672579976176500
0.2628505499102175 0.1014900702983141 0.3861718472093344 0.3672579976176500
0.12013745363801717 0.2692287888377905 0.23247683160007002 0.4986741910238510
0.10240846890956162 0.2692287888377905 0.23247683160007002 0.4986741910238510
0.12013745363801717 0.20019698962569238 0.23247683160007002 0.4986741910238510
0.12013745363801717 0.2692287888377905 0.28123125359416012 0.4986741910238510
0.12013745363801717 0.2692287888377905 0.23247683160007002 0.4744503856168940
0.10240846890956162 0.20019698962569238 0.28123125359416012 0.4744503856168940
0.40795150315389034 0.31092505790293218 0.41135043390095238 0.0414894092314146
0.60753604075871404 0.31092505790293218 0.41135043390095238 0.0414894092314146
0.40795150315389034 0.40340710356831555 0.41135043390095238 0.0414894092314146
0.40795150315389034 0.31092505790293218 0.41436521671712401 0.0414894092314146
0.40795150315389034 0.31092505790293218 0.41135043390095238 0.2005282149939290
0.60753604075871404 0.40340710356831555 0.41436521671712401 0.2005282149939290
0.4448982705827802 0.11123962625861168 0.20623102001845839 0.2243689023592580
0.20173166175372897 0.11123962625861168 0.20623102001845839 0.2243689023592580
0.4448982705827802 0.46945288330316548 0.20623102001845839 0.2243689023592580
0.4448982705827802 0.11123962625861168 0.1362438302487135 0.2243689023592580
0.4448982705827802 0.11123962625861168 0.20623102001845839 0.2608649894240740
0.20173166175372897 0.46945288330316548 0.1362438302487135 0.2608649894240740
0.08271713149733842 0.47110614478588109 0.42572186775505549 0.4287798053815700
0.67194146653637288 0.47110614478588109 0.42572186775505549 0.4287798053815700
0.08271713149733842 0.27264001369476321 0.42572186775505549 0.4287798053815700
0.08271713149733842 0.47110614478588109 0.37187054231762884 0.4287798053815700
0.08271713149733842 0.47110614478588109 0.42572186775505549 0.3575822710478120
0.67194146653637288 0.27264001369476321 0.37187054231762884 0.3575822710478120
0.29336522431112821 0.21979949511587621 0.13874771259725094 0.1183084806704090
0.50579647608101364 0.21979949511587621 0.13874771259725094 0.1183084806704090
0.29336522431112821 0.17290771715343001 0.13874771259725094 0.1183084806704090
0.29336522431112821 0.21979949511587621 0.26429323069751265 0.1183084806704090
0.29336522431112821 0.21979949511587621 0.13874771259725094 0.4930295060648520
0.50579647608101364 0.17290771715343001 0.26429323069751265 0.4930295060648520
0.55968653555028136 0.3595242734998465 0.3176195714622736 0.4731205387700360
0.36661702464334661 0.3595242734998465 0.3176195714622736 0.4731205387700360
0.55968653555028136 0.36977113150060181 0.3176195714622736 0.4731205387700360
0.55968653555028136 0.3595242734998465 0.43110792413353927 0.4731205387700360
0.55968653555028136 0.3595242734998465 0.3176195714622736 0.1306073939240000
0.36661702464334661 0.36977113150060181 0.43110792413353927 0.1306073939240000
0.66453568395227192 0.284623883664608 0.46185668706893923 0.4444208360179210
0.2505368573591113 0.284623883664608 0.46185668706893923 0.4444208360179210
0.66453568395227192 0.43206851072609431 0.46185668706893923 0.4444208360179210
0.66453568395227192 0.284623883664608 0.24235096350312235 0.4444208360179210
0.66453568395227192 0.284623883664608 0.46185668706893923 0.4479376496879800
0.2505368573591113 0.43206851072609431 0.24235096350312235 0.4479376496879800
0.30753215467557304 0.34469759538769723 0.2814224056899548 0.1776732121314100
0.37954526259563859 0.34469759538769723 0.2814224056899548 0.1776732121314100
0.30753215467557304 0.23520748056471349 0.2814224056899548 0.1776732121314100
0.30753215467557304 0.34469759538769723 0.45287926904857156 0.1776732121314100
0.30753215467557304 0.34469759538769723 0.2814224056899548 0.0894401143365428
0.37954526259563859 0.23520748056471349 0.45287926904857156 0.0894401143365428
0.18796300599351523 0.1964032631367445 0.39476372450590136 0.3639082152945090
0.55458680526353421 0.1964032631367445 0.39476372450590136 0.3639082152945090
0.18796300599351523 0.13493653610348702 0.39476372450590136 0.3639082152945090
0.18796300599351523 0.1964032631367445 0.15789312794804575 0.3639082152945090
0.18796300599351523 0.1964032631367445 0.39476372450590136 0.2804249397341720
0.55458680526353421 0.13493653610348702 0.15789312794804575 0.2804249397341720
0.45930323079228397 0.43594479747116566 0.17371025159955025 0.2961774303970410
0.074235706496983772 0.43594479747116566 0.17371025159955025 0.2961774303970410
0.45930323079228397 0.33175350651144986 0.17371025159955025 0.2961774303970410
0.45930323079228397 0.43594479747116566 0.34961091689765456 0.2961774303970410
0.45930323079228397 0.43594479747116566 0.17371025159955025 0.4229942822306160
0.074235706496983772 0.33175350651144986 0.34961091689765456 0.4229942822306160
0.49222960062324994 0.18262766599655153 0.44664017483592033 0.4910436411712710
0.47097964244894674 0.18262766599655153 0.44664017483592033 0.4910436411712710
0.49222960062324994 0.24086749665439131 0.44664017483592033 0.4910436411712710
0.49222960062324994 0.18262766599655153 0.48580958805978303 0.4910436411712710
0.49222960062324994 0.18262766599655153 0.44664017483592033 0.2987372743553070
0.47097964244894674 0.24086749665439131 0.48580958805978303 0.2987372743553070
0.19550418453291057 0.44737664386630061 0.22238235473632814 0.0694434412949098
0.32164339497685429 0.44737664386630061 0.22238235473632814 0.0694434412949098
0.19550418453291057 0.43775494359433653 0.22238235473632814 0.0694434412949098
0.19550418453291057 0.44737664386630061 0.21898497566580774 0.0694434412949098
0.19550418453291057 0.44737664386630061 0.22238235473632814 0.4107351115222210
0.32164339497685429 0.43775494359433653 0.21898497566580774 0.4107351115222210
0.32030984936282036 0.29919291995465758 0.31079734638333323 0.4059571336095570
0.16565458429977298 0.29919291995465758 0.31079734638333323 0.4059571336095570
0.32030984936282036 0.33904803544282913 0.31079734638333323 0.4059571336095570
0.32030984936282036 0.29919291995465758 0.31404397748410706 0.4059571336095570
0.32030984936282036 0.29919291995465758 0.31079734638333323 0.4353181052620650
0.16565458429977298 0.33904803544282913 0.31404397748410706 0.4353181052620650
0.6925429204478859 0.33403480984270573 0.13342092484235765 0.2583199480425820
0.62570883524604137 0.33403480984270573 0.13342092484235765 0.2583199480425820
0.6925429204478859 0.14211347699165344 0.13342092484235765 0.2583199480425820
0.6925429204478859 0.33403480984270573 0.17842718288302423 0.2583199480425820
0.6925429204478859 0.33403480984270573 0.13342092484235765 0.1216238174643820
0.62570883524604137 0.14211347699165344 0.17842718288302423 0.1216238174643820
0.55690515968017273 0.20933192744851115 0.29016105718910695 0.3294973021076660
0.58054845938459032 0.20933192744851115 0.29016105718910695 0.3294973021076660
0.55690515968017273 0.25440999940037728 0.29016105718910695 0.3294973021076660
0.55690515968017273 0.20933192744851115 0.39182097241282465 0.3294973021076660
0.55690515968017273 0.20933192744851115 0.29016105718910695 0.4865333370835510
0.58054845938459032 0.25440999940037728 0.39182097241282465 0.4865333370835510
0.25504180663265286 0.3738980904221535 0.46597505621612079 0.3438692144444670
0.13066556700505316 0.3738980904221535 0.46597505621612079 0.3438692144444670
0.25504180663265286 0.45134865865111351 0.46597505621612079 0.3438692144444670
0.25504180663265286 0.3738980904221535 0.10008868835866452 0.3438692144444670
0.25504180663265286 0.3738980904221535 0.46597505621612079 0.1492457234469390
0.13066556700505316 0.45134865865111351 0.10008868835866452 0.1492457234469390
0.060104463296011088 0.12247625477612019 0.15392732359468939 0.1265732033445740
0.27523828945122658 0.12247625477612019 0.15392732359468939 0.1265732033445740
0.060104463296011088 0.35005232281982901 0.15392732359468939 0.1265732033445740
0.060104463296011088 0.12247625477612019 0.40754431113600731 0.1265732033445740
0.060104463296011088 0.12247625477612019 0.15392732359468939 0.2720414684169210
0.27523828945122658 0.35005232281982901 0.40754431113600731 0.2720414684169210
0.42735829367302353 0.45752576701343062 0.37662251852452755 0.4587329278657350
0.43471613842993967 0.45752576701343062 0.37662251852452755 0.4587329278657350
0.42735829367302353 0.1531672600656748 0.37662251852452755 0.4587329278657350
0.42735829367302353 0.45752576701343062 0.29703050218522553 0.4587329278657350
0.42735829367302353 0.45752576701343062 0.37662251852452755 0.3487935313860080
0.43471613842993967 0.1531672600656748 0.29703050218522553 0.3487935313860080
0.38486013589426871 0.25799226015806198 0.18392679728567601 0.3763425718277280
0.35424898108467456 0.25799226015806198 0.18392679728567601 0.3763425718277280
0.38486013589426871 0.11931147240102291 0.18392679728567601 0.3763425718277280
0.38486013589426871 0.25799226015806198 0.35016371123492718 0.3763425718277280
0.38486013589426871 0.25799226015806198 0.18392679728567601 0.4801168164023090
0.35424898108467456 0.11931147240102291 0.35016371123492718 0.4801168164023090
0.10212898645550011 0.32450533583760266 0.35974253974854953 0.2810426321775880
0.51943406541831783 0.32450533583760266 0.35974253974854953 0.2810426321775880
0.10212898645550011 0.32239694111049177 0.35974253974854953 0.2810426321775880
0.10212898645550011 0.32450533583760266 0.14194125905632973 0.2810426321775880
0.10212898645550011 0.32450533583760266 0.35974253974854953 0.1868892121473420
0.51943406541831783 0.32239694111049177 0.14194125905632973 0.1868892121473420
0.23214205689728257 0.17269899062812327 0.27269359119236469 0.4350330068272970
0.69890904198400672 0.17269899062812327 0.27269359119236469 0.4350330068272970
0.23214205689728257 0.42266787290573127 0.27269359119236469 0.4350330068272970
0.23214205689728257 0.17269899062812327 0.44695547632873056 0.4350330068272970
0.23214205689728257 0.17269899062812327 0.27269359119236469 0.2146619331859680
0.69890904198400672 0.42266787290573127 0.44695547632873056 0.2146619331859680
0.58028350071981549 0.40657060928642752 0.49539014212787158 0.1983367986755490
0.17349454052746294 0.40657060928642752 0.49539014212787158 0.1983367986755490
0.58028350071981549 0.21962646394968033 0.49539014212787158 0.1983367986755490
0.58028350071981549 0.40657060928642752 0.25742402151226995 0.1983367986755490
0.58028350071981549 0.40657060928642752 0.49539014212787158 0.3771750623549420
0.17349454052746294 0.21962646394968033 0.25742402151226995 0.3771750623549420
0.64522176166065037 0.1312756858766079 0.32791088595986367 0.0928583099882218
0.057404458662495023 0.1312756858766079 0.32791088595986367 0.0928583099882218
0.64522176166065037 0.18231692537665367 0.32791088595986367 0.0928583099882218
0.64522176166065037 0.1312756858766079 0.46905619576573376 0.0928583099882218
0.64522176166065037 0.1312756858766079 0.32791088595986367 0.3174596672500680
0.057404458662495023 0.18231692537665367 0.46905619576573376 0.3174596672500680
0.36746987714432172 0.49799620211124418 0.10365175753831864 0.4811646515148910
0.57268757950514548 0.49799620211124418 0.10365175753831864 0.4811646515148910
0.36746987714432172 0.38535575941205025 0.10365175753831864 0.4811646515148910
0.36746987714432172 0.49799620211124418 0.23593367747962476 0.4811646515148910
0.36746987714432172 0.49799620211124418 0.10365175753831864 0.4076887361538140
0.57268757950514548 0.38535575941205025 0.23593367747962476 0.4076887361538140
0.16730528208427131 0.24940353073179722 0.41706782206892967 0.2416773973224170
0.40208932356908911 0.24940353073179722 0.41706782206892967 0.2416773973224170
0.16730528208427131 0.48508806861937048 0.41706782206892967 0.2416773973224170
0.16730528208427131 0.24940353073179722 0.32835595980286603 0.2416773973224170
0.16730528208427131 0.24940353073179722 0.41706782206892967 0.4612631308051310
0.40208932356908911 0.48508806861937048 0.32835595980286603 0.4612631308051310
0.52058467739261682 0.38309177719056609 0.23968970477581025 0.4182053308426690
0.22672326997853814 0.38309177719056609 0.23968970477581025 0.4182053308426690
0.52058467739261682 0.28199868984520438 0.23968970477581025 0.4182053308426690
0.52058467739261682 0.38309177719056609 0.16391988508403302 0.4182053308426690
0.52058467739261682 0.38309177719056609 0.23968970477581025 0.0222872647471264
0.22672326997853814 0.28199868984520438 0.16391988508403302 0.0222872647471264
