0.52523029772564767 0.27255254313349725 0.40300701186060905 0.2846740682636960
0.14321155725046991 0.27255254313349725 0.40300701186060905 0.2846740682636960
0.52523029772564767 0.16240023821592331 0.40300701186060905 0.2846740682636960
0.52523029772564767 0.27255254313349725 0.11847598552703859 0.2846740682636960
0.52523029772564767 0.27255254313349725 0.40300701186060905 0.1167043429443630
0.14321155725046991 0.16240023821592331 0.11847598552703859 0.1167043429443630
0.16250411216169594 0.30759596228599551 0.22874788045883179 0.3789817416434160
0.64802174386568367 0.30759596228599551 0.22874788045883179 0.3789817416434160
0.16250411216169594 0.35919097959995272 0.22874788045883179 0.3789817416434160
0.16250411216169594 0.30759596228599551 0.37674823738634589 0.3789817416434160
0.16250411216169594 0.30759596228599551 0.22874788045883179 0.4395206930664030
0.64802174386568367 0.35919097959995272 0.37674823738634589 0.4395206930664030
0.37361806072294707 0.15931055881083012 0.34196863248944287 0.1929938845449820
0.48917647334747011 0.15931055881083012 0.34196863248944287 0.1929938845449820
0.37361806072294707 0.4581405144184828 0.34196863248944287 0.1929938845449820
0.37361806072294707 0.15931055881083012 0.28401429355144503 0.1929938845449820
0.37361806072294707 0.15931055881083012 0.34196863248944287 0.4140807782205440
0.48917647334747011 0.4581405144184828 0.28401429355144503 0.4140807782205440
0.63923532413318751 0.42387063167989258 0.11459051817655563 0.4323098635873190
0.30333624333143228 0.42387063167989258 0.11459051817655563 0.4323098635873190
0.63923532413318751 0.26130228005349637 0.11459051817655563 0.4323098635873190
0.63923532413318751 0.42387063167989258 0.42349594868719576 0.4323098635873190
0.63923532413318751 0.42387063167989258 0.11459051817655563 0.2980896361122610
0.30333624333143228 0.26130228005349637 0.42349594868719576 0.2980896361122610
0.58484756578691299 0.14915935546159745 0.25863536186516289 0.4835056876428200
0.25708487010560926 0.14915935546159745 0.25863536186516289 0.4835056876428200
0.58484756578691299 0.14859973080456257 0.25863536186516289 0.4835056876428200
0.58484756578691299 0.14915935546159745 0.21247490085661414 0.4835056876428200
0.58484756578691299 0.14915935546159745 0.25863536186516289 0.3460935140969480
0.25708487010560926 0.14859973080456257 0.21247490085661414 0.3460935140969480
0.22710002525709566 0.4840195454657078 0.48445110134780411 0.1001785028400870
0.45305678341537708 0.4840195454657078 0.48445110134780411 0.1001785028400870
0.22710002525709566 0.34544015862047672 0.48445110134780411 0.1001785028400870
0.22710002525709566 0.4840195454657078 0.49564566910266883 0.1001785028400870
0.22710002525709566 0.4840195454657078 0.48445110134780411 0.2790107612491900
0.45305678341537708 0.34544015862047672 0.49564566910266883 0.2790107612491900
0.10835438850335777 0.23269175998866559 0.19798809029161932 0.4159681055015850
0.60302501851692791 0.23269175998866559 0.19798809029161932 0.4159681055015850
0.10835438850335777 0.44648776426911352 0.19798809029161932 0.4159681055015850
0.10835438850335777 0.23269175998866559 0.19050366021692755 0.4159681055015850
0.10835438850335777 0.23269175998866559 0.19798809029161932 0.1562020011873020
0.60302501851692791 0.44648776426911352 0.19050366021692755 0.1562020011873020
0.37910898351110511 0.39745903499424462 0.37068464420735836 0.2380154830686340
0.10839610868133603 0.39745903499424462 0.37068464420735836 0.2380154830686340
0.37910898351110511 0.24970055148005488 0.37068464420735836 0.2380154830686340
0.37910898351110511 0.39745903499424462 0.30489148497581486 0.2380154830686340
0.37910898351110511 0.39745903499424462 0.37068464420735836 0.4861862098507550
0.10839610868133603 0.24970055148005488 0.30489148497581486 0.4861862098507550
0.43311501778662198 0.19933943822979927 0.16486655510962012 0.0622446047346809
0.67628376777283838 0.19933943822979927 0.16486655510962012 0.0622446047346809
0.43311501778662198 0.2774650901556015 0.16486655510962012 0.0622446047346809
0.43311501778662198 0.19933943822979927 0.24552467912435533 0.0622446047346809
0.43311501778662198 0.19933943822979927 0.16486655510962012 0.3805442601412190
0.67628376777283838 0.2774650901556015 0.24552467912435533 0.3805442601412190
0.053874719608575108 0.43300938457250593 0.39068055711686611 0.4888332052975210
0.19625004939734936 0.43300938457250593 0.39068055711686611 0.4888332052975210
0.053874719608575108 0.48064955323934555 0.39068055711686611 0.4888332052975210
0.053874719608575108 0.43300938457250593 0.46240058131515982 0.4888332052975210
0.053874719608575108 0.43300938457250593 0.39068055711686611 0.2132573902183980
0.19625004939734936 0.48064955323934555 0.46240058131515982 0.2132573902183980
0.26007950631901622 0.28130924887955189 0.27921876199543477 0.2621810126605270
0.37223381018266077 0.28130924887955189 0.27921876199543477 0.2621810126605270
0.26007950631901622 0.38013904653489594 0.27921876199543477 0.2621810126605270
0.26007950631901622 0.28130924887955189 0.15501247793436052 0.2621810126605270
0.26007950631901622 0.28130924887955189 0.27921876199543477 0.1833145183586310
0.37223381018266077 0.38013904653489594 0.15501247793436052 0.1833145183586310
0.5523466760292649 0.34801146797835825 0.45191395394504075 0.4083554453850490
0.50155959581024945 0.34801146797835825 0.45191395394504075 0.4083554453850490
0.5523466760292649 0.1769990246742964 0.45191395394504075 0.4083554453850490
0.5523466760292649 0.34801146797835825 0.34057798273861406 0.4083554453850490
0.5523466760292649 0.34801146797835825 0.45191395394504075 0.4839362696116060
0.50155959581024945 0.1769990246742964 0.34057798273861406 0.4839362696116060
0.69853493454866111 0.22272035777568819 0.32173936143517495 0.3410265248372330
0.38406112166121598 0.22272035777568819 0.32173936143517495 0.3410265248372330
0.69853493454866111 0.21469008065760137 0.32173936143517495 0.3410265248372330
0.69853493454866111 0.22272035777568819 0.1266249466687441 0.3410265248372330
0.69853493454866111 0.22272035777568819 0.32173936143517495 0.0305644061514485
0.38406112166121598 0.21469008065760137 0.1266249466687441 0.0305644061514485
0.31415731930173929 0.35659806951880457 0.14748154431581498 0.3266335981930630
0.2445642849896103 0.35659806951880457 0.14748154431581498 0.3266335981930630
0.31415731930173929 0.41782638318836696 0.14748154431581498 0.3266335981930630
0.31415731930173929 0.35659806951880457 0.36840396672487263 0.3266335981930630
0.31415731930173929 0.35659806951880457 0.14748154431581498 0.4606025413280060
0.2445642849896103 0.41782638318836696 0.36840396672487263 0.4606025413280060
0.20030101765878494 0.10791597329080105 0.43570122346282003 0.4612785760677090
0.079996317019686097 0.10791597329080105 0.43570122346282003 0.4612785760677090
0.20030101765878494 0.31833975240588186 0.43570122346282003 0.4612785760677090
0.20030101765878494 0.10791597329080105 0.27361924238502977 0.4612785760677090
0.20030101765878494 0.10791597329080105 0.43570122346282003 0.4057941194065370
0.079996317019686097 0.31833975240588186 0.27361924238502977 0.4057941194065370
0.4875895665492862 0.47443513907492163 0.20832479894161227 0.1333682618373760
0.54988873656839132 0.47443513907492163 0.20832479894161227 0.1333682618373760
0.4875895665492862 0.11515328660607338 0.20832479894161227 0.1333682618373760
0.4875895665492862 0.47443513907492163 0.43408631533384323 0.1333682618373760
0.4875895665492862 0.47443513907492163 0.20832479894161227 0.3240279088136160
0.54988873656839132 0.11515328660607338 0.43408631533384323 0.3240279088136160
0.46465796581469471 0.11916469484567643 0.38695587664842612 0.4258356907821080
0.31572399255819616 0.11916469484567643 0.38695587664842612 0.4258356907821080
0.46465796581469471 0.41215485297143462 0.38695587664842612 0.4258356907821080
0.46465796581469471 0.11916469484567643 0.39528793990612032 0.4258356907821080
0.46465796581469471 0.11916469484567643 0.38695587664842612 0.3983249463121580
0.31572399255819616 0.41215485297143462 0.39528793990612032 0.3983249463121580
0.18245264631696045 0.4608426667749882 0.15652159228920937 0.2190810697149960
0.47551922677084796 0.4608426667749882 0.15652159228920937 0.2190810697149960
0.18245264631696045 0.20903962664306164 0.15652159228920937 0.2190810697149960
0.18245264631696045 0.4608426667749882 0.10970793999731542 0.2190810697149960
0.18245264631696045 0.4608426667749882 0.15652159228920937 0.3333336206193190
0.47551922677084796 0.20903962664306164 0.10970793999731542 0.3333336206193190
0.31170169473625714 0.21226507537066938 0.46966759860515594 0.4748756526672540
0.62103415280580521 0.21226507537066938 0.46966759860515594 0.4748756526672540
0.31170169473625714 0.10799200832843781 0.46966759860515594 0.4748756526672540
0.31170169473625714 0.21226507537066938 0.40456552505493171 0.4748756526672540
0.31170169473625714 0.21226507537066938 0.46966759860515594 0.0537847355448798
0.62103415280580521 0.10799200832843781 0.40456552505493171 0.0537847355448798
0.66052796985022721 0.37095960266888139 0.29861412867903714 0.1233904529821820
0.17146864566020664 0.37095960266888139 0.29861412867903714 0.1233904529821820
0.66052796985022721 0.31105401962995527 0.29861412867903714 0.1233904529821820
0.66052796985022721 0.37095960266888139 0.28770411945879459 0.1233904529821820
0.66052796985022721 0.37095960266888139 0.29861412867903714 0.4532056547175610
0.17146864566020664 0.31105401962995527 0.28770411945879459 0.4532056547175610
0.56480109896510833 0.2958661906421185 0.13093652091920377 0.1730331631025380
0.12520735058933496 0.2958661906421185 0.13093652091920377 0.1730331631025380
0.56480109896510833 0.49874421879649167 0.13093652091920377 0.1730331631025380
0.56480109896510833 0.2958661906421185 0.47628788091242313 0.1730331631025380
0.56480109896510833 0.2958661906421185 0.13093652091920377 0.2093753887112950
0.12520735058933496 0.49874421879649167 0.47628788091242313 0.2093753887112950
0.28777276938781138 0.33736077547073362 0.3004273656755686 0.4422346454582580
0.58494422114454203 0.33736077547073362 0.3004273656755686 0.4422346454582580
0.28777276938781138 0.29568020477890966 0.3004273656755686 0.4422346454582580
0.28777276938781138 0.33736077547073362 0.21581088900566103 0.4422346454582580
0.28777276938781138 0.33736077547073362 0.3004273656755686 0.4728928678910570
0.58494422114454203 0.29568020477890966 0.21581088900566103 0.4728928678910570
0.087122501526027907 0.18555155731737616 0.21403914801776411 0.3003612978175750
0.43053241842426354 0.18555155731737616 0.21403914801776411 0.3003612978175750
0.087122501526027907 0.19673068262636662 0.21403914801776411 0.3003612978175750
0.087122501526027907 0.18555155731737616 0.32307730354368691 0.3003612978175750
0.087122501526027907 0.18555155731737616 0.21403914801776411 0.3664426165475740
0.43053241842426354 0.19673068262636662 0.32307730354368691 0.3664426165475740
0.44096707031130783 0.44445351622998719 0.44291100986301901 0.3672288040913420
0.28087879056110976 0.44445351622998719 0.44291100986301901 0.3672288040913420
0.44096707031130783 0.39984218962490559 0.44291100986301901 0.3672288040913420
0.44096707031130783 0.44445351622998719 0.18130820095539094 0.3672288040913420
0.44096707031130783 0.44445351622998719 0.44291100986301901 0.2350289489452160
0.28087879056110976 0.39984218962490559 0.18130820095539094 0.2350289489452160
0.41187835694290692 0.24647955000400545 0.2496692281216383 0.4518816232747430
0.52410366646945472 0.24647955000400545 0.2496692281216383 0.4518816232747430
0.41187835694290692 0.32770513705909254 0.2496692281216383 0.4518816232747430
0.41187835694290692 0.24647955000400545 0.46568683534860611 0.4518816232747430
0.41187835694290692 0.24647955000400545 0.2496692281216383 0.1297929796626130
0.52410366646945472 0.32770513705909254 0.46568683534860611 0.1297929796626130
0.11573766018263995 0.38601499423384666 0.41916143484413626 0.1549219731041230
0.34842023248784237 0.38601499423384666 0.41916143484413626 0.1549219731041230
0.11573766018263995 0.13079404197633268 0.41916143484413626 0.1549219731041230
0.11573766018263995 0.38601499423384666 0.2262166250497103 0.1549219731041230
0.11573766018263995 0.38601499423384666 0.41916143484413626 0.4955687928304770
0.34842023248784237 0.13079404197633268 0.2262166250497103 0.4955687928304770
0.24003779641352591 0.13460251651704314 0.10777133367955685 0.3535637241566070
0.1794187918771058 0.13460251651704314 0.10777133367955685 0.3535637241566070
0.24003779641352591 0.23028068393468859 0.10777133367955685 0.3535637241566070
0.24003779641352591 0.13460251651704314 0.33143225759267808 0.3535637241566070
0.24003779641352591 0.13460251651704314 0.10777133367955685 0.3629189243002730
0.1794187918771058 0.23028068393468859 0.33143225759267808 0.3629189243002730
0.61301458817906673 0.49467013515532021 0.33664493300020693 0.3118884718372810
0.69438453232869501 0.49467013515532021 0.33664493300020693 0.3118884718372810
0.61301458817906673 0.42724194228649137 0.33664493300020693 0.3118884718372810
0.61301458817906673 0.49467013515532021 0.17314856238663195 0.3118884718372810
0.61301458817906673 0.49467013515532021 0.33664493300020693 0.2572526960258530
0.69438453232869501 0.42724194228649137 0.17314856238663195 0.2572526960258530
0.63661373415961853 0.16976593211293223 0.49318666458129889 0.2788563834498950
0.57685630233027041 0.16976593211293223 0.49318666458129889 0.2788563834498950
0.63661373415961853 0.36453872695565226 0.49318666458129889 0.2788563834498950
0.63661373415961853 0.16976593211293223 0.35958771295845515 0.2788563834498950
0.63661373415961853 0.16976593211293223 0.49318666458129889 0.4226356596300910
0.57685630233027041 0.36453872695565226 0.35958771295845515 0.4226356596300910
0.33545471951365463 0.40950900763273246 0.26275069043040278 0.3976985872533210
0.051759186107665306 0.40950900763273246 0.26275069043040278 0.3976985872533210
0.33545471951365463 0.16758099719882014 0.26275069043040278 0.3976985872533210
0.33545471951365463 0.40950900763273246 0.14521285742521287 0.3976985872533210
0.33545471951365463 0.40950900763273246 0.26275069043040278 0.2855298397065500
0.051759186107665306 0.16758099719882014 0.14521285742521287 0.2855298397065500
0.13973353710025549 0.26130371876060965 0.35089862793684012 0.0351878308502710
0.23219625111669301 0.26130371876060965 0.35089862793684012 0.0351878308502710
0.13973353710025549 0.26809149272739885 0.35089862793684012 0.0351878308502710
0.13973353710025549 0.26130371876060965 0.43782434947788718 0.0351878308502710
0.13973353710025549 0.26130371876060965 0.35089862793684012 0.1001244535136340
0.23219625111669301 0.26809149272739885 0.43782434947788718 0.1001244535136340
0.50753332441672683 0.32118853740394115 0.17984384372830392 0.4968933296942810
0.39769872068427498 0.32118853740394115 0.17984384372830392 0.4968933296942810
0.50753332441672683 0.46500478126108646 0.17984384372830392 0.4968933296942810
0.50753332441672683 0.32118853740394115 0.25464061051607134 0.4968933296942810
0.50753332441672683 0.32118853740394115 0.17984384372830392 0.4459249684892740
0.39769872068427498 0.46500478126108646 0.25464061051607134 0.4459249684892740
0.50491405175998805 0.15085353925824166 0.28583529256284235 0.3704808318811760
0.09536390686407685 0.15085353925824166 0.28583529256284235 0.3704808318811760
0.50491405175998805 0.43581280298531055 0.28583529256284235 0.3704808318811760
0.50491405175998805 0.15085353925824166 0.40966781377792361 0.3704808318811760
0.50491405175998805 0.15085353925824166 0.28583529256284235 0.4975066985107130
0.09536390686407685 0.43581280298531055 0.40966781377792361 0.4975066985107130
0.14219283498823643 0.4159690842032433 0.45843447782099245 0.3024481784002530
0.61601781868375838 0.4159690842032433 0.45843447782099245 0.3024481784002530
0.14219283498823643 0.23265342153608801 0.45843447782099245 0.3024481784002530
0.14219283498823643 0.4159690842032433 0.29513275362551217 0.3024481784002530
0.14219283498823643 0.4159690842032433 0.45843447782099245 0.1468540279585290
0.61601781868375838 0.23265342153608801 0.29513275362551217 0.1468540279585290
0.35330681744962927 0.26729533858597276 0.17167849950492381 0.4482812937463710
0.44002396292053159 0.26729533858597276 0.17167849950492381 0.4482812937463710
0.35330681744962927 0.13155239894986154 0.17167849950492381 0.4482812937463710
0.35330681744962927 0.26729533858597276 0.38784190118312833 0.4482812937463710
0.35330681744962927 0.26729533858597276 0.17167849950492381 0.2530107394032230
0.44002396292053159 0.13155239894986154 0.38784190118312833 0.2530107394032230
0.61891913143917909 0.30255234055221081 0.39739629216492178 0.1887436480534490
0.270078288950026 0.30255234055221081 0.39739629216492178 0.1887436480534490
0.61891913143917909 0.3347653768956661 0.39739629216492178 0.1887436480534490
0.61891913143917909 0.30255234055221081 0.10462305583059789 0.1887436480534490
0.61891913143917909 0.30255234055221081 0.39739629216492178 0.3534532629163530
0.270078288950026 0.3347653768956661 0.10462305583059789 0.3534532629163530
0.60515884780324991 0.22745740115642549 0.4289381846785546 0.1049699524243580
0.30617287340573962 0.22745740115642549 0.4289381846785546 0.1049699524243580
0.60515884780324991 0.47206196933984756 0.4289381846785546 0.1049699524243580
0.60515884780324991 0.22745740115642549 0.31566776670515539 0.1049699524243580
0.60515884780324991 0.22745740115642549 0.4289381846785546 0.2894108666496950
0.30617287340573962 0.47206196933984756 0.31566776670515539 0.2894108666496950
0.24741625669412315 0.392389514297247 0.20165781453251841 0.4694174543850900
0.48629982173442832 0.392389514297247 0.20165781453251841 0.4694174543850900
0.24741625669412315 0.26885290145874025 0.20165781453251841 0.4694174543850900
0.24741625669412315 0.392389514297247 0.17623569071292877 0.4694174543850900
0.24741625669412315 0.392389514297247 0.20165781453251841 0.4301956105122870
0.48629982173442832 0.26885290145874025 0.17623569071292877 0.4301956105122870
0.12867059572599826 0.1406795021146536 0.31517153382301333 0.2164276890591840
0.65085775284096592 0.1406795021146536 0.31517153382301333 0.2164276890591840
0.12867059572599826 0.16995068304240704 0.31517153382301333 0.2164276890591840
0.12867059572599826 0.1406795021146536 0.48135366775095467 0.2164276890591840
0.12867059572599826 0.1406795021146536 0.31517153382301333 0.4435680658960750
0.65085775284096592 0.16995068304240704 0.48135366775095467 0.4435680658960750
0.39942022194154553 0.47614388503134253 0.14100997373461724 0.4231513731646830
0.14033552673645316 0.47614388503134253 0.14100997373461724 0.4231513731646830
0.39942022194154553 0.3731126394122839 0.14100997373461724 0.4231513731646830
0.39942022194154553 0.47614388503134253 0.22322714924812317 0.4231513731646830
0.39942022194154553 0.47614388503134253 0.14100997373461724 0.0811234210121743
0.14033552673645316 0.3731126394122839 0.22322714924812317 0.0811234210121743
0.45342381540685883 0.2772894911468029 0.34765831530094149 0.4943290423385490
0.54705222635529926 0.2772894911468029 0.34765831530094149 0.4943290423385490
0.45342381540685883 0.30092675723135476 0.34765831530094149 0.4943290423385490
0.45342381540685883 0.2772894911468029 0.32635578960180284 0.4943290423385490
0.45342381540685883 0.2772894911468029 0.34765831530094149 0.3299047149045540
0.54705222635529926 0.30092675723135476 0.32635578960180284 0.3299047149045540
0.074188486021012065 0.34338750243186955 0.12037925943732262 0.0293898214278756
0.082872151397168636 0.34338750243186955 0.12037925943732262 0.0293898214278756
0.074188486021012065 0.10406286902725698 0.12037925943732262 0.0293898214278756
0.074188486021012065 0.34338750243186955 0.16574298329651355 0.0293898214278756
0.074188486021012065 0.34338750243186955 0.12037925943732262 0.3899002788474600
0.082872151397168636 0.10406286902725698 0.16574298329651355 0.3899002788474600
0.28039321945980189 0.19207418300211432 0.40889190584421164 0.3897733392321210
0.24172715367749331 0.19207418300211432 0.40889190584421164 0.3897733392321210
0.28039321945980189 0.20359986647963524 0.40889190584421164 0.3897733392321210
0.28039321945980189 0.19207418300211432 0.47310705333948133 0.3897733392321210
0.28039321945980189 0.19207418300211432 0.40889190584421164 0.4554908466807190
0.24172715367749331 0.20359986647963524 0.47310705333948133 0.4554908466807190
0.57265543974936006 0.42557928226888186 0.23473203554749489 0.2654378582404900
0.38693757713772353 0.42557928226888186 0.23473203554749489 0.2654378582404900
0.57265543974936006 0.40041320994496343 0.23473203554749489 0.2654378582404900
0.57265543974936006 0.42557928226888186 0.2312784541398287 0.2654378582404900
0.57265543974936006 0.42557928226888186 0.23473203554749489 0.0738962689336351
0.38693757713772353 0.40041320994496343 0.2312784541398287 0.0738962689336351
0.67822118266485631 0.10067355185747147 0.19205429069697857 0.3237044122201250
0.51459253495559087 0.10067355185747147 0.19205429069697857 0.3237044122201250
0.67822118266485631 0.38810359835624697 0.19205429069697857 0.3237044122201250
0.67822118266485631 0.10067355185747147 0.44525665529072289 0.3237044122201250
0.67822118266485631 0.10067355185747147 0.19205429069697857 0.4707518886958750
0.51459253495559087 0.38810359835624697 0.44525665529072289 0.4707518886958750
0.29384851683862506 0.46697914972901344 0.36465173847973353 0.3624260165525430
0.35924081509001549 0.46697914972901344 0.36465173847973353 0.3624260165525430
0.29384851683862506 0.19128787070512773 0.36465173847973353 0.3624260165525430
0.29384851683862506 0.46697914972901344 0.2597392275929451 0.3624260165525430
0.29384851683862506 0.46697914972901344 0.36465173847973353 0.1947648438487400
0.35924081509001549 0.19128787070512773 0.2597392275929451 0.1947648438487400
0.17999225878156722 0.21867775432765485 0.25289697609841821 0.1593626427714290
0.20928236986510451 0.21867775432765485 0.25289697609841821 0.1593626427714290
0.17999225878156722 0.29175411723554134 0.25289697609841821 0.1593626427714290
0.17999225878156722 0.21867775432765485 0.35449915714561941 0.1593626427714290
0.17999225878156722 0.21867775432765485 0.25289697609841821 0.2394936435405550
0.20928236986510451 0.29175411723554134 0.35449915714561941 0.2394936435405550
0.46727583887986834 0.3520000029355288 0.47861340679228304 0.4548752590365230
0.66329139135777948 0.3520000029355288 0.47861340679228304 0.4548752590365230
0.46727583887986834 0.48861390464007859 0.47861340679228304 0.4548752590365230
0.46727583887986834 0.3520000029355288 0.1377704903483391 0.4548752590365230
0.46727583887986834 0.3520000029355288 0.47861340679228304 0.3755224853116610
0.66329139135777948 0.48861390464007859 0.1377704903483391 0.3755224853116610
0.48497172738425426 0.20414532721042633 0.10100831873714924 0.2343684356121570
0.28815908753313119 0.20414532721042633 0.10100831873714924 0.2343684356121570
0.48497172738425426 0.185566832870245 0.10100831873714924 0.2343684356121570
0.48497172738425426 0.20414532721042633 0.27660587728023533 0.2343684356121570
0.48497172738425426 0.20414532721042633 0.10100831873714924 0.2272155132837770
0.28815908753313119 0.185566832870245 0.27660587728023533 0.2272155132837770
0.20276143909431993 0.36262617930769925 0.32997792474925519 0.4125303820753190
0.4232127198018133 0.36262617930769925 0.32997792474925519 0.4125303820753190
0.20276143909431993 0.38250262811779978 0.32997792474925519 0.4125303820753190
0.20276143909431993 0.36262617930769925 0.41842303313314921 0.4125303820753190
0.20276143909431993 0.36262617930769925 0.32997792474925519 0.3834726987255620
0.4232127198018133 0.38250262811779978 0.41842303313314921 0.3834726987255620
0.33201046329922967 0.1144369300454855 0.24310142435133458 0.0791392048777522
0.59222389701753853 0.1144369300454855 0.24310142435133458 0.0791392048777522
0.33201046329922967 0.48140485920011999 0.24310142435133458 0.0791392048777522
0.33201046329922967 0.1144369300454855 0.1235406517982483 0.0791392048777522
0.33201046329922967 0.1144369300454855 0.24310142435133458 0.4777487681707830
0.59222389701753853 0.48140485920011999 0.1235406517982483 0.4777487681707830
0.68084168783389032 0.45555952228605745 0.41268984042108059 0.4777049846326300
0.11788827306590974 0.45555952228605745 0.41268984042108059 0.4777049846326300
0.68084168783389032 0.28451617546379571 0.41268984042108059 0.4777049846326300
0.68084168783389032 0.45555952228605745 0.38416490294039252 0.4777049846326300
0.68084168783389032 0.45555952228605745 0.41268984042108059 0.1781679019646780
0.11788827306590974 0.28451617546379571 0.38416490294039252 0.1781679019646780
0.54449229165911672 0.18084977343678477 0.35751518234610558 0.4391748115568230
0.15399277210235596 0.18084977343678477 0.35751518234610558 0.4391748115568230
0.54449229165911672 0.12220742367208004 0.35751518234610558 0.4391748115568230
0.54449229165911672 0.18084977343678477 0.19560478068888187 0.4391748115568230
0.54449229165911672 0.18084977343678477 0.35751518234610558 0.4672002373070450
0.15399277210235596 0.12220742367208004 0.19560478068888187 0.4672002373070450
0.2674590126611292 0.43914744108915327 0.18636434376239777 0.2091602278623170
0.63847000482492144 0.43914744108915327 0.18636434376239777 0.2091602278623170
0.2674590126611292 0.31909200660884385 0.18636434376239777 0.2091602278623170
0.2674590126611292 0.43914744108915327 0.31232047677040098 0.2091602278623170
0.2674590126611292 0.43914744108915327 0.18636434376239777 0.0377165993156898
0.63847000482492144 0.31909200660884385 0.31232047677040098 0.0377165993156898
0.066808778699487453 0.28772044964134691 0.49999863281846046 0.3828446759094000
0.45804273453541094 0.28772044964134691 0.49999863281846046 0.3828446759094000
0.066808778699487453 0.42019301652908325 0.49999863281846046 0.3828446759094000
0.066808778699487453 0.28772044964134691 0.20503003038465978 0.3828446759094000
0.066808778699487453 0.28772044964134691 0.49999863281846046 0.3133726605065860
0.45804273453541094 0.42019301652908325 0.20503003038465978 0.3133726605065860
0.42065831627696748 0.32905029468238356 0.26946640163660052 0.2878279645572670
0.33316046325489873 0.32905029468238356 0.26946640163660052 0.2878279645572670
0.42065831627696748 0.22325483709573746 0.26946640163660052 0.2878279645572670
0.42065831627696748 0.32905029468238356 0.49056042730808258 0.2878279645572670
0.42065831627696748 0.32905029468238356 0.26946640163660052 0.4030746057912840
0.33316046325489873 0.22325483709573746 0.49056042730808258 0.4030746057912840
0.39156708461232476 0.13024863153696062 0.46373377516865733 0.1366124653214180
0.41517470683902497 0.13024863153696062 0.46373377516865733 0.1366124653214180
0.39156708461232476 0.2511658616364002 0.46373377516865733 0.1366124653214180
0.39156708461232476 0.13024863153696062 0.1624436154961586 0.1366124653214180
0.39156708461232476 0.13024863153696062 0.46373377516865733 0.4322051334448560
0.41517470683902497 0.2511658616364002 0.1624436154961586 0.4322051334448560
0.095421419059857723 0.4904810048639775 0.29258124679327013 0.4636203627601590
0.21475958912633358 0.4904810048639775 0.29258124679327013 0.4636203627601590
0.095421419059857723 0.45420832261443145 0.29258124679327013 0.4636203627601590
0.095421419059857723 0.4904810048639775 0.34567695744335653 0.4636203627601590
0.095421419059857723 0.4904810048639775 0.29258124679327013 0.1107044792067330
0.21475958912633358 0.45420832261443145 0.34567695744335653 0.1107044792067330
0.21972159887664017 0.23868171088397505 0.38121746703982351 0.3371130813374500
0.069234553584828967 0.23868171088397505 0.38121746703982351 0.3371130813374500
0.21972159887664017 0.35374206490814686 0.38121746703982351 0.3371130813374500
0.21972159887664017 0.23868171088397505 0.24043729156255722 0.3371130813374500
0.21972159887664017 0.23868171088397505 0.38121746703982351 0.3092355023980430
0.069234553584828967 0.35374206490814686 0.24043729156255722 0.3092355023980430
0.59270334006287151 0.37882145531475542 0.15068392157554628 0.3494247842054170
0.55942025901749726 0.37882145531475542 0.15068392157554628 0.3494247842054170
0.59270334006287151 0.15065554417669774 0.15068392157554628 0.3494247842054170
0.59270334006287151 0.37882145531475542 0.45495785661041743 0.3494247842054170
0.59270334006287151 0.37882145531475542 0.15068392157554628 0.4166911865691390
0.55942025901749726 0.15065554417669774 0.45495785661041743 0.4166911865691390
0.65692997043952339 0.25353187248110776 0.21972880698740482 0.4013962975425850
0.68710497026331718 0.25353187248110776 0.21972880698740482 0.4013962975425850
0.65692997043952339 0.2379528056830168 0.21972880698740482 0.4013962975425850
0.65692997043952339 0.25353187248110776 0.26854389496147635 0.4013962975425850
0.65692997043952339 0.25353187248110776 0.21972880698740482 0.2668602228680780
0.68710497026331718 0.2379528056830168 0.26854389496147635 0.2668602228680780
0.35576600637286898 0.31397205591201782 0.44869977496564395 0.2492085873993710
0.18673829799517988 0.31397205591201782 0.44869977496564395 0.2492085873993710
0.35576600637286898 0.44104190133512022 0.44869977496564395 0.2492085873993710
0.35576600637286898 0.31397205591201782 0.42668033093214042 0.2492085873993710
0.35576600637286898 0.31397205591201782 0.44869977496564395 0.3428115160975580
0.18673829799517988 0.44104190133512022 0.42668033093214042 0.3428115160975580
0.16004477068781853 0.16538606621325017 0.13682139106094837 0.4866909808273070
0.34114004932343955 0.16538606621325017 0.13682139106094837 0.4866909808273070
0.16004477068781853 0.3415049150586128 0.13682139106094837 0.4866909808273070
0.16004477068781853 0.16538606621325017 0.13404404409229756 0.4866909808273070
0.16004477068781853 0.16538606621325017 0.13682139106094837 0.4921840583406640
0.34114004932343955 0.3415049150586128 0.13404404409229756 0.4921840583406640
0.52784952679648989 0.40534280799329281 0.3064115446060896 0.0584687169474685
0.53142379368655379 0.40534280799329281 0.3064115446060896 0.0584687169474685
0.52784952679648989 0.13846636414527894 0.3064115446060896 0.0584687169474685
0.52784952679648989 0.40534280799329281 0.37346620112657547 0.0584687169474685
0.52784952679648989 0.40534280799329281 0.3064115446060896 0.1616046865361820
0.53142379368655379 0.13846636414527894 0.37346620112657547 0.1616046865361820
