0.52703582290560003 0.15888365730643272 0.17126113548874855 0.4956667169209670
0.2399084831122309 0.15888365730643272 0.17126113548874855 0.4956667169209670
0.52703582290560003 0.3811643198132515 0.17126113548874855 0.4956667169209670
0.52703582290560003 0.15888365730643272 0.35553339980542664 0.4956667169209670
0.52703582290560003 0.15888365730643272 0.17126113548874855 0.3627448527241540
0.2399084831122309 0.3811643198132515 0.35553339980542664 0.3627448527241540
0.16303982762619851 0.4236143201589585 0.39698357731103895 0.0306597715964830
0.39017704138532278 0.4236143201589585 0.39698357731103895 0.0306597715964830
0.16303982762619851 0.17812214493751527 0.39698357731103895 0.0306597715964830
0.16303982762619851 0.4236143201589585 0.13950126096606255 0.0306597715964830
0.16303982762619851 0.4236143201589585 0.39698357731103895 0.2581494097867360
0.39017704138532278 0.17812214493751527 0.13950126096606255 0.2581494097867360
0.37435251818969839 0.27219878472387793 0.28542412742972378 0.3874776233488310
0.54395409543067208 0.27219878472387793 0.28542412742972378 0.3874776233488310
0.37435251818969839 0.2768305789679289 0.28542412742972378 0.3874776233488310
0.37435251818969839 0.27219878472387793 0.44627329073846345 0.3874776233488310
0.37435251818969839 0.27219878472387793 0.28542412742972378 0.1285773125197220
0.54395409543067208 0.2768305789679289 0.44627329073846345 0.1285773125197220
0.64123899079859248 0.30707119666039945 0.45801556408405308 0.2641588599208280
0.084871830558404332 0.30707119666039945 0.45801556408405308 0.2641588599208280
0.64123899079859248 0.47991681359708316 0.45801556408405308 0.2641588599208280
0.64123899079859248 0.30707119666039945 0.26142652258276944 0.2641588599208280
0.64123899079859248 0.30707119666039945 0.45801556408405308 0.4956726388994470
0.084871830558404332 0.47991681359708316 0.26142652258276944 0.4956726388994470
0.58431217237375677 0.23236220926046372 0.31553399004042149 0.3212522716120610
0.21236328557133671 0.23236220926046372 0.31553399004042149 0.3212522716120610
0.58431217237375677 0.31721662469208245 0.31553399004042149 0.3212522716120610
0.58431217237375677 0.23236220926046372 0.47442893609404568 0.3212522716120610
0.58431217237375677 0.23236220926046372 0.31553399004042149 0.0982202883961287
0.21236328557133671 0.31721662469208245 0.47442893609404568 0.0982202883961287
0.2252954178024083 0.39691006019711494 0.14137994013726712 0.3618313758424520
0.6613138671498745 0.39691006019711494 0.14137994013726712 0.3618313758424520
0.2252954178024083 0.11412800587713719 0.14137994013726712 0.3618313758424520
0.2252954178024083 0.39691006019711494 0.23349062763154507 0.3618313758424520
0.2252954178024083 0.39691006019711494 0.14137994013726712 0.4470089069976330
0.6613138671498745 0.11412800587713719 0.23349062763154507 0.4470089069976330
0.10635103904642164 0.14870782904326918 0.42930664904415605 0.1637489638970920
0.51643368494696906 0.14870782904326918 0.42930664904415605 0.1637489638970920
0.10635103904642164 0.21542281582951547 0.42930664904415605 0.1637489638970920
0.10635103904642164 0.14870782904326918 0.32767072245478635 0.1637489638970920
0.10635103904642164 0.14870782904326918 0.42930664904415605 0.4214595949243850
0.51643368494696906 0.21542281582951547 0.32767072245478635 0.4214595949243850
0.37837544861249622 0.48378786034882071 0.20202177278697492 0.4556108764986480
0.35598384989425536 0.48378786034882071 0.20202177278697492 0.4556108764986480
0.37837544861249622 0.41846088990569119 0.20202177278697492 0.4556108764986480
0.37837544861249622 0.48378786034882071 0.16792543791234493 0.4556108764986480
0.37837544861249622 0.48378786034882071 0.20202177278697492 0.2867113863090200
0.35598384989425536 0.41846088990569119 0.16792543791234493 0.2867113863090200
0.43127042995765796 0.28176106587052346 0.40930469222366817 0.3714380207602090
0.43805651795119038 0.28176106587052346 0.40930469222366817 0.3714380207602090
0.43127042995765796 0.45867730379104621 0.40930469222366817 0.3714380207602090
0.43127042995765796 0.28176106587052346 0.48356513790786271 0.3714380207602090
0.43127042995765796 0.28176106587052346 0.40930469222366817 0.0531812857886295
0.43805651795119038 0.45867730379104621 0.48356513790786271 0.0531812857886295
0.053299960866570475 0.34824362546205523 0.23514932803809643 0.3054999220464340
0.27316898121498523 0.34824362546205523 0.23514932803809643 0.3054999220464340
0.053299960866570475 0.26174198538064958 0.23514932803809643 0.3054999220464340
0.053299960866570475 0.34824362546205523 0.22454973533749581 0.3054999220464340
0.053299960866570475 0.34824362546205523 0.23514932803809643 0.4536231471636520
0.27316898121498523 0.26174198538064958 0.22454973533749581 0.4536231471636520
0.25938533190637825 0.19966909177601339 0.34807710982859136 0.4478178336063060
0.092097167531028395 0.19966909177601339 0.34807710982859136 0.4478178336063060
0.25938533190637825 0.16147257946431637 0.34807710982859136 0.4478178336063060
0.25938533190637825 0.19966909177601339 0.31785092465579512 0.4478178336063060
0.25938533190637825 0.19966909177601339 0.34807710982859136 0.3978342189964640
0.092097167531028395 0.16147257946431637 0.31785092465579512 0.3978342189964640
0.55038331178948285 0.43355901949107645 0.12079054377973081 0.1852523067500440
0.61784888701513407 0.43355901949107645 0.12079054377973081 0.1852523067500440
0.55038331178948285 0.35836078636348245 0.12079054377973081 0.1852523067500440
0.55038331178948285 0.43355901949107645 0.17754992023110391 0.1852523067500440
0.55038331178948285 0.43355901949107645 0.12079054377973081 0.3336187402584810
0.61784888701513407 0.35836078636348245 0.17754992023110391 0.3336187402584810
0.69911063038744026 0.10827019810676575 0.25252689048647881 0.1031185227869270
0.65410727937705815 0.10827019810676575 0.25252689048647881 0.1031185227869270
0.69911063038744026 0.44604805149137972 0.25252689048647881 0.1031185227869270
0.69911063038744026 0.10827019810676575 0.38957347050309188 0.1031185227869270
0.69911063038744026 0.10827019810676575 0.25252689048647881 0.3654007190165300
0.65410727937705815 0.44604805149137972 0.38957347050309188 0.3654007190165300
0.31600220981054006 0.47496020123362548 0.47825106978416443 0.4676657933890500
0.1385266109369695 0.47496020123362548 0.47825106978416443 0.4676657933890500
0.31600220981054006 0.2491637546569109 0.47825106978416443 0.4676657933890500
0.31600220981054006 0.47496020123362548 0.1056564997881651 0.4676657933890500
0.31600220981054006 0.47496020123362548 0.47825106978416443 0.2369597366826000
0.1385266109369695 0.2491637546569109 0.1056564997881651 0.2369597366826000
0.20226532383821905 0.22314792536199093 0.19169040396809578 0.2172921986265180
0.30816279537975783 0.22314792536199093 0.19169040396809578 0.2172921986265180
0.20226532383821905 0.14942991957068444 0.19169040396809578 0.2172921986265180
0.20226532383821905 0.22314792536199093 0.41135431006550793 0.2172921986265180
0.20226532383821905 0.22314792536199093 0.19169040396809578 0.2073246068281770
0.30816279537975783 0.14942991957068444 0.41135431006550793 0.2073246068281770
0.48828403879888349 0.35685447789728642 0.36428320258855817 0.4248716920006540
0.48319163094274692 0.35685447789728642 0.36428320258855817 0.4248716920006540
0.48828403879888349 0.34636781290173535 0.36428320258855817 0.4248716920006540
0.48828403879888349 0.35685447789728642 0.29615018777549268 0.4248716920006540
0.48828403879888349 0.35685447789728642 0.36428320258855817 0.4736010174506040
0.48319163094274692 0.34636781290173535 0.29615018777549268 0.4736010174506040
0.46519280713982875 0.21174040287733079 0.24346385598182679 0.1412388163814770
0.067405966017395264 0.21174040287733079 0.24346385598182679 0.1412388163814770
0.46519280713982875 0.23101278804242611 0.24346385598182679 0.1412388163814770
0.46519280713982875 0.21174040287733079 0.13224157057702543 0.1412388163814770
0.46519280713982875 0.21174040287733079 0.24346385598182679 0.1835879343893070
0.067405966017395264 0.23101278804242611 0.13224157057702543 0.1835879343893070
0.18425672105513513 0.37060574963688853 0.41305982992053036 0.4643325713103130
0.56268947669304903 0.37060574963688853 0.41305982992053036 0.4643325713103130
0.18425672105513513 0.42787696234881878 0.41305982992053036 0.4643325713103130
0.18425672105513513 0.37060574963688853 0.37255249246954925 0.4643325713103130
0.18425672105513513 0.37060574963688853 0.41305982992053036 0.4835094717289720
0.56268947669304903 0.42787696234881878 0.37255249246954925 0.4835094717289720
0.31370437587611372 0.11890867166221142 0.10137675851583482 0.3347574058032910
0.41208649775944645 0.11890867166221142 0.10137675851583482 0.3347574058032910
0.31370437587611372 0.3265821635723114 0.10137675851583482 0.3347574058032910
0.31370437587611372 0.11890867166221142 0.26673299334943296 0.3347574058032910
0.31370437587611372 0.11890867166221142 0.10137675851583482 0.3811688246531570
0.41208649775944645 0.3265821635723114 0.26673299334943296 0.3811688246531570
0.66126077831722796 0.46041547842323782 0.33034190610051156 0.3488056066389980
0.21672951001673935 0.46041547842323782 0.33034190610051156 0.3488056066389980
0.66126077831722796 0.12976853400468827 0.33034190610051156 0.3488056066389980
0.66126077831722796 0.46041547842323782 0.42573847696185119 0.3488056066389980
0.66126077831722796 0.46041547842323782 0.33034190610051156 0.2129930680488840
0.21672951001673935 0.12976853400468827 0.42573847696185119 0.2129930680488840
0.56299484735354777 0.18531977757811546 0.49958124570548534 0.3991873480112110
0.34425072330050166 0.18531977757811546 0.49958124570548534 0.3991873480112110
0.56299484735354777 0.26745646819472313 0.49958124570548534 0.3991873480112110
0.56299484735354777 0.18531977757811546 0.23834565207362177 0.3991873480112110
0.56299484735354777 0.18531977757811546 0.49958124570548534 0.4066122581919910
0.34425072330050166 0.26745646819472313 0.23834565207362177 0.4066122581919910
0.28723638560622927 0.4440020829439163 0.26905371136963369 0.2478724449804220
0.52943634763360015 0.4440020829439163 0.26905371136963369 0.2478724449804220
0.28723638560622927 0.46427267268300054 0.26905371136963369 0.2478724449804220
0.28723638560622927 0.4440020829439163 0.45356427095830443 0.2478724449804220
0.28723638560622927 0.4440020829439163 0.26905371136963369 0.3224161176486240
0.52943634763360015 0.46427267268300054 0.45356427095830443 0.3224161176486240
0.086387511342763901 0.29531692899763584 0.3571039941161871 0.4880692979826940
0.68891636682674284 0.29531692899763584 0.3571039941161871 0.4880692979826940
0.086387511342763901 0.36556422747671602 0.3571039941161871 0.4880692979826940
0.086387511342763901 0.29531692899763584 0.16033594235777857 0.4880692979826940
0.086387511342763901 0.29531692899763584 0.3571039941161871 0.0338795134509439
0.68891636682674284 0.36556422747671602 0.16033594235777857 0.0338795134509439
0.43896285155788056 0.3370315130800009 0.18594545461237433 0.0596638019076553
0.18349124980159104 0.3370315130800009 0.18594545461237433 0.0596638019076553
0.43896285155788056 0.16870396323502063 0.18594545461237433 0.0596638019076553
0.43896285155788056 0.3370315130800009 0.34423841796815396 0.0596638019076553
0.43896285155788056 0.3370315130800009 0.18594545461237433 0.4599195062777950
0.18349124980159104 0.16870396323502063 0.34423841796815396 0.4599195062777950
0.41130199278704815 0.13515186309814453 0.38084740601480005 0.2351938805606430
0.59022670104168351 0.13515186309814453 0.38084740601480005 0.2351938805606430
0.41130199278704815 0.10882197134196758 0.38084740601480005 0.2351938805606430
0.41130199278704815 0.13515186309814453 0.20363571755588056 0.2351938805606430
0.41130199278704815 0.13515186309814453 0.38084740601480005 0.4143003829948600
0.59022670104168351 0.10882197134196758 0.20363571755588056 0.4143003829948600
0.11389204324223101 0.49500007554888725 0.15032156147062781 0.4143145242137810
0.12098887991160154 0.49500007554888725 0.15032156147062781 0.4143145242137810
0.11389204324223101 0.31198182962834836 0.15032156147062781 0.4143145242137810
0.11389204324223101 0.49500007554888725 0.48846951499581337 0.4143145242137810
0.11389204324223101 0.49500007554888725 0.15032156147062781 0.2974207717611310
0.12098887991160154 0.31198182962834836 0.48846951499581337 0.2974207717611310
0.23807293814606961 0.24671161435544492 0.46336991302669051 0.0771792913080896
0.28492210404947399 0.24671161435544492 0.46336991302669051 0.0771792913080896
0.23807293814606961 0.41171565204858784 0.46336991302669051 0.0771792913080896
0.23807293814606961 0.24671161435544492 0.19416696839034558 0.0771792913080896
0.23807293814606961 0.24671161435544492 0.46336991302669051 0.1177918402325470
0.28492210404947399 0.41171565204858784 0.19416696839034558 0.1177918402325470
0.61231958321295676 0.38646690584719179 0.29221268780529497 0.4760076855267000
0.42503386870957904 0.38646690584719179 0.29221268780529497 0.4760076855267000
0.61231958321295676 0.20850219726562502 0.29221268780529497 0.4760076855267000
0.61231958321295676 0.38646690584719179 0.3102120764553547 0.4760076855267000
0.61231958321295676 0.38646690584719179 0.29221268780529497 0.4393084314515620
0.42503386870957904 0.20850219726562502 0.3102120764553547 0.4393084314515620
0.63845778927206986 0.26156041398644447 0.13723420053720475 0.4386959064283510
0.46130218049511307 0.26156041398644447 0.13723420053720475 0.4386959064283510
0.63845778927206986 0.19580286815762521 0.13723420053720475 0.4386959064283510
0.63845778927206986 0.26156041398644447 0.12262776568531991 0.4386959064283510
0.63845778927206986 0.26156041398644447 0.13723420053720475 0.1580139097283900
0.46130218049511307 0.19580286815762521 0.12262776568531991 0.1580139097283900
0.33602892616763708 0.32161581665277483 0.30682881250977517 0.2058428134616570
0.33132179160602387 0.32161581665277483 0.30682881250977517 0.2058428134616570
0.33602892616763708 0.39901222214102749 0.30682881250977517 0.2058428134616570
0.33602892616763708 0.32161581665277483 0.3823616068810225 0.2058428134616570
0.33602892616763708 0.32161581665277483 0.30682881250977517 0.4853203561446040
0.33132179160602387 0.39901222214102749 0.3823616068810225 0.4853203561446040
0.14042698508128523 0.1702910888940096 0.22014762461185455 0.3837646392695410
0.15597277949564159 0.1702910888940096 0.22014762461185455 0.3837646392695410
0.14042698508128523 0.49928164072334769 0.22014762461185455 0.3837646392695410
0.14042698508128523 0.1702910888940096 0.27566320076584816 0.3837646392695410
0.14042698508128523 0.1702910888940096 0.22014762461185455 0.3475040691673090
0.15597277949564159 0.49928164072334769 0.27566320076584816 0.3475040691673090
0.50949602033942931 0.4098631393164397 0.44911103472113612 0.2910087096434830
0.63539156503975391 0.4098631393164397 0.44911103472113612 0.2910087096434830
0.50949602033942931 0.29611939825117589 0.44911103472113612 0.2910087096434830
0.50949602033942931 0.4098631393164397 0.41661295406520371 0.2910087096434830
0.50949602033942931 0.4098631393164397 0.44911103472113612 0.2776601730076920
0.63539156503975391 0.29611939825117589 0.41661295406520371 0.2776601730076920
0.50671966411173341 0.26764921322464941 0.34155594222247598 0.0676602478699965
0.37405512374825772 0.26764921322464941 0.34155594222247598 0.0676602478699965
0.50671966411173341 0.20462494380772114 0.34155594222247598 0.0676602478699965
0.50671966411173341 0.26764921322464941 0.27259800694882874 0.0676602478699965
0.50671966411173341 0.26764921322464941 0.34155594222247598 0.3085698250591740
0.37405512374825772 0.20462494380772114 0.27259800694882874 0.3085698250591740
0.14272861825302241 0.30307698994874954 0.11417313106358051 0.4894370929507500
0.4983224670402705 0.30307698994874954 0.11417313106358051 0.4894370929507500
0.14272861825302241 0.40153651572763926 0.11417313106358051 0.4894370929507500
0.14272861825302241 0.30307698994874954 0.43239136859774596 0.4894370929507500
0.14272861825302241 0.30307698994874954 0.11417313106358051 0.4169215767086050
0.4983224670402705 0.40153651572763926 0.43239136859774596 0.4169215767086050
0.35404120711609716 0.15128075368702412 0.40258812271058564 0.2593514086146100
0.67938451990485182 0.15128075368702412 0.40258812271058564 0.2593514086146100
0.35404120711609716 0.30029207244515421 0.40258812271058564 0.2593514086146100
0.35404120711609716 0.15128075368702412 0.12559530697762966 0.2593514086146100
0.35404120711609716 0.15128075368702412 0.40258812271058564 0.4319993289327920
0.67938451990485182 0.30029207244515421 0.12559530697762966 0.4319993289327920
0.62092271093279117 0.41622508279979231 0.22833669222891331 0.4078590246020090
0.19425268876366314 0.41622508279979231 0.22833669222891331 0.4078590246020090
0.62092271093279117 0.10333033725619317 0.22833669222891331 0.4078590246020090
0.62092271093279117 0.41622508279979231 0.36668085083365443 0.4078590246020090
0.62092271093279117 0.41622508279979231 0.22833669222891331 0.1117773388551980
0.19425268876366314 0.10333033725619317 0.36668085083365443 0.1117773388551980
0.60462336721830068 0.14113090634346009 0.19835807979106904 0.3382763677245550
0.076918022520840165 0.14113090634346009 0.19835807979106904 0.3382763677245550
0.60462336721830068 0.29063081592321394 0.19835807979106904 0.3382763677245550
0.60462336721830068 0.14113090634346009 0.15370210036635401 0.3382763677245550
0.60462336721830068 0.14113090634346009 0.19835807979106904 0.4913286620426880
0.076918022520840165 0.29063081592321394 0.15370210036635401 0.4913286620426880
0.24561158143915235 0.47637569233775146 0.37104707583785057 0.3255383527771270
0.5518685793038457 0.47637569233775146 0.37104707583785057 0.3255383527771270
0.24561158143915235 0.48758883178234103 0.37104707583785057 0.3255383527771270
0.24561158143915235 0.47637569233775146 0.33840313516557219 0.3255383527771270
0.24561158143915235 0.47637569233775146 0.37104707583785057 0.1634196304164760
0.5518685793038457 0.48758883178234103 0.33840313516557219 0.1634196304164760
0.12666731406934559 0.22778664492070677 0.25899934321641926 0.4628093977556540
0.38222261467017227 0.22778664492070677 0.25899934321641926 0.4628093977556540
0.12666731406934559 0.38883613757789137 0.25899934321641926 0.4628093977556540
0.12666731406934559 0.22778664492070677 0.24419824406504631 0.4628093977556540
0.12666731406934559 0.22778664492070677 0.25899934321641926 0.2654838745886730
0.38222261467017227 0.38883613757789137 0.24419824406504631 0.2654838745886730
0.39868677421472959 0.39293879605829718 0.48481954112648962 0.1345036521310900
0.24782358566299079 0.39293879605829718 0.48481954112648962 0.1345036521310900
0.39868677421472959 0.19192256294190885 0.48481954112648962 0.1345036521310900
0.39868677421472959 0.39293879605829718 0.46018080376088621 0.1345036521310900
0.39868677421472959 0.39293879605829718 0.48481954112648962 0.3442201458420700
0.24782358566299079 0.19192256294190885 0.46018080376088621 0.3442201458420700
0.45157915977761143 0.19174427017569542 0.27963602989912034 0.2854172400530430
0.49114655889570707 0.19174427017569542 0.27963602989912034 0.2854172400530430
0.45157915977761143 0.13208939768373967 0.27963602989912034 0.2854172400530430
0.45157915977761143 0.19174427017569542 0.18832810930907729 0.2854172400530430
0.45157915977761143 0.19174427017569542 0.27963602989912034 0.4773055599779340
0.49114655889570707 0.13208939768373967 0.18832810930907729 0.4773055599779340
0.073613640107214454 0.4250299066305161 0.45232676342129707 0.3810380238436980
0.30024788896553212 0.4250299066305161 0.45232676342129707 0.3810380238436980
0.073613640107214454 0.33520491011440756 0.45232676342129707 0.3810380238436980
0.073613640107214454 0.4250299066305161 0.3035818107426167 0.3810380238436980
0.073613640107214454 0.4250299066305161 0.45232676342129707 0.1784598888741460
0.30024788896553212 0.33520491011440756 0.3035818107426167 0.1784598888741460
0.27969913221895693 0.27683759965002541 0.16527781486511231 0.1913811537803260
0.14648092021234332 0.27683759965002541 0.16527781486511231 0.1913811537803260
0.27969913221895693 0.43488532826304438 0.16527781486511231 0.1913811537803260
0.27969913221895693 0.27683759965002541 0.21025582663714887 0.1913811537803260
0.27969913221895693 0.27683759965002541 0.16527781486511231 0.2269739142449670
0.14648092021234332 0.43488532826304438 0.21025582663714887 0.2269739142449670
0.5706921433098614 0.34315541945397854 0.39109937474131584 0.4302894547899340
0.64619299164041877 0.34315541945397854 0.39109937474131584 0.4302894547899340
0.5706921433098614 0.23182303085923195 0.39109937474131584 0.4302894547899340
0.5706921433098614 0.34315541945397854 0.49431853070855147 0.4302894547899340
0.5706921433098614 0.34315541945397854 0.39109937474131584 0.3840828410855950
0.64619299164041877 0.23182303085923195 0.49431853070855147 0.3840828410855950
0.67879694630391896 0.21825045198202134 0.43533886335790162 0.4831433824562670
0.59977811560966077 0.21825045198202134 0.43533886335790162 0.4831433824562670
0.67879694630391896 0.16951115429401398 0.43533886335790162 0.4831433824562670
0.67879694630391896 0.21825045198202134 0.28232014551758766 0.4831433824562670
0.67879694630391896 0.21825045198202134 0.43533886335790162 0.3116989428568640
0.59977811560966077 0.16951115429401398 0.28232014551758766 0.3116989428568640
0.29569349451921878 0.35174332931637764 0.20795473791658881 0.0959174428068396
0.11020734058693051 0.35174332931637764 0.20795473791658881 0.0959174428068396
0.29569349451921878 0.37257564514875419 0.20795473791658881 0.0959174428068396
0.29569349451921878 0.35174332931637764 0.42247391454875471 0.0959174428068396
0.29569349451921878 0.35174332931637764 0.20795473791658881 0.4039082440380010
0.11020734058693051 0.37257564514875419 0.42247391454875471 0.4039082440380010
0.18195647778920826 0.10031939558684827 0.32137080244719984 0.4167766482042540
0.25509758871048688 0.10031939558684827 0.32137080244719984 0.4167766482042540
0.18195647778920826 0.47289236746728425 0.32137080244719984 0.4167766482042540
0.18195647778920826 0.10031939558684827 0.11675207093358041 0.4167766482042540
0.18195647778920826 0.10031939558684827 0.32137080244719984 0.4665401800708550
0.25509758871048688 0.47289236746728425 0.11675207093358041 0.4665401800708550
0.46797024332918219 0.46645401902496819 0.14711768217384816 0.2415606802800340
0.45616731210611755 0.46645401902496819 0.14711768217384816 0.2415606802800340
0.46797024332918219 0.26978038363158707 0.14711768217384816 0.2415606802800340
0.46797024332918219 0.46645401902496819 0.37571939639747143 0.2415606802800340
0.46797024332918219 0.46645401902496819 0.14711768217384816 0.0409624708187539
0.45616731210611755 0.26978038363158707 0.37571939639747143 0.0409624708187539
0.48550648153759535 0.11469321250915528 0.4700375650078058 0.4534661831989260
0.18125002486631275 0.11469321250915528 0.4700375650078058 0.4534661831989260
0.48550648153759535 0.35447437688708305 0.4700375650078058 0.4534661831989260
0.48550648153759535 0.11469321250915528 0.43963985405862338 0.4534661831989260
0.48550648153759535 0.11469321250915528 0.4700375650078058 0.4558938058816960
0.18125002486631275 0.35447437688708305 0.43963985405862338 0.4558938058816960
0.20456544603221116 0.45598645135760307 0.2989765848964453 0.1560017472668110
0.69111764770932493 0.45598645135760307 0.2989765848964453 0.1560017472668110
0.20456544603221116 0.15129039064049721 0.2989765848964453 0.1560017472668110
0.20456544603221116 0.45598645135760307 0.25559011921286584 0.1560017472668110
0.20456544603221116 0.45598645135760307 0.2989765848964453 0.0733502397529519
0.69111764770932493 0.15129039064049721 0.25559011921286584 0.0733502397529519
0.33401321223936969 0.2046700742095709 0.38731983490288258 0.3509173609539120
0.52719450402073553 0.2046700742095709 0.38731983490288258 0.3509173609539120
0.33401321223936969 0.25004307366907597 0.38731983490288258 0.3509173609539120
0.33401321223936969 0.2046700742095709 0.36138558648526675 0.3509173609539120
0.33401321223936969 0.2046700742095709 0.38731983490288258 0.3302095820478540
0.52719450402073553 0.25004307366907597 0.36138558648526675 0.3302095820478540
0.68157458347268396 0.36297995783388615 0.15689005665481093 0.3107447858778350
0.34645262286067002 0.36297995783388615 0.15689005665481093 0.3107447858778350
0.68157458347268396 0.4531826186925173 0.15689005665481093 0.3107447858778350
0.68157458347268396 0.36297995783388615 0.14611891433596613 0.3107447858778350
0.68157458347268396 0.36297995783388615 0.15689005665481093 0.3893817496611860
0.34645262286067002 0.4531826186925173 0.14611891433596613 0.3893817496611860
0.54268612721934906 0.2882694460451603 0.2136264331638813 0.2761535575756870
0.22908820561133325 0.2882694460451603 0.2136264331638813 0.2761535575756870
0.54268612721934906 0.34087007604539399 0.2136264331638813 0.2761535575756870
0.54268612721934906 0.2882694460451603 0.33353537842631342 0.2761535575756870
0.54268612721934906 0.2882694460451603 0.2136264331638813 0.2413804355185890
0.22908820561133325 0.34087007604539399 0.33353537842631342 0.2413804355185890
0.26692269667983054 0.3293798223137856 0.4424936458468437 0.3971840466515420
0.39968847800046198 0.3293798223137856 0.4424936458468437 0.3971840466515420
0.26692269667983054 0.13773405961692334 0.4424936458468437 0.3971840466515420
0.26692269667983054 0.3293798223137856 0.17457949779927731 0.3971840466515420
0.26692269667983054 0.3293798223137856 0.4424936458468437 0.3745249016551910
0.39968847800046198 0.13773405961692334 0.17457949779927731 0.3745249016551910
0.066073720715940004 0.18108148463070395 0.13051760718226435 0.0409197238658438
0.57504755118861794 0.18108148463070395 0.13051760718226435 0.0409197238658438
0.066073720715940004 0.23897851407527926 0.13051760718226435 0.0409197238658438
0.066073720715940004 0.18108148463070395 0.46778303012251854 0.0409197238658438
0.066073720715940004 0.18108148463070395 0.13051760718226435 0.4714762314660580
0.57504755118861794 0.23897851407527926 0.46778303012251854 0.4714762314660580
0.41865401035174721 0.43959894292056567 0.30001620054244993 0.4974782962817830
0.055008567357435825 0.43959894292056567 0.30001620054244993 0.4974782962817830
0.41865401035174721 0.44216469377279288 0.30001620054244993 0.4974782962817830
0.41865401035174721 0.43959894292056567 0.2276178177446127 0.4974782962817830
0.41865401035174721 0.43959894292056567 0.30001620054244993 0.1926131376835770
0.055008567357435825 0.44216469377279288 0.2276178177446127 0.1926131376835770
0.39099078825674943 0.23844953030347826 0.10740899667143822 0.4266170996864170
0.62303399662487202 0.23844953030347826 0.10740899667143822 0.4266170996864170
0.39099078825674943 0.48223462477326395 0.10740899667143822 0.4266170996864170
0.39099078825674943 0.23844953030347826 0.32450751177966597 0.4266170996864170
0.39099078825674943 0.23844953030347826 0.10740899667143822 0.2539051962990700
0.62303399662487202 0.48223462477326395 0.32450751177966597 0.2539051962990700
0.093575889291241762 0.37836965993046767 0.33627484738826752 0.2228043126626640
0.16837036944925782 0.37836965993046767 0.33627484738826752 0.2228043126626640
0.093575889291241762 0.28544416949152951 0.33627484738826752 0.2228043126626640
0.093575889291241762 0.37836965993046767 0.18341204896569252 0.2228043126626640
0.093575889291241762 0.37836965993046767 0.33627484738826752 0.3532833762809980
0.16837036944925782 0.28544416949152951 0.18341204896569252 0.3532833762809980
0.21775665343739092 0.12969897203147412 0.24930069223046303 0.4745010931872040
0.31896360209211705 0.12969897203147412 0.24930069223046303 0.4745010931872040
0.21775665343739092 0.1851274598389864 0.24930069223046303 0.4745010931872040
0.21775665343739092 0.12969897203147412 0.47768980078399181 0.4745010931872040
0.21775665343739092 0.12969897203147412 0.24930069223046303 0.4976154003591340
0.31896360209211705 0.1851274598389864 0.47768980078399181 0.4976154003591340
0.59200826729647815 0.49015137739479542 0.41879754811525349 0.1193470452064840
0.47370039154775434 0.49015137739479542 0.41879754811525349 0.1193470452064840
0.59200826729647815 0.38196540810167789 0.41879754811525349 0.1193470452064840
0.59200826729647815 0.49015137739479542 0.21790635660290719 0.1193470452064840
0.59200826729647815 0.49015137739479542 0.41879754811525349 0.1456692703678070
0.47370039154775434 0.38196540810167789 0.21790635660290719 0.1456692703678070
0.65877395775169134 0.16486103162169458 0.35131592042744164 0.1713397003123750
0.42727559851482505 0.16486103162169458 0.35131592042744164 0.1713397003123750
0.65877395775169134 0.41926502995193005 0.35131592042744164 0.1713397003123750
0.65877395775169134 0.16486103162169458 0.4055158562958241 0.1713397003123750
0.65877395775169134 0.16486103162169458 0.35131592042744164 0.4446543346606000
0.42727559851482505 0.41926502995193005 0.4055158562958241 0.4446543346606000
0.35634012585505837 0.40498855412006385 0.18025663010776044 0.4402843290185380
0.28271977589465674 0.40498855412006385 0.18025663010776044 0.4402843290185380
0.35634012585505837 0.2224250789731741 0.18025663010776044 0.4402843290185380
0.35634012585505837 0.40498855412006385 0.28951880149543285 0.4402843290185380
0.35634012585505837 0.40498855412006385 0.18025663010776044 0.0791568568425338
0.28271977589465674 0.2224250789731741 0.28951880149543285 0.0791568568425338
0.16073830584064125 0.25327548421919344 0.49359794892370701 0.3010723419528690
0.12322999103926122 0.25327548421919344 0.49359794892370701 0.3010723419528690
0.16073830584064125 0.12274464815855027 0.49359794892370701 0.3010723419528690
0.16073830584064125 0.25327548421919344 0.39619317427277567 0.3010723419528690
0.16073830584064125 0.25327548421919344 0.49359794892370701 0.2905909511715940
0.12322999103926122 0.12274464815855027 0.39619317427277567 0.2905909511715940
0.52981229051947587 0.31354446969926358 0.26316948495805265 0.3693634579655020
0.58802499156445265 0.31354446969926358 0.26316948495805265 0.3693634579655020
0.52981229051947587 0.31953138411045079 0.26316948495805265 0.3693634579655020
0.52981229051947587 0.31354446969926358 0.11150663606822492 0.3693634579655020
0.52981229051947587 0.31354446969926358 0.26316948495805265 0.4290428445610430
0.58802499156445265 0.31953138411045079 0.11150663606822492 0.4290428445610430
