0.52276633251458404 0.11587778069078923 0.27151776142418382 0.1770871655851960
0.47765305666252966 0.11587778069078923 0.27151776142418382 0.1770871655851960
0.52276633251458404 0.19741323888301851 0.27151776142418382 0.1770871655851960
0.52276633251458404 0.11587778069078923 0.26219702363014219 0.1770871655851960
0.52276633251458404 0.11587778069078923 0.27151776142418382 0.3370136803263880
0.47765305666252966 0.19741323888301851 0.26219702363014219 0.3370136803263880
0.16512804729864 0.45094560645520687 0.49736249260604382 0.4429112661144150
0.31244333055801687 0.45094560645520687 0.49736249260604382 0.4429112661144150
0.16512804729864 0.39427684396505358 0.49736249260604382 0.4429112661144150
0.16512804729864 0.45094560645520687 0.44533179141581059 0.4429112661144150
0.16512804729864 0.45094560645520687 0.49736249260604382 0.3949240548049890
0.31244333055801687 0.39427684396505358 0.44533179141581059 0.3949240548049890
0.37099521281197662 0.20265563651919366 0.18587625958025455 0.2976397463468030
0.13168872776441276 0.20265563651919366 0.18587625958025455 0.2976397463468030
0.37099521281197662 0.49454472623765466 0.18587625958025455 0.2976397463468030
0.37099521281197662 0.20265563651919366 0.14039081633090975 0.2976397463468030
0.37099521281197662 0.20265563651919366 0.18587625958025455 0.4514084123825230
0.13168872776441276 0.49454472623765466 0.14039081633090975 0.4514084123825230
0.64170068167150018 0.36719127893447878 0.35858959816396241 0.3665717306419620
0.65712817609310148 0.36719127893447878 0.35858959816396241 0.3665717306419620
0.64170068167150018 0.29773128442466257 0.35858959816396241 0.3665717306419620
0.64170068167150018 0.36719127893447878 0.35481464304029942 0.3665717306419620
0.64170068167150018 0.36719127893447878 0.35858959816396241 0.0599144994728069
0.65712817609310148 0.29773128442466257 0.35481464304029942 0.0599144994728069
0.58762039034627378 0.29248153083026407 0.4151306681334973 0.4290630022171920
0.61197276539169254 0.29248153083026407 0.4151306681334973 0.4290630022171920
0.58762039034627378 0.11043159104883671 0.4151306681334973 0.4290630022171920
0.58762039034627378 0.29248153083026407 0.1685952190309763 0.4290630022171920
0.58762039034627378 0.29248153083026407 0.4151306681334973 0.4757391893482990
0.61197276539169254 0.11043159104883671 0.1685952190309763 0.4757391893482990
0.22480447595007713 0.32736614830791955 0.24085475206375123 0.2272889905183430
0.096714591421186921 0.32736614830791955 0.24085475206375123 0.2272889905183430
0.22480447595007713 0.30724722631275658 0.24085475206375123 0.2272889905183430
0.22480447595007713 0.32736614830791955 0.32682994306087498 0.2272889905183430
0.22480447595007713 0.32736614830791955 0.24085475206375123 0.2023145306288670
0.096714591421186921 0.30724722631275658 0.32682994306087498 0.2023145306288670
0.1106510201934725 0.17603987604379656 0.3290988214313984 0.4722966452324800
0.26603325987234711 0.17603987604379656 0.3290988214313984 0.4722966452324800
0.1106510201934725 0.40697648450732238 0.3290988214313984 0.4722966452324800
0.1106510201934725 0.17603987604379656 0.23428559042513372 0.4722966452324800
0.1106510201934725 0.17603987604379656 0.3290988214313984 0.2326706663648210
0.26603325987234711 0.40697648450732238 0.23428559042513372 0.2326706663648210
0.37633755612187081 0.44078274741768841 0.10169171541929245 0.1131412888178450
0.4413746716920286 0.44078274741768841 0.10169171541929245 0.1131412888178450
0.37633755612187081 0.21011640802025797 0.10169171541929245 0.1131412888178450
0.37633755612187081 0.44078274741768841 0.473804771900177 0.1131412888178450
0.37633755612187081 0.44078274741768841 0.10169171541929245 0.3684579280612140
0.4413746716920286 0.21011640802025797 0.473804771900177 0.3684579280612140
0.43589775087311855 0.24349170513451102 0.30885276570916176 0.2719662637285420
0.36090751434676344 0.24349170513451102 0.30885276570916176 0.2719662637285420
0.43589775087311855 0.26272224634885788 0.30885276570916176 0.2719662637285420
0.43589775087311855 0.24349170513451102 0.17695017307996752 0.2719662637285420
0.43589775087311855 0.24349170513451102 0.30885276570916176 0.4938015751197800
0.36090751434676344 0.26272224634885788 0.17695017307996752 0.4938015751197800
0.051569261774420741 0.37718605212867262 0.13457511216402054 0.3942814023231970
0.51022903583943835 0.37718605212867262 0.13457511216402054 0.3942814023231970
0.051569261774420741 0.46588191092014319 0.13457511216402054 0.3942814023231970
0.051569261774420741 0.37718605212867262 0.31867030449211597 0.3942814023231970
0.051569261774420741 0.37718605212867262 0.13457511216402054 0.1343289610865130
0.51022903583943835 0.46588191092014319 0.31867030449211597 0.1343289610865130
0.26238604653626679 0.1254874534904957 0.44782030209898949 0.0477398801463333
0.66495806640014044 0.1254874534904957 0.44782030209898949 0.0477398801463333
0.26238604653626679 0.36717805676162241 0.44782030209898949 0.0477398801463333
0.26238604653626679 0.1254874534904957 0.2236845448613167 0.0477398801463333
0.26238604653626679 0.1254874534904957 0.44782030209898949 0.2623869653332720
0.66495806640014044 0.36717805676162241 0.2236845448613167 0.2623869653332720
0.54956534011289471 0.49216524809598927 0.22041183412075044 0.4993579953693190
0.20491884653456505 0.49216524809598927 0.22041183412075044 0.4993579953693190
0.54956534011289471 0.16396517716348172 0.22041183412075044 0.4993579953693190
0.54956534011289471 0.49216524809598927 0.48421050794422626 0.4993579953693190
0.54956534011289471 0.49216524809598927 0.22041183412075044 0.3595092997792270
0.20491884653456505 0.16396517716348172 0.48421050794422626 0.3595092997792270
0.69608089723624289 0.16687566600739956 0.15273488797247411 0.4513706599095250
0.088823799509555101 0.16687566600739956 0.15273488797247411 0.4513706599095250
0.69608089723624289 0.22627779133617879 0.15273488797247411 0.4513706599095250
0.69608089723624289 0.16687566600739956 0.29545584805309777 0.4513706599095250
0.69608089723624289 0.16687566600739956 0.15273488797247411 0.2829340584985600
0.088823799509555101 0.22627779133617879 0.29545584805309777 0.2829340584985600
0.31677132654003792 0.40077779926359658 0.37858093343675137 0.1509912108588820
0.53872172296978527 0.40077779926359658 0.37858093343675137 0.1509912108588820
0.31677132654003792 0.42948695160448558 0.37858093343675137 0.1509912108588820
0.31677132654003792 0.40077779926359658 0.41226828247308733 0.1509912108588820
0.31677132654003792 0.40077779926359658 0.37858093343675137 0.4239817566209190
0.53872172296978527 0.42948695160448558 0.41226828247308733 0.4239817566209190
0.19768809764645989 0.25209111273288731 0.29209353215992451 0.3544474804354190
0.39288925915025169 0.25209111273288731 0.29209353215992451 0.3544474804354190
0.19768809764645989 0.32819366827607155 0.29209353215992451 0.3544474804354190
0.19768809764645989 0.25209111273288731 0.10469058938324452 0.3544474804354190
0.19768809764645989 0.25209111273288731 0.29209353215992451 0.4493499511999200
0.39288925915025169 0.32819366827607155 0.10469058938324452 0.4493499511999200
0.49004499618895347 0.31858588084578515 0.46480856053531172 0.3147257700220800
0.23339668419212101 0.31858588084578515 0.46480856053531172 0.3147257700220800
0.49004499618895347 0.12503200098872186 0.46480856053531172 0.3147257700220800
0.49004499618895347 0.31858588084578515 0.39031956046819694 0.3147257700220800
0.49004499618895347 0.31858588084578515 0.46480856053531172 0.0916810488576420
0.23339668419212101 0.12503200098872186 0.39031956046819694 0.0916810488576420
0.462192576797679 0.26253418438136578 0.14306055866181852 0.4808830671940110
0.63014062014408401 0.26253418438136578 0.14306055866181852 0.4808830671940110
0.462192576797679 0.44756459407508375 0.14306055866181852 0.4808830671940110
0.462192576797679 0.26253418438136578 0.42640835344791417 0.4808830671940110
0.462192576797679 0.26253418438136578 0.14306055866181852 0.4368620607422230
0.63014062014408401 0.44756459407508375 0.42640835344791417 0.4368620607422230
0.18507544822059568 0.3042365599423647 0.3125346187502146 0.0889758378636640
0.15994584886357188 0.3042365599423647 0.3125346187502146 0.0889758378636640
0.18507544822059568 0.24452223144471646 0.3125346187502146 0.0889758378636640
0.18507544822059568 0.3042365599423647 0.26589230932295327 0.0889758378636640
0.18507544822059568 0.3042365599423647 0.3125346187502146 0.1239158709203100
0.15994584886357188 0.24452223144471646 0.26589230932295327 0.1239158709203100
0.30907781044952565 0.15566355735063553 0.20116895548999311 0.4191443585818650
0.32483104467391966 0.15566355735063553 0.20116895548999311 0.4191443585818650
0.30907781044952565 0.14479298442602159 0.20116895548999311 0.4191443585818650
0.30907781044952565 0.15566355735063553 0.37334755063056946 0.4191443585818650
0.30907781044952565 0.15566355735063553 0.20116895548999311 0.3010181957283020
0.32483104467391966 0.14479298442602159 0.37334755063056946 0.3010181957283020
0.66299196169711649 0.41433365717530257 0.43001182563602924 0.2455620059721000
0.46399577739648512 0.41433365717530257 0.43001182563602924 0.2455620059721000
0.66299196169711649 0.34787978827953336 0.43001182563602924 0.2455620059721000
0.66299196169711649 0.41433365717530257 0.13161750175058842 0.2455620059721000
0.66299196169711649 0.41433365717530257 0.43001182563602924 0.4116718434171230
0.46399577739648512 0.34787978827953336 0.13161750175058842 0.4116718434171230
0.56757255783304572 0.13923871852457526 0.39983789473772047 0.2815838304608250
0.41885028127580876 0.13923871852457526 0.39983789473772047 0.2815838304608250
0.56757255783304572 0.46019154563546183 0.39983789473772047 0.2815838304608250
0.56757255783304572 0.13923871852457526 0.34500901438295839 0.2815838304608250
0.56757255783304572 0.13923871852457526 0.39983789473772047 0.2736283457444620
0.41885028127580876 0.46019154563546183 0.34500901438295839 0.2736283457444620
0.28547618370503186 0.48075773380696774 0.16943260207772254 0.3781624802790340
0.28982715732417996 0.48075773380696774 0.16943260207772254 0.3781624802790340
0.28547618370503186 0.25710273906588554 0.16943260207772254 0.3781624802790340
0.28547618370503186 0.48075773380696774 0.15939453840255738 0.3781624802790340
0.28547618370503186 0.48075773380696774 0.16943260207772254 0.3508869484875020
0.28982715732417996 0.25710273906588554 0.15939453840255738 0.3508869484875020
0.089417999982833868 0.22894697710871698 0.45755614936351774 0.1965437377672590
0.11352585875429212 0.22894697710871698 0.45755614936351774 0.1965437377672590
0.089417999982833868 0.15683484561741354 0.45755614936351774 0.1965437377672590
0.089417999982833868 0.22894697710871698 0.4544539216905833 0.1965437377672590
0.089417999982833868 0.22894697710871698 0.45755614936351774 0.4872702422247100
0.11352585875429212 0.15683484561741354 0.4544539216905833 0.4872702422247100
0.43819421911612144 0.38782452940940859 0.28651946410536766 0.4328581328337650
0.59389199102297419 0.38782452940940859 0.28651946410536766 0.4328581328337650
0.43819421911612144 0.35987348891794679 0.28651946410536766 0.4328581328337650
0.43819421911612144 0.38782452940940859 0.23762699067592621 0.4328581328337650
0.43819421911612144 0.38782452940940859 0.28651946410536766 0.1526166113675550
0.59389199102297419 0.35987348891794679 0.23762699067592621 0.1526166113675550
0.41465974370948966 0.19058451615273952 0.48105537891387939 0.3417392546354370
0.18808761201798913 0.19058451615273952 0.48105537891387939 0.3417392546354370
0.41465974370948966 0.31257775984704494 0.48105537891387939 0.3417392546354370
0.41465974370948966 0.19058451615273952 0.30951783210039141 0.3417392546354370
0.41465974370948966 0.19058451615273952 0.48105537891387939 0.2175408949959890
0.18808761201798913 0.31257775984704494 0.30951783210039141 0.2175408949959890
0.113431146601215 0.43014435805380347 0.25065144822001462 0.3291338105658570
0.68305885638110331 0.43014435805380347 0.25065144822001462 0.3291338105658570
0.113431146601215 0.11564186625182629 0.25065144822001462 0.3291338105658570
0.113431146601215 0.43014435805380347 0.19508103616535666 0.3291338105658570
0.113431146601215 0.43014435805380347 0.25065144822001462 0.3782568368829150
0.68305885638110331 0.11564186625182629 0.19508103616535666 0.3782568368829150
0.24234322276897724 0.27873036563396458 0.36377301663160322 0.4606447743207350
0.5327730834949761 0.27873036563396458 0.36377301663160322 0.4606447743207350
0.24234322276897724 0.21693513691425326 0.36377301663160322 0.4606447743207350
0.24234322276897724 0.27873036563396458 0.48750369995832443 0.4606447743207350
0.24234322276897724 0.27873036563396458 0.36377301663160322 0.4814504300583980
0.5327730834949761 0.21693513691425326 0.48750369995832443 0.4814504300583980
0.610231809085235 0.33877356275916104 0.19273806884884837 0.1288737227614120
0.33709391122683879 0.33877356275916104 0.19273806884884837 0.1288737227614120
0.610231809085235 0.41382353752851486 0.19273806884884837 0.1288737227614120
0.610231809085235 0.33877356275916104 0.20438190288841726 0.1288737227614120
0.610231809085235 0.33877356275916104 0.19273806884884837 0.1888746097632890
0.33709391122683879 0.41382353752851486 0.20438190288841726 0.1888746097632890
0.63415825366973877 0.21386783309280874 0.23678225092589855 0.0736995338479473
0.22102861762978132 0.21386783309280874 0.23678225092589855 0.0736995338479473
0.63415825366973877 0.37652317807078362 0.23678225092589855 0.0736995338479473
0.63415825366973877 0.21386783309280874 0.41601330228149891 0.0736995338479473
0.63415825366973877 0.21386783309280874 0.23678225092589855 0.4620488859986770
0.22102861762978132 0.37652317807078362 0.41601330228149891 0.4620488859986770
0.33806761289015408 0.35363533310592177 0.40625462122261524 0.4912525124615500
0.40652682306244964 0.35363533310592177 0.40625462122261524 0.4912525124615500
0.33806761289015408 0.1796383060514927 0.40625462122261524 0.4912525124615500
0.33806761289015408 0.35363533310592177 0.27648267596960069 0.4912525124615500
0.33806761289015408 0.35363533310592177 0.40625462122261524 0.0267101474681981
0.40652682306244964 0.1796383060514927 0.27648267596960069 0.0267101474681981
0.13711956134065983 0.10543460920453072 0.11989079378545285 0.2546991297676280
0.56568932142108674 0.10543460920453072 0.11989079378545285 0.2546991297676280
0.13711956134065983 0.27834217287600038 0.11989079378545285 0.2546991297676280
0.13711956134065983 0.10543460920453072 0.38149651177227495 0.2546991297676280
0.13711956134065983 0.10543460920453072 0.11989079378545285 0.3188418698188250
0.56568932142108674 0.27834217287600038 0.38149651177227495 0.3188418698188250
0.50998740773648021 0.46529502719640736 0.34873234964907174 0.4048903963598970
0.060586703708395362 0.46529502719640736 0.34873234964907174 0.4048903963598970
0.50998740773648021 0.47528025992214684 0.34873234964907174 0.4048903963598970
0.50998740773648021 0.46529502719640736 0.12327323108911514 0.4048903963598970
0.50998740773648021 0.46529502719640736 0.34873234964907174 0.4093904648972720
0.060586703708395362 0.47528025992214684 0.12327323108911514 0.4093904648972720
0.50245005749166005 0.20750542469322683 0.44183698743581779 0.4360622673058170
0.44869468146935099 0.20750542469322683 0.44183698743581779 0.4360622673058170
0.50245005749166005 0.42399961985647683 0.44183698743581779 0.4360622673058170
0.50245005749166005 0.20750542469322683 0.36593472361564638 0.4360622673058170
0.50245005749166005 0.20750542469322683 0.44183698743581779 0.3870066545817010
0.44869468146935099 0.42399961985647683 0.36593472361564638 0.3870066545817010
0.14481672169640658 0.37264537028968336 0.21452762559056282 0.2005581930364700
0.25875327163375911 0.37264537028968336 0.21452762559056282 0.2005581930364700
0.14481672169640658 0.22081544585525992 0.21452762559056282 0.2005581930364700
0.14481672169640658 0.37264537028968336 0.126561251655221 0.2005581930364700
0.14481672169640658 0.37264537028968336 0.21452762559056282 0.2222075789847560
0.25875327163375911 0.22081544585525992 0.126561251655221 0.2222075789847560
0.3506840179674327 0.12397316172719003 0.30306466221809392 0.3863677636793800
0.10403398252092302 0.12397316172719003 0.30306466221809392 0.3863677636793800
0.3506840179674327 0.12113045081496239 0.30306466221809392 0.3863677636793800
0.3506840179674327 0.12397316172719003 0.43147743046283726 0.3863677636793800
0.3506840179674327 0.12397316172719003 0.30306466221809392 0.1734833097562310
0.10403398252092302 0.12113045081496239 0.43147743046283726 0.1734833097562310
0.62138451803475614 0.4592057392001152 0.12888631746172907 0.2944541725461300
0.60469339583069082 0.4592057392001152 0.12888631746172907 0.2944541725461300
0.62138451803475614 0.32427056506276131 0.12888631746172907 0.2944541725461300
0.62138451803475614 0.4592057392001152 0.27329230941832067 0.2944541725461300
0.62138451803475614 0.4592057392001152 0.12888631746172907 0.4793803672688730
0.60469339583069082 0.32427056506276131 0.27329230941832067 0.4793803672688730
0.60793170141987496 0.18411232791841031 0.29793033860623841 0.2308626577471020
0.63969201776199036 0.18411232791841031 0.29793033860623841 0.2308626577471020
0.60793170141987496 0.48697001338005064 0.29793033860623841 0.2308626577471020
0.60793170141987496 0.18411232791841031 0.45953537262976174 0.2308626577471020
0.60793170141987496 0.18411232791841031 0.29793033860623841 0.0479817835857077
0.63969201776199036 0.48697001338005064 0.45953537262976174 0.0479817835857077
0.2451207558158785 0.44906886257231238 0.47054630853235724 0.4117765674508590
0.14916428774595258 0.44906886257231238 0.47054630853235724 0.4117765674508590
0.2451207558158785 0.28383380919694901 0.47054630853235724 0.4117765674508590
0.2451207558158785 0.44906886257231238 0.24506349265575411 0.4117765674508590
0.2451207558158785 0.44906886257231238 0.47054630853235724 0.4642585764977600
0.14916428774595258 0.28383380919694901 0.24506349265575411 0.4642585764977600
0.13096717898733912 0.29735426008701327 0.15876710824668408 0.0838087925739961
0.29500655112788077 0.29735426008701327 0.15876710824668408 0.0838087925739961
0.13096717898733912 0.18351556323468687 0.15876710824668408 0.0838087925739961
0.13096717898733912 0.29735426008701327 0.33758381344377997 0.0838087925739961
0.13096717898733912 0.29735426008701327 0.15876710824668408 0.4012724697637020
0.29500655112788077 0.18351556323468687 0.33758381344377997 0.4012724697637020
0.39664876549504691 0.33279424533247948 0.38451389260590074 0.4781527870459730
0.49512923774309447 0.33279424533247948 0.38451389260590074 0.4781527870459730
0.39664876549504691 0.38670231215655804 0.38451389260590074 0.4781527870459730
0.39664876549504691 0.33279424533247948 0.15430178642272951 0.4781527870459730
0.39664876549504691 0.33279424533247948 0.38451389260590074 0.3152659620053040
0.49512923774309447 0.38670231215655804 0.15430178642272951 0.3152659620053040
0.45620659692212934 0.13311434723436832 0.17915968410670757 0.4020058320709500
0.25083303987048566 0.13311434723436832 0.17915968410670757 0.4020058320709500
0.45620659692212934 0.33926009722054007 0.17915968410670757 0.4020058320709500
0.45620659692212934 0.13311434723436832 0.49494263380765913 0.4020058320709500
0.45620659692212934 0.13311434723436832 0.17915968410670757 0.1059093501192250
0.25083303987048566 0.33926009722054007 0.49494263380765913 0.1059093501192250
0.071883057244122028 0.4992367651313544 0.35177696831524374 0.2522821208869520
0.37541295941919084 0.4992367651313544 0.35177696831524374 0.2522821208869520
0.071883057244122028 0.14246906675398352 0.35177696831524374 0.2522821208869520
0.071883057244122028 0.4992367651313544 0.20946092195808888 0.2522821208869520
0.071883057244122028 0.4992367651313544 0.35177696831524374 0.4344294390301530
0.37541295941919084 0.14246906675398352 0.20946092195808888 0.4344294390301530
0.28269973061978815 0.24791887924075129 0.26499659977853296 0.4861313561482940
0.55615745754912493 0.24791887924075129 0.26499659977853296 0.4861313561482940
0.28269973061978815 0.24371503666043282 0.26499659977853296 0.4861313561482940
0.28269973061978815 0.24791887924075129 0.30442264825105669 0.4861313561482940
0.28269973061978815 0.24791887924075129 0.26499659977853296 0.4195224256169740
0.55615745754912493 0.24371503666043282 0.30442264825105669 0.4195224256169740
0.56987405540421598 0.38139954805374143 0.49074507392942912 0.0531078015676222
0.071348120877519253 0.38139954805374143 0.49074507392942912 0.0531078015676222
0.56987405540421598 0.44055317863821986 0.49074507392942912 0.0531078015676222
0.56987405540421598 0.38139954805374143 0.18765826709568501 0.0531078015676222
0.56987405540421598 0.38139954805374143 0.49074507392942912 0.3047302066852280
0.071348120877519253 0.44055317863821986 0.18765826709568501 0.3047302066852280
0.67576709692366421 0.25649534575641153 0.33557128012180326 0.1462885094675720
0.19759965157136317 0.25649534575641153 0.33557128012180326 0.1462885094675720
0.67576709692366421 0.35286512523889546 0.33557128012180326 0.1462885094675720
0.67576709692366421 0.25649534575641153 0.37643811590969567 0.1462885094675720
0.67576709692366421 0.25649534575641153 0.33557128012180326 0.3410546875721410
0.19759965157136317 0.35286512523889546 0.37643811590969567 0.3410546875721410
0.29646249501965938 0.32282537110149861 0.10826018080115318 0.4663006030335070
0.67223793719895175 0.32282537110149861 0.10826018080115318 0.4663006030335070
0.29646249501965938 0.15602459907531741 0.10826018080115318 0.4663006030335070
0.29646249501965938 0.32282537110149861 0.11586254984140397 0.4663006030335070
0.29646249501965938 0.32282537110149861 0.10826018080115318 0.2695764634612210
0.67223793719895175 0.15602459907531741 0.11586254984140397 0.2695764634612210
0.17737936782650648 0.17452548891305925 0.42179833799600608 0.3310532257824310
0.5029092221986502 0.17452548891305925 0.42179833799600608 0.3310532257824310
0.17737936782650648 0.25478187315166001 0.42179833799600608 0.3310532257824310
0.17737936782650648 0.17452548891305925 0.42341544814407828 0.3310532257824310
0.17737936782650648 0.17452548891305925 0.42179833799600608 0.1688071748444150
0.5029092221986502 0.25478187315166001 0.42341544814407828 0.1688071748444150
0.4697313169483095 0.40782333388924596 0.24761863127350808 0.3452582275303520
0.36818800382316108 0.40782333388924596 0.24761863127350808 0.3452582275303520
0.4697313169483095 0.45156880281865597 0.24761863127350808 0.3452582275303520
0.4697313169483095 0.40782333388924596 0.28154960721731187 0.3452582275303520
0.4697313169483095 0.40782333388924596 0.24761863127350808 0.4892701653616980
0.36818800382316108 0.45156880281865597 0.28154960721731187 0.4892701653616980
0.48250636742450292 0.16074991188943388 0.36960984691977505 0.1097641537813650
0.58089949958957732 0.16074991188943388 0.36960984691977505 0.1097641537813650
0.48250636742450292 0.17415041401982306 0.36960984691977505 0.1097641537813650
0.48250636742450292 0.16074991188943388 0.14547338783740998 0.1097641537813650
0.48250636742450292 0.16074991188943388 0.36960984691977505 0.1400207979918150
0.58089949958957732 0.17415041401982306 0.14547338783740998 0.1400207979918150
0.20538428942672904 0.41925516165792942 0.19847579300403595 0.4700130041951910
0.12655837172642348 0.41925516165792942 0.19847579300403595 0.4700130041951910
0.20538428942672904 0.37106141671538351 0.19847579300403595 0.4700130041951910
0.20538428942672904 0.41925516165792942 0.36225073970854282 0.4700130041951910
0.20538428942672904 0.41925516165792942 0.19847579300403595 0.4996222771424880
0.12655837172642348 0.37106141671538351 0.36225073970854282 0.4996222771424880
0.32938653058372436 0.27106439769268037 0.48708762302994735 0.2130493447236590
0.27683404479175805 0.27106439769268037 0.48708762302994735 0.2130493447236590
0.32938653058372436 0.47137965150177485 0.48708762302994735 0.2130493447236590
0.32938653058372436 0.27106439769268037 0.25477070212364195 0.2130493447236590
0.32938653058372436 0.27106439769268037 0.48708762302994735 0.3563574988171840
0.27683404479175805 0.47137965150177485 0.25477070212364195 0.3563574988171840
0.68330565062351523 0.31216256842017176 0.25658438354730606 0.4225854505752890
0.43188341534696512 0.31216256842017176 0.25658438354730606 0.4225854505752890
0.68330565062351523 0.27441810406744482 0.25658438354730606 0.4225854505752890
0.68330565062351523 0.31216256842017176 0.44023944474756715 0.4225854505752890
0.68330565062351523 0.31216256842017176 0.25658438354730606 0.2496682881196860
0.43188341534696512 0.27441810406744482 0.44023944474756715 0.2496682881196860
0.54726372146978974 0.23745129294693471 0.11390750296413898 0.3743349633467070
0.46687211543321605 0.23745129294693471 0.11390750296413898 0.3743349633467070
0.54726372146978974 0.13673091046512129 0.11390750296413898 0.3743349633467070
0.54726372146978974 0.23745129294693471 0.22687159515917302 0.3743349633467070
0.54726372146978974 0.23745129294693471 0.11390750296413898 0.4265071328983520
0.46687211543321605 0.13673091046512129 0.22687159515917302 0.4265071328983520
0.26516237854957581 0.39577338509261606 0.34284811727702619 0.3090330331534100
0.32199410828761754 0.39577338509261606 0.34284811727702619 0.3090330331534100
0.26516237854957581 0.33368835709989075 0.34284811727702619 0.3090330331534100
0.26516237854957581 0.39577338509261606 0.46874887943267829 0.3090330331534100
0.26516237854957581 0.39577338509261606 0.34284811727702619 0.2945581273604500
0.32199410828761754 0.33368835709989075 0.46874887943267829 0.2945581273604500
0.069104325585067267 0.14435095861554148 0.23099417127668859 0.4454153765422660
0.16282156822271643 0.14435095861554148 0.23099417127668859 0.4454153765422660
0.069104325585067267 0.43337336331605913 0.23099417127668859 0.4454153765422660
0.069104325585067267 0.14435095861554148 0.17366546429693699 0.4454153765422660
0.069104325585067267 0.14435095861554148 0.23099417127668859 0.0853299677937974
0.16282156822271643 0.43337336331605913 0.17366546429693699 0.0853299677937974
0.41788549413904541 0.48565640300512314 0.40056580267846587 0.1800134908764890
0.62730430243536828 0.48565640300512314 0.40056580267846587 0.1800134908764890
0.41788549413904541 0.23645997643470765 0.40056580267846587 0.1800134908764890
0.41788549413904541 0.48565640300512314 0.33422958552837373 0.1800134908764890
0.41788549413904541 0.48565640300512314 0.40056580267846587 0.4422928656143040
0.62730430243536828 0.23645997643470765 0.33422958552837373 0.4422928656143040
0.39434842295013361 0.28611773960292342 0.20764139033854009 0.3176203392605090
0.057710555754601961 0.28611773960292342 0.20764139033854009 0.3176203392605090
0.39434842295013361 0.28911464437842371 0.20764139033854009 0.3176203392605090
0.39434842295013361 0.28611773960292342 0.21862498074769976 0.3176203392605090
0.39434842295013361 0.28611773960292342 0.20764139033854009 0.3921009041946400
0.057710555754601961 0.28911464437842371 0.21862498074769976 0.3921009041946400
0.093114876421168447 0.34637451656162743 0.43658031485974791 0.3586202589104960
0.56852552532218392 0.34637451656162743 0.43658031485974791 0.3586202589104960
0.093114876421168447 0.49222996309399603 0.43658031485974791 0.3586202589104960
0.093114876421168447 0.34637451656162743 0.47680018432438376 0.3586202589104960
0.093114876421168447 0.34637451656162743 0.43658031485974791 0.3267698243205400
0.56852552532218392 0.49222996309399603 0.47680018432438376 0.3267698243205400
0.22202705428935587 0.19457981139421465 0.14972820468246939 0.1688661984616080
0.40365005643106994 0.19457981139421465 0.14972820468246939 0.1688661984616080
0.22202705428935587 0.39347270168364046 0.14972820468246939 0.1688661984616080
0.22202705428935587 0.19457981139421465 0.18435348719358446 0.1688661984616080
0.22202705428935587 0.19457981139421465 0.14972820468246939 0.0666492549787261
0.40365005643106994 0.39347270168364046 0.18435348719358446 0.0666492549787261
0.58992060939781366 0.43469512835144997 0.31929852180182938 0.4577852326196320
0.22386544020846483 0.43469512835144997 0.31929852180182938 0.4577852326196320
0.58992060939781366 0.19041097946465016 0.31929852180182938 0.4577852326196320
0.58992060939781366 0.43469512835144997 0.3237368781119585 0.4577852326196320
0.58992060939781366 0.43469512835144997 0.31929852180182938 0.4582295081956840
0.22386544020846483 0.19041097946465016 0.3237368781119585 0.4582295081956840
0.6544745383784174 0.10940401889383794 0.45083955004811294 0.4939095403539050
0.35008721505291757 0.10940401889383794 0.45083955004811294 0.4939095403539050
0.6544745383784174 0.20311109684407713 0.45083955004811294 0.4939095403539050
0.6544745383784174 0.10940401889383794 0.11213064379990101 0.4939095403539050
0.6544745383784174 0.10940401889383794 0.45083955004811294 0.1974012309750100
0.35008721505291757 0.20311109684407713 0.11213064379990101 0.1974012309750100
0.35837892880663269 0.46986863277852542 0.27970685809850693 0.0241438937424449
0.51974045550450676 0.46986863277852542 0.27970685809850693 0.0241438937424449
0.35837892880663269 0.40617539398372171 0.27970685809850693 0.0241438937424449
0.35837892880663269 0.46986863277852542 0.39539817422628409 0.0241438937424449
0.35837892880663269 0.46986863277852542 0.27970685809850693 0.4693546690047200
0.51974045550450676 0.40617539398372171 0.39539817422628409 0.4693546690047200
0.15743076587095856 0.22128110453486444 0.39331670925021178 0.3905831760737410
0.69605153910815709 0.22128110453486444 0.39331670925021178 0.3905831760737410
0.15743076587095856 0.30492941141128538 0.39331670925021178 0.3905831760737410
0.15743076587095856 0.22128110453486444 0.29035954363644123 0.3905831760737410
0.15743076587095856 0.22128110453486444 0.39331670925021178 0.3715041260692870
0.69605153910815709 0.30492941141128538 0.29035954363644123 0.3715041260692870
0.53030356168746939 0.36121343970298769 0.16281520724296572 0.2686381835195150
0.17505560512654483 0.36121343970298769 0.16281520724296572 0.2686381835195150
0.53030356168746939 0.10181800276041031 0.16281520724296572 0.2686381835195150
0.53030356168746939 0.36121343970298769 0.4048459187150002 0.2686381835195150
0.53030356168746939 0.36121343970298769 0.16281520724296572 0.2459493612451220
0.17505560512654483 0.10181800276041031 0.4048459187150002 0.2459493612451220
