0.52873899326659735 0.16460343860089779 0.45907836258411405 0.4235255200286920
0.65448199217207725 0.16460343860089779 0.45907836258411405 0.4235255200286920
0.52873899326659735 0.45384189337491987 0.45907836258411405 0.4235255200286920
0.52873899326659735 0.16460343860089779 0.18471871502697468 0.4235255200286920
0.52873899326659735 0.16460343860089779 0.45907836258411405 0.3185358383751000
0.65448199217207725 0.45384189337491987 0.18471871502697468 0.3185358383751000
0.1614947638940066 0.40612276531755931 0.28480073437094688 0.2147784119657180
0.13414492076262829 0.40612276531755931 0.28480073437094688 0.2147784119657180
0.1614947638940066 0.25075098574161531 0.28480073437094688 0.2147784119657180
0.1614947638940066 0.40612276531755931 0.32024624496698384 0.2147784119657180
0.1614947638940066 0.40612276531755931 0.28480073437094688 0.4071910325251530
0.13414492076262829 0.25075098574161531 0.32024624496698384 0.4071910325251530
0.35677958852611474 0.254314124584198 0.39843695312738425 0.4686872866557020
0.3098113980144262 0.254314124584198 0.39843695312738425 0.4686872866557020
0.35677958852611474 0.15107075981795789 0.39843695312738425 0.4686872866557020
0.35677958852611474 0.254314124584198 0.21279100365936757 0.4686872866557020
0.35677958852611474 0.254314124584198 0.39843695312738425 0.4616498353930880
0.3098113980144262 0.15107075981795789 0.21279100365936757 0.4616498353930880
0.65865257647819808 0.31319171115756039 0.17102851048111917 0.1059904517727030
0.48007515217177565 0.31319171115756039 0.17102851048111917 0.1059904517727030
0.65865257647819808 0.35410807095468044 0.17102851048111917 0.1059904517727030
0.65865257647819808 0.31319171115756039 0.47950956672430045 0.1059904517727030
0.65865257647819808 0.31319171115756039 0.17102851048111917 0.0200328231145787
0.48007515217177565 0.35410807095468044 0.47950956672430045 0.0200328231145787
0.59085539067164061 0.23790222294628621 0.20257025472819806 0.1882436598878390
0.44399040844291443 0.23790222294628621 0.20257025472819806 0.1882436598878390
0.59085539067164061 0.44140795357525353 0.20257025472819806 0.1882436598878390
0.59085539067164061 0.23790222294628621 0.29072666615247728 0.1882436598878390
0.59085539067164061 0.23790222294628621 0.20257025472819806 0.4807582959446520
0.44399040844291443 0.44140795357525353 0.29072666615247728 0.4807582959446520
0.21859284341335294 0.37960437647998335 0.42841632254421713 0.4492025145007630
0.26354553489945826 0.37960437647998335 0.42841632254421713 0.4492025145007630
0.21859284341335294 0.23836806751787665 0.42841632254421713 0.4492025145007630
0.21859284341335294 0.37960437647998335 0.40135415382683282 0.4492025145007630
0.21859284341335294 0.37960437647998335 0.42841632254421713 0.1859924820901770
0.26354553489945826 0.23836806751787665 0.40135415382683282 0.1859924820901770
0.094094309024512768 0.13102773204445839 0.14153794012963772 0.3039931294479420
0.099294990906491881 0.13102773204445839 0.14153794012963772 0.3039931294479420
0.094094309024512768 0.13805153742432597 0.14153794012963772 0.3039931294479420
0.094094309024512768 0.13102773204445839 0.10629477053880693 0.3039931294479420
0.094094309024512768 0.13102773204445839 0.14153794012963772 0.2155231002041330
0.099294990906491881 0.13805153742432597 0.10629477053880693 0.2155231002041330
0.39079029252752656 0.48969770818948744 0.31425299085676672 0.3702158592052060
0.60950053157284856 0.48969770818948744 0.31425299085676672 0.3702158592052060
0.39079029252752656 0.34113853499293328 0.31425299085676672 0.3702158592052060
0.39079029252752656 0.48969770818948744 0.39810868985950953 0.3702158592052060
0.39079029252752656 0.48969770818948744 0.31425299085676672 0.3762860683331880
0.60950053157284856 0.34113853499293328 0.39810868985950953 0.3762860683331880
0.41885001189075405 0.2885033767670393 0.12129177115857602 0.4541243316654940
0.20246768891811368 0.2885033767670393 0.12129177115857602 0.4541243316654940
0.41885001189075405 0.3813061326742172 0.12129177115857602 0.4541243316654940
0.41885001189075405 0.2885033767670393 0.25123004950582983 0.4541243316654940
0.41885001189075405 0.2885033767670393 0.12129177115857602 0.4871595808997940
0.20246768891811368 0.3813061326742172 0.25123004950582983 0.4871595808997940
0.065561034949496388 0.32827080078423021 0.34713647700846195 0.1602149913125380
0.66759921493940055 0.32827080078423021 0.34713647700846195 0.1602149913125380
0.065561034949496388 0.18441954702138902 0.34713647700846195 0.1602149913125380
0.065561034949496388 0.32827080078423021 0.44065545499324799 0.1602149913125380
0.065561034949496388 0.32827080078423021 0.34713647700846195 0.1482544996752000
0.66759921493940055 0.18441954702138902 0.44065545499324799 0.1482544996752000
0.26609224067069587 0.18006648272275927 0.23525997810065746 0.3629045813560990
0.50780205992050464 0.18006648272275927 0.23525997810065746 0.3629045813560990
0.26609224067069587 0.28566380105912687 0.23525997810065746 0.3629045813560990
0.26609224067069587 0.18006648272275927 0.14823279120028021 0.3629045813560990
0.26609224067069587 0.18006648272275927 0.23525997810065746 0.2727745324251390
0.50780205992050464 0.28566380105912687 0.14823279120028021 0.2727745324251390
0.54383450965397051 0.43992653563618667 0.40797329135239124 0.3224524667365790
0.36354432730004188 0.43992653563618667 0.40797329135239124 0.3224524667365790
0.54383450965397051 0.48260093145072458 0.40797329135239124 0.3224524667365790
0.54383450965397051 0.43992653563618667 0.35636597871780396 0.3224524667365790
0.54383450965397051 0.43992653563618667 0.40797329135239124 0.3478224019589930
0.36354432730004188 0.48260093145072458 0.35636597871780396 0.3478224019589930
0.68169147055596113 0.11521688140928746 0.36529569476842882 0.2671221630462420
0.23587952875532209 0.11521688140928746 0.36529569476842882 0.2671221630462420
0.68169147055596113 0.32028812505304816 0.36529569476842882 0.2671221630462420
0.68169147055596113 0.11521688140928746 0.17012596726417542 0.2671221630462420
0.68169147055596113 0.11521688140928746 0.36529569476842882 0.2998778269961280
0.23587952875532209 0.32028812505304816 0.17012596726417542 0.2998778269961280
0.33357948353514072 0.45477690063416965 0.19101975634694102 0.3895434303915110
0.39027840280905363 0.45477690063416965 0.19101975634694102 0.3895434303915110
0.33357948353514072 0.12335509546101094 0.19101975634694102 0.3895434303915110
0.33357948353514072 0.45477690063416965 0.3346436772495508 0.3895434303915110
0.33357948353514072 0.45477690063416965 0.19101975634694102 0.4102405660262830
0.39027840280905363 0.12335509546101094 0.3346436772495508 0.4102405660262830
0.20381472194567318 0.20336497649550439 0.47965404391288757 0.0286116401190216
0.54119899217039347 0.20336497649550439 0.47965404391288757 0.0286116401190216
0.20381472194567318 0.22210760042071342 0.47965404391288757 0.0286116401190216
0.20381472194567318 0.20336497649550439 0.22962984144687654 0.0286116401190216
0.20381472194567318 0.20336497649550439 0.47965404391288757 0.4357411532627250
0.54119899217039347 0.22210760042071342 0.22962984144687654 0.4357411532627250
0.48657528460025778 0.36340843737125395 0.25224691554903989 0.4951204652454090
0.086238364642485965 0.36340843737125395 0.25224691554903989 0.4951204652454090
0.48657528460025778 0.41899657025933268 0.25224691554903989 0.4951204652454090
0.48657528460025778 0.36340843737125395 0.46286603845655916 0.4951204652454090
0.48657528460025778 0.36340843737125395 0.25224691554903989 0.1198118775434550
0.086238364642485965 0.41899657025933268 0.46286603845655916 0.1198118775434550
0.46872708760201925 0.21789749152958393 0.33049976304173467 0.2882277470026320
0.46135951047763224 0.21789749152958393 0.33049976304173467 0.2882277470026320
0.46872708760201925 0.10369645319879056 0.33049976304173467 0.2882277470026320
0.46872708760201925 0.21789749152958393 0.30166441388428211 0.2882277470026320
0.46872708760201925 0.21789749152958393 0.33049976304173467 0.4472193103413140
0.46135951047763224 0.10369645319879056 0.30166441388428211 0.4472193103413140
0.18088294686749579 0.35278217308223248 0.10009580701589585 0.3816762684988680
0.32725748424418266 0.35278217308223248 0.10009580701589585 0.3816762684988680
0.18088294686749579 0.30051189474761486 0.10009580701589585 0.3816762684988680
0.18088294686749579 0.35278217308223248 0.19354114383459092 0.3816762684988680
0.18088294686749579 0.35278217308223248 0.10009580701589585 0.0905434907587928
0.32725748424418266 0.30051189474761486 0.19354114383459092 0.0905434907587928
0.29557234449312086 0.10145340338349343 0.41360845491290099 0.2071846637533210
0.15730399931780992 0.10145340338349343 0.41360845491290099 0.2071846637533210
0.29557234449312086 0.40082841217517851 0.41360845491290099 0.2071846637533210
0.29557234449312086 0.10145340338349343 0.49848211891949179 0.2071846637533210
0.29557234449312086 0.10145340338349343 0.41360845491290099 0.2796887995300190
0.15730399931780992 0.40082841217517851 0.49848211891949179 0.2796887995300190
0.67923602033406494 0.46619662791490557 0.24257348179817201 0.4393759847324080
0.63259246908128253 0.46619662791490557 0.24257348179817201 0.4393759847324080
0.67923602033406494 0.20396585911512377 0.24257348179817201 0.4393759847324080
0.67923602033406494 0.46619662791490557 0.20904679447412491 0.4393759847324080
0.67923602033406494 0.46619662791490557 0.24257348179817201 0.4237626425283530
0.63259246908128253 0.20396585911512377 0.20904679447412491 0.4237626425283530
0.57152794706635179 0.19129080437123777 0.18739887811243536 0.4773895835961050
0.59647797434590755 0.19129080437123777 0.18739887811243536 0.4773895835961050
0.57152794706635179 0.19165391251444819 0.18739887811243536 0.4773895835961050
0.57152794706635179 0.19129080437123777 0.42065608054399495 0.4773895835961050
0.57152794706635179 0.19129080437123777 0.18739887811243536 0.2596110895897270
0.59647797434590755 0.19165391251444819 0.42065608054399495 0.2596110895897270
0.27854648926295339 0.42635846473276617 0.35687122605741028 0.0814315057816699
0.11104805078357458 0.42635846473276617 0.35687122605741028 0.0814315057816699
0.27854648926295339 0.38851884976029394 0.35687122605741028 0.0814315057816699
0.27854648926295339 0.42635846473276617 0.28743438012897971 0.0814315057816699
0.27854648926295339 0.42635846473276617 0.35687122605741028 0.3581574786028530
0.11104805078357458 0.38851884976029394 0.28743438012897971 0.3581574786028530
0.07341291313059628 0.27807251811027528 0.2701164621859789 0.4134131186833590
0.29243731023743746 0.27807251811027528 0.2701164621859789 0.4134131186833590
0.07341291313059628 0.48819908834993841 0.2701164621859789 0.4134131186833590
0.07341291313059628 0.27807251811027528 0.37997873276472094 0.4134131186833590
0.07341291313059628 0.27807251811027528 0.2701164621859789 0.4926808099981180
0.29243731023743746 0.48819908834993841 0.37997873276472094 0.4926808099981180
0.45209796815179282 0.34260790869593621 0.49895799569785593 0.2336384877737160
0.41636813045479348 0.34260790869593621 0.49895799569785593 0.2336384877737160
0.45209796815179282 0.29138774760067465 0.49895799569785593 0.2336384877737160
0.45209796815179282 0.34260790869593621 0.1154465276747942 0.2336384877737160
0.45209796815179282 0.34260790869593621 0.49895799569785593 0.1323991238979260
0.41636813045479348 0.29138774760067465 0.1154465276747942 0.1323991238979260
0.3981736998073756 0.14145867861807349 0.2936158049851656 0.0556065798365158
0.33467250945977861 0.14145867861807349 0.2936158049851656 0.0556065798365158
0.3981736998073756 0.23145691566169263 0.2936158049851656 0.0556065798365158
0.3981736998073756 0.14145867861807349 0.43731333948671824 0.0556065798365158
0.3981736998073756 0.14145867861807349 0.2936158049851656 0.2283839536930270
0.33467250945977861 0.23145691566169263 0.43731333948671824 0.2283839536930270
0.12686354685574769 0.47536051236093047 0.46308989040553572 0.4868770482354190
0.53540431261062615 0.47536051236093047 0.46308989040553572 0.4868770482354190
0.12686354685574769 0.43466550670564175 0.46308989040553572 0.4868770482354190
0.12686354685574769 0.47536051236093047 0.27058180570602419 0.4868770482354190
0.12686354685574769 0.47536051236093047 0.46308989040553572 0.3678122810747980
0.53540431261062615 0.43466550670564175 0.27058180570602419 0.3678122810747980
0.2467597302049398 0.22667780146002769 0.15133391059935095 0.2496238177826890
0.68060212461277836 0.22667780146002769 0.15133391059935095 0.2496238177826890
0.2467597302049398 0.33591301292181019 0.15133391059935095 0.2496238177826890
0.2467597302049398 0.22667780146002769 0.36556756533682344 0.2496238177826890
0.2467597302049398 0.22667780146002769 0.15133391059935095 0.4740730691439010
0.68060212461277836 0.33591301292181019 0.36556756533682344 0.4740730691439010
0.60379329742863774 0.39317254722118378 0.38017680607736115 0.4003162150381860
0.19073434439487752 0.39317254722118378 0.38017680607736115 0.4003162150381860
0.60379329742863774 0.132748481631279 0.38017680607736115 0.4003162150381860
0.60379329742863774 0.39317254722118378 0.13005300462245942 0.4003162150381860
0.60379329742863774 0.39317254722118378 0.38017680607736115 0.2020471564434160
0.19073434439487752 0.132748481631279 0.13005300462245942 0.2020471564434160
0.62048937086947253 0.26807751469314101 0.44922163709998131 0.3505287632904520
0.063059628847986465 0.26807751469314101 0.44922163709998131 0.3505287632904520
0.62048937086947253 0.27004903331398966 0.44922163709998131 0.3505287632904520
0.62048937086947253 0.26807751469314101 0.3434178024530411 0.3505287632904520
0.62048937086947253 0.26807751469314101 0.44922163709998131 0.4498022519111150
0.063059628847986465 0.27004903331398966 0.3434178024530411 0.4498022519111150
0.35415786295197899 0.30177207179367543 0.21881636679172517 0.3365424182872550
0.56310822092927992 0.30177207179367543 0.21881636679172517 0.3365424182872550
0.35415786295197899 0.47320965453982355 0.21881636679172517 0.3365424182872550
0.35415786295197899 0.30177207179367543 0.15159243978559972 0.3365424182872550
0.35415786295197899 0.30177207179367543 0.21881636679172517 0.0567875012347722
0.56310822092927992 0.47320965453982355 0.15159243978559972 0.0567875012347722
0.14379765498451888 0.15007102340459824 0.30733008757233621 0.4633074354366880
0.40901401168666773 0.15007102340459824 0.30733008757233621 0.4633074354366880
0.14379765498451888 0.37196538932621481 0.30733008757233621 0.4633074354366880
0.14379765498451888 0.15007102340459824 0.4591701328754425 0.4633074354366880
0.14379765498451888 0.15007102340459824 0.30733008757233621 0.3351951899159400
0.40901401168666773 0.37196538932621481 0.4591701328754425 0.3351951899159400
0.5059685538057237 0.41674892976880074 0.13629342466592789 0.1385788097675530
0.218413426913321 0.41674892976880074 0.13629342466592789 0.1385788097675530
0.5059685538057237 0.16875422336161139 0.13629342466592789 0.1385788097675530
0.5059685538057237 0.41674892976880074 0.24855409003794193 0.1385788097675530
0.5059685538057237 0.41674892976880074 0.13629342466592789 0.3940693249065370
0.218413426913321 0.16875422336161139 0.24855409003794193 0.3940693249065370
0.50842775967903431 0.2620878856629133 0.22937345542013646 0.2383687936056430
0.60725860805250698 0.2620878856629133 0.22937345542013646 0.2383687936056430
0.50842775967903431 0.13037879057228566 0.22937345542013646 0.2383687936056430
0.50842775967903431 0.2620878856629133 0.4933880556374789 0.2383687936056430
0.50842775967903431 0.2620878856629133 0.22937345542013646 0.3708649731228410
0.60725860805250698 0.13037879057228566 0.4933880556374789 0.3708649731228410
0.14117856151424346 0.32041009254753594 0.40199076496064667 0.4149012089261110
0.10149697037413716 0.32041009254753594 0.40199076496064667 0.4149012089261110
0.14117856151424346 0.32733909524977212 0.40199076496064667 0.4149012089261110
0.14117856151424346 0.32041009254753594 0.20162218958139422 0.4149012089261110
0.14117856151424346 0.32041009254753594 0.40199076496064667 0.2418108003869370
0.10149697037413716 0.32733909524977212 0.20162218958139422 0.2418108003869370
0.33646335224620993 0.16898216456174853 0.11560066230595112 0.0976683480636949
0.26130423005670306 0.16898216456174853 0.11560066230595112 0.0976683480636949
0.33646335224620993 0.42760831192135818 0.11560066230595112 0.0976683480636949
0.33646335224620993 0.16898216456174853 0.3091022271662951 0.0976683480636949
0.33646335224620993 0.16898216456174853 0.11560066230595112 0.1971297992792150
0.26130423005670306 0.42760831192135818 0.3091022271662951 0.1971297992792150
0.63834128961898384 0.41028781607747078 0.34134916178882124 0.4837240340146360
0.44619176923297338 0.41028781607747078 0.34134916178882124 0.4837240340146360
0.63834128961898384 0.23069550022482874 0.34134916178882124 0.4837240340146360
0.63834128961898384 0.41028781607747078 0.19862199872732164 0.4837240340146360
0.63834128961898384 0.41028781607747078 0.34134916178882124 0.4676474565057990
0.44619176923297338 0.23069550022482874 0.19862199872732164 0.4676474565057990
0.61117158820852635 0.13538351692259312 0.4853940583765507 0.4319177687443390
0.4924331467598676 0.13538351692259312 0.4853940583765507 0.4319177687443390
0.61117158820852635 0.16799585968255998 0.4853940583765507 0.4319177687443390
0.61117158820852635 0.13538351692259312 0.38737971037626273 0.4319177687443390
0.61117158820852635 0.13538351692259312 0.4853940583765507 0.0635659487732149
0.4924331467598676 0.16799585968255998 0.38737971037626273 0.0635659487732149
0.23890409152954817 0.49388875328004367 0.25808298140764241 0.1946382726308220
0.29741407926194369 0.49388875328004367 0.25808298140764241 0.1946382726308220
0.23890409152954817 0.36490514278411867 0.25808298140764241 0.1946382726308220
0.23890409152954817 0.49388875328004367 0.12051543779671192 0.1946382726308220
0.23890409152954817 0.49388875328004367 0.25808298140764241 0.4566628909633570
0.29741407926194369 0.36490514278411867 0.12051543779671192 0.4566628909633570
0.1144055813550949 0.24569891318678858 0.37123092040419581 0.3800369002867430
0.14650353644974529 0.24569891318678858 0.37123092040419581 0.3800369002867430
0.1144055813550949 0.46463878862559793 0.37123092040419581 0.3800369002867430
0.1144055813550949 0.24569891318678858 0.41559885293245313 0.3800369002867430
0.1144055813550949 0.24569891318678858 0.37123092040419581 0.3912384338073160
0.14650353644974529 0.46463878862559793 0.41559885293245313 0.3912384338073160
0.4111065336503088 0.38679677546024327 0.19705123603343966 0.2840673317479530
0.64208405232056975 0.38679677546024327 0.19705123603343966 0.2840673317479530
0.4111065336503088 0.26767629049718378 0.19705123603343966 0.2840673317479530
0.4111065336503088 0.38679677546024327 0.28002172000706194 0.2840673317479530
0.4111065336503088 0.38679677546024327 0.19705123603343966 0.3248951574605120
0.64208405232056975 0.26767629049718378 0.28002172000706194 0.3248951574605120
0.43916373471729453 0.1847701694816351 0.39162358567118649 0.1310790948648940
0.073880250193178648 0.1847701694816351 0.39162358567118649 0.1310790948648940
0.43916373471729453 0.20789194144308568 0.39162358567118649 0.1310790948648940
0.43916373471729453 0.1847701694816351 0.37063852585852153 0.1310790948648940
0.43916373471729453 0.1847701694816351 0.39162358567118649 0.0841754562267892
0.073880250193178648 0.20789194144308568 0.37063852585852153 0.0841754562267892
0.085869788983836765 0.4452345225960016 0.16431419849395751 0.4615007350753840
0.5535971281584352 0.4452345225960016 0.16431419849395751 0.4615007350753840
0.085869788983836765 0.41095872111618525 0.16431419849395751 0.4615007350753840
0.085869788983836765 0.4452345225960016 0.13745193183422089 0.4615007350753840
0.085869788983836765 0.4452345225960016 0.16431419849395751 0.4401069344468430
0.5535971281584352 0.41095872111618525 0.13745193183422089 0.4401069344468430
0.28640104797668753 0.29664796590805054 0.45246020630002026 0.3269403245958390
0.37792090945877127 0.29664796590805054 0.45246020630002026 0.3269403245958390
0.28640104797668753 0.31225047931075101 0.45246020630002026 0.3269403245958390
0.28640104797668753 0.29664796590805054 0.42989862896502018 0.3269403245958390
0.28640104797668753 0.29664796590805054 0.45246020630002026 0.4262901669472450
0.37792090945877127 0.31225047931075101 0.42989862896502018 0.4262901669472450
0.56414826638065274 0.33658014461398122 0.27828183621168134 0.3396389032426200
0.24827704364433884 0.33658014461398122 0.27828183621168134 0.3396389032426200
0.56414826638065274 0.10913925841450692 0.27828183621168134 0.3396389032426200
0.56414826638065274 0.33658014461398122 0.26552662849426267 0.3396389032426200
0.56414826638065274 0.33658014461398122 0.27828183621168134 0.2914180477596800
0.24827704364433884 0.10913925841450692 0.26552662849426267 0.2914180477596800
0.66138270199298854 0.2114866364747286 0.14810719080269338 0.4092893373074300
0.36578551349230104 0.2114866364747286 0.14810719080269338 0.4092893373074300
0.66138270199298854 0.29682750105857847 0.14810719080269338 0.4092893373074300
0.66138270199298854 0.2114866364747286 0.45174300074577334 0.4092893373074300
0.66138270199298854 0.2114866364747286 0.14810719080269338 0.3549926179498480
0.36578551349230104 0.29682750105857847 0.45174300074577334 0.3549926179498480
0.31326576555147762 0.3717437636107207 0.32072313837707045 0.2615715600623010
0.50560027537867425 0.3717437636107207 0.32072313837707045 0.2615715600623010
0.31326576555147762 0.49994072467088702 0.32072313837707045 0.2615715600623010
0.31326576555147762 0.3717437636107207 0.24346255399286748 0.2615715600623010
0.31326576555147762 0.3717437636107207 0.32072313837707045 0.2467963344397990
0.50560027537867425 0.49994072467088702 0.24346255399286748 0.2467963344397990
0.18350096037611363 0.11994350925087929 0.20933491922914982 0.4885019381998250
0.66984101980924604 0.11994350925087929 0.20933491922914982 0.4885019381998250
0.18350096037611363 0.39864610694348812 0.20933491922914982 0.4885019381998250
0.18350096037611363 0.11994350925087929 0.34850118458271029 0.4885019381998250
0.18350096037611363 0.11994350925087929 0.20933491922914982 0.1381154150421740
0.66984101980924604 0.39864610694348812 0.34850118458271029 0.1381154150421740
0.46626649182289831 0.46005889326334004 0.43508168123662472 0.0645110906333762
0.20026528569869695 0.46005889326334004 0.43508168123662472 0.0645110906333762
0.46626649182289831 0.1955830466002226 0.43508168123662472 0.0645110906333762
0.46626649182289831 0.46005889326334004 0.15902772583067418 0.0645110906333762
0.46626649182289831 0.46005889326334004 0.43508168123662472 0.4985269904684810
0.20026528569869695 0.1955830466002226 0.15902772583067418 0.4985269904684810
0.48903584647923704 0.10869467295706273 0.15707394890487195 0.3677505495109710
0.43443870814517133 0.10869467295706273 0.15707394890487195 0.3677505495109710
0.48903584647923704 0.4802342914044857 0.15707394890487195 0.3677505495109710
0.48903584647923704 0.10869467295706273 0.22019233889877798 0.3677505495109710
0.48903584647923704 0.10869467295706273 0.15707394890487195 0.1646113884837730
0.43443870814517133 0.4802342914044857 0.22019233889877798 0.1646113884837730
0.20119667453691359 0.4736514803022146 0.38601284809410574 0.2990758697869110
0.27432678849436337 0.4736514803022146 0.38601284809410574 0.2990758697869110
0.20119667453691359 0.27709903791546819 0.38601284809410574 0.2990758697869110
0.20119667453691359 0.4736514803022146 0.48457730859518056 0.2990758697869110
0.20119667453691359 0.4736514803022146 0.38601284809410574 0.4891605486415270
0.27432678849436337 0.27709903791546819 0.48457730859518056 0.4891605486415270
0.31588609637692566 0.22194199785590174 0.29955105446279051 0.4414088723063450
0.12911924957297743 0.22194199785590174 0.29955105446279051 0.4414088723063450
0.31588609637692566 0.17736540473997595 0.29955105446279051 0.4414088723063450
0.31588609637692566 0.22194199785590174 0.17966112978756429 0.4414088723063450
0.31588609637692566 0.22194199785590174 0.29955105446279051 0.3378960660312680
0.12911924957297743 0.17736540473997595 0.17966112978756429 0.3378960660312680
0.69954482279717922 0.35738215148448949 0.46912134625017643 0.1737816610506560
0.57836683150380852 0.35738215148448949 0.46912134625017643 0.1737816610506560
0.69954482279717922 0.38055387325584888 0.46912134625017643 0.1737816610506560
0.69954482279717922 0.35738215148448949 0.31283475309610365 0.1737816610506560
0.69954482279717922 0.35738215148448949 0.46912134625017643 0.2687124675870010
0.57836683150380852 0.38055387325584888 0.31283475309610365 0.2687124675870010
0.55121423392556601 0.28209113888442516 0.30144358873367311 0.1228522801225170
0.62463796730153254 0.28209113888442516 0.30144358873367311 0.1228522801225170
0.55121423392556601 0.4182412590831518 0.30144358873367311 0.1228522801225170
0.55121423392556601 0.28209113888442516 0.10120030194520951 0.1228522801225170
0.55121423392556601 0.28209113888442516 0.30144358873367311 0.4181288988772140
0.62463796730153254 0.4182412590831518 0.10120030194520951 0.4181288988772140
0.25823772554285823 0.34723072238266472 0.13031087443232536 0.4757594731179850
0.16521917693316934 0.34723072238266472 0.13031087443232536 0.4757594731179850
0.25823772554285823 0.21505650989711286 0.13031087443232536 0.4757594731179850
0.25823772554285823 0.34723072238266472 0.39068520553410058 0.4757594731179850
0.25823772554285823 0.34723072238266472 0.13031087443232536 0.3036013610783510
0.16521917693316934 0.21505650989711286 0.39068520553410058 0.3036013610783510
0.053104115510359408 0.19855797141790391 0.44353055208921432 0.2209076974038520
0.319303601142019 0.19855797141790391 0.44353055208921432 0.2209076974038520
0.053104115510359408 0.11478728055953979 0.44353055208921432 0.2209076974038520
0.053104115510359408 0.19855797141790391 0.29816488474607472 0.2209076974038520
0.053104115510359408 0.19855797141790391 0.44353055208921432 0.1016354521387860
0.319303601142019 0.11478728055953979 0.29816488474607472 0.1016354521387860
0.43178420173935583 0.43379046991467474 0.21302902773022653 0.4255953800821740
0.46927406941540534 0.43379046991467474 0.21302902773022653 0.4255953800821740
0.43178420173935583 0.31792453676462173 0.21302902773022653 0.4255953800821740
0.43178420173935583 0.43379046991467474 0.40643388815224168 0.4255953800821740
0.43178420173935583 0.43379046991467474 0.21302902773022653 0.4332990419165880
0.46927406941540534 0.31792453676462173 0.40643388815224168 0.4332990419165880
0.37785749258473511 0.23191102035343647 0.42017768174409864 0.4962081079127200
0.22636781609617174 0.23191102035343647 0.42017768174409864 0.4962081079127200
0.37785749258473511 0.35804330781102178 0.42017768174409864 0.4962081079127200
0.37785749258473511 0.23191102035343647 0.14080525375902653 0.4962081079127200
0.37785749258473511 0.23191102035343647 0.42017768174409864 0.3990117900832650
0.22636781609617174 0.35804330781102178 0.14080525375902653 0.3990117900832650
0.10655230842530727 0.39824091903865344 0.24904365316033364 0.0362544641861581
0.40109964404255144 0.39824091903865344 0.24904365316033364 0.0362544641861581
0.10655230842530727 0.161204119771719 0.24904365316033364 0.0362544641861581
0.10655230842530727 0.39824091903865344 0.35127556324005127 0.0362544641861581
0.10655230842530727 0.39824091903865344 0.24904365316033364 0.3149561599803940
0.40109964404255144 0.161204119771719 0.35127556324005127 0.3149561599803940
0.22644844818860288 0.14994044676423074 0.33726440370082855 0.3981471935913780
0.57106322878971694 0.14994044676423074 0.33726440370082855 0.3981471935913780
0.22644844818860288 0.262498726323247 0.33726440370082855 0.3981471935913780
0.22644844818860288 0.14994044676423074 0.25631383694708348 0.3981471935913780
0.22644844818860288 0.14994044676423074 0.33726440370082855 0.0415951717603962
0.57106322878971694 0.262498726323247 0.25631383694708348 0.0415951717603962
0.58347706599161031 0.48323807269334795 0.10676118955016137 0.2775261354989560
0.055144642526283864 0.48323807269334795 0.10676118955016137 0.2775261354989560
0.58347706599161031 0.45928775109350684 0.10676118955016137 0.2775261354989560
0.58347706599161031 0.48323807269334795 0.44808962047100065 0.2775261354989560
0.58347706599161031 0.48323807269334795 0.10676118955016137 0.4638630001327540
0.055144642526283864 0.45928775109350684 0.44808962047100065 0.4638630001327540
0.64080061414279044 0.15852689407765866 0.26330307088792326 0.3133383038694720
0.17266303179785608 0.15852689407765866 0.26330307088792326 0.3133383038694720
0.64080061414279044 0.34658744446933271 0.26330307088792326 0.3133383038694720
0.64080061414279044 0.15852689407765866 0.23470115959644319 0.3133383038694720
0.64080061414279044 0.15852689407765866 0.26330307088792326 0.1704913682830820
0.17266303179785608 0.34658744446933271 0.23470115959644319 0.1704913682830820
0.37447405564598735 0.42464933730661869 0.4922437075525522 0.3532304571684970
0.69871283886022861 0.42464933730661869 0.4922437075525522 0.3532304571684970
0.37447405564598735 0.14979622624814512 0.4922437075525522 0.3532304571684970
0.37447405564598735 0.42464933730661869 0.47026379741728308 0.3532304571684970
0.37447405564598735 0.42464933730661869 0.4922437075525522 0.4786828828729150
0.69871283886022861 0.14979622624814512 0.47026379741728308 0.4786828828729150
0.16411390095017847 0.27333661913871765 0.18078069798648358 0.1544600874076980
0.5173336211126297 0.27333661913871765 0.18078069798648358 0.1544600874076980
0.16411390095017847 0.24850447922945024 0.18078069798648358 0.1544600874076980
0.16411390095017847 0.27333661913871765 0.16271089911460879 0.1544600874076980
0.16411390095017847 0.27333661913871765 0.18078069798648358 0.3850907855502820
0.5173336211126297 0.24850447922945024 0.16271089911460879 0.3850907855502820
0.52627983097918329 0.30681760832667349 0.35035235174000268 0.4528291484204410
0.35278260260820382 0.30681760832667349 0.35035235174000268 0.4528291484204410
0.52627983097918329 0.44534013867378242 0.35035235174000268 0.4528291484204410
0.52627983097918329 0.30681760832667349 0.32958966828882696 0.4528291484204410
0.52627983097918329 0.30681760832667349 0.35035235174000268 0.2202131014690610
0.35278260260820382 0.44534013867378242 0.32958966828882696 0.2202131014690610
