0.52203589947894213 0.24862205348908903 0.18859756998717786 0.0438634074850185
0.10605751588009298 0.24862205348908903 0.18859756998717786 0.0438634074850185
0.52203589947894213 0.32276331521570684 0.18859756998717786 0.0438634074850185
0.52203589947894213 0.24862205348908903 0.37785801663994789 0.0438634074850185
0.52203589947894213 0.24862205348908903 0.18859756998717786 0.2660799435240320
0.10605751588009298 0.32276331521570684 0.37785801663994789 0.2660799435240320
0.16819599680602548 0.38387287296354777 0.36753820963203909 0.4983535041522300
0.6013206465169787 0.38387287296354777 0.36753820963203909 0.4983535041522300
0.16819599680602548 0.11972629316151143 0.36753820963203909 0.4983535041522300
0.16819599680602548 0.38387287296354777 0.11734134070575238 0.4983535041522300
0.16819599680602548 0.38387287296354777 0.36753820963203909 0.3438724599692920
0.6013206465169787 0.11972629316151143 0.11734134070575238 0.3438724599692920
0.36919371206313367 0.1320575624704361 0.25548926256597043 0.2738208946519260
0.4519871165044605 0.1320575624704361 0.25548926256597043 0.2738208946519260
0.36919371206313367 0.21921121999621393 0.25548926256597043 0.2738208946519260
0.36919371206313367 0.1320575624704361 0.42463216856122021 0.2738208946519260
0.36919371206313367 0.1320575624704361 0.25548926256597043 0.4915531205871080
0.4519871165044605 0.21921121999621393 0.42463216856122021 0.4915531205871080
0.64623659206554285 0.49721546992659571 0.47506091333925726 0.3956681758351040
0.25665066377259788 0.49721546992659571 0.47506091333925726 0.3956681758351040
0.64623659206554285 0.42230183854699133 0.47506091333925726 0.3956681758351040
0.64623659206554285 0.49721546992659571 0.28290275149047373 0.3956681758351040
0.64623659206554285 0.49721546992659571 0.47506091333925726 0.1626869914125950
0.25665066377259788 0.42230183854699133 0.28290275149047373 0.1626869914125950
0.57915599592961364 0.17192064113914968 0.34507849216461184 0.3559723914744540
0.30179112693294879 0.17192064113914968 0.34507849216461184 0.3559723914744540
0.57915599592961364 0.38498977124691014 0.34507849216461184 0.3559723914744540
0.57915599592961364 0.17192064113914968 0.49685501269996168 0.3559723914744540
0.57915599592961364 0.17192064113914968 0.34507849216461184 0.4317194241081840
0.30179112693294879 0.38498977124691014 0.49685501269996168 0.4317194241081840
0.23029533880762754 0.40735468082129955 0.12394446656107903 0.3163128447445360
0.48699604650028044 0.40735468082129955 0.12394446656107903 0.3163128447445360
0.23029533880762754 0.18190172761678697 0.12394446656107903 0.3163128447445360
0.23029533880762754 0.40735468082129955 0.21124145463109018 0.3163128447445360
0.23029533880762754 0.40735468082129955 0.12394446656107903 0.1126026473216100
0.48699604650028044 0.18190172761678697 0.21124145463109018 0.1126026473216100
0.10135344504378735 0.25877097323536874 0.41236052960157399 0.4502006026632990
0.64774551461450747 0.25877097323536874 0.41236052960157399 0.4502006026632990
0.10135344504378735 0.28241355977952481 0.41236052960157399 0.4502006026632990
0.10135344504378735 0.25877097323536874 0.30612345449626444 0.4502006026632990
0.10135344504378735 0.25877097323536874 0.41236052960157399 0.3080402453835660
0.64774551461450747 0.28241355977952481 0.30612345449626444 0.3080402453835660
0.38353425716049966 0.32372166365385058 0.23185731247067454 0.1479986749198060
0.14230125732719898 0.32372166365385058 0.23185731247067454 0.1479986749198060
0.38353425716049966 0.4854544918984175 0.23185731247067454 0.1479986749198060
0.38353425716049966 0.32372166365385058 0.18929560557007791 0.1479986749198060
0.38353425716049966 0.32372166365385058 0.23185731247067454 0.4171959295307990
0.14230125732719898 0.4854544918984175 0.18929560557007791 0.4171959295307990
0.42611177880316964 0.12326032035052777 0.42634746581315996 0.2955934249369680
0.5477870137430727 0.12326032035052777 0.42634746581315996 0.2955934249369680
0.42611177880316964 0.43895140774548058 0.42634746581315996 0.2955934249369680
0.42611177880316964 0.12326032035052777 0.46116699203848843 0.2955934249369680
0.42611177880316964 0.12326032035052777 0.42634746581315996 0.4667699198845800
0.5477870137430727 0.43895140774548058 0.46116699203848843 0.4667699198845800
0.05829740716144443 0.45674742348492148 0.20521474853157998 0.3650118777373280
0.078528660023584967 0.45674742348492148 0.20521474853157998 0.3650118777373280
0.05829740716144443 0.24201475121080876 0.20521474853157998 0.3650118777373280
0.05829740716144443 0.45674742348492148 0.24673416577279569 0.3650118777373280
0.05829740716144443 0.45674742348492148 0.20521474853157998 0.0399439128343399
0.078528660023584967 0.24201475121080876 0.24673416577279569 0.0399439128343399
0.2543852535076439 0.20854824930429461 0.31862973868846894 0.1793766341688270
0.243731497740373 0.20854824930429461 0.31862973868846894 0.1793766341688270
0.2543852535076439 0.14096579924225808 0.31862973868846894 0.1793766341688270
0.2543852535076439 0.20854824930429461 0.33937007114291196 0.1793766341688270
0.2543852535076439 0.20854824930429461 0.31862973868846894 0.3121943430681400
0.243731497740373 0.14096579924225808 0.33937007114291196 0.3121943430681400
0.55553963594138622 0.37467680945992476 0.13812821730971336 0.4440481167205000
0.38386364001780743 0.37467680945992476 0.13812821730971336 0.4440481167205000
0.55553963594138622 0.33785191103816037 0.13812821730971336 0.4440481167205000
0.55553963594138622 0.37467680945992476 0.15624430440366269 0.4440481167205000
0.55553963594138622 0.37467680945992476 0.13812821730971336 0.4035998539597050
0.38386364001780743 0.33785191103816037 0.15624430440366269 0.4035998539597050
0.69411319135688243 0.29997402168810372 0.28236538730561733 0.4733497630632450
0.49993396657519035 0.29997402168810372 0.28236538730561733 0.4733497630632450
0.69411319135688243 0.45015258044004447 0.28236538730561733 0.4733497630632450
0.69411319135688243 0.29997402168810372 0.36726917885243893 0.4733497630632450
0.69411319135688243 0.29997402168810372 0.28236538730561733 0.2263473960293430
0.49993396657519035 0.45015258044004447 0.36726917885243893 0.2263473960293430
0.32116086338646704 0.33325332663953305 0.46130428351461894 0.1158925725119180
0.36997271552681915 0.33325332663953305 0.46130428351461894 0.1158925725119180
0.32116086338646704 0.25326236784458162 0.46130428351461894 0.1158925725119180
0.32116086338646704 0.33325332663953305 0.12773486897349359 0.1158925725119180
0.32116086338646704 0.33325332663953305 0.46130428351461894 0.3844114714061130
0.36997271552681915 0.25326236784458162 0.12773486897349359 0.3844114714061130
0.19710899242199953 0.18184693977236749 0.17425655238330365 0.4277571811436860
0.19589331699535251 0.18184693977236749 0.17425655238330365 0.4277571811436860
0.19710899242199953 0.1543145637959242 0.17425655238330365 0.4277571811436860
0.19710899242199953 0.18184693977236749 0.43297491632401941 0.4277571811436860
0.19710899242199953 0.18184693977236749 0.17425655238330365 0.4770850044886970
0.19589331699535251 0.1543145637959242 0.43297491632401941 0.4770850044886970
0.49328411477617912 0.44815851449966437 0.39382684715092187 0.2247401785833080
0.67529280972667038 0.44815851449966437 0.39382684715092187 0.2247401785833080
0.49328411477617912 0.35124883614480495 0.39382684715092187 0.2247401785833080
0.49328411477617912 0.44815851449966437 0.27475531920790675 0.2247401785833080
0.49328411477617912 0.44815851449966437 0.39382684715092187 0.1792066327843320
0.67529280972667038 0.35124883614480495 0.27475531920790675 0.1792066327843320
0.46019268999807528 0.19562261290848257 0.22339862622320653 0.4596545436900740
0.278540195338428 0.19562261290848257 0.22339862622320653 0.4596545436900740
0.46019268999807528 0.27300640121102338 0.22339862622320653 0.4596545436900740
0.46019268999807528 0.19562261290848257 0.11091697290539743 0.4596545436900740
0.46019268999807528 0.19562261290848257 0.22339862622320653 0.4711836466195050
0.278540195338428 0.27300640121102338 0.11091697290539743 0.4711836466195050
0.18941300646401943 0.43672659210860731 0.44601457677781586 0.1260849695984500
0.42882804884575298 0.43672659210860731 0.44601457677781586 0.1260849695984500
0.18941300646401943 0.46986771747469902 0.44601457677781586 0.1260849695984500
0.18941300646401943 0.43672659210860731 0.39405418448150165 0.1260849695984500
0.18941300646401943 0.43672659210860731 0.44601457677781586 0.1931778728422940
0.42882804884575298 0.46986771747469902 0.39405418448150165 0.1931778728422940
0.30854576346464452 0.28540487363934519 0.13404042012989523 0.3435297978122520
0.58387455181218684 0.28540487363934519 0.13404042012989523 0.3435297978122520
0.30854576346464452 0.36935587413609028 0.13404042012989523 0.3435297978122520
0.30854576346464452 0.28540487363934519 0.28893658891320229 0.3435297978122520
0.30854576346464452 0.28540487363934519 0.13404042012989523 0.2409156504317600
0.58387455181218684 0.36935587413609028 0.28893658891320229 0.2409156504317600
0.66625826335512095 0.34391622394323351 0.30978717915713788 0.3308713365683970
0.12477314667776226 0.34391622394323351 0.30978717915713788 0.3308713365683970
0.66625826335512095 0.17254166938364507 0.30978717915713788 0.3308713365683970
0.66625826335512095 0.34391622394323351 0.40335797183215616 0.3308713365683970
0.66625826335512095 0.34391622394323351 0.30978717915713788 0.3749575478266470
0.12477314667776226 0.17254166938364507 0.40335797183215616 0.3749575478266470
0.55783855468034738 0.21901574097573759 0.46652745977044108 0.2569085212476930
0.16992352684028444 0.21901574097573759 0.46652745977044108 0.2569085212476930
0.55783855468034738 0.23484148196876051 0.46652745977044108 0.2569085212476930
0.55783855468034738 0.21901574097573759 0.21692112199962141 0.2569085212476930
0.55783855468034738 0.21901574097573759 0.46652745977044108 0.3305719962002340
0.16992352684028444 0.23484148196876051 0.21692112199962141 0.3305719962002340
0.29223650032654402 0.36030306853353977 0.28921807557344437 0.4063960761575100
0.61885372838005415 0.36030306853353977 0.28921807557344437 0.4063960761575100
0.29223650032654402 0.43165330253541467 0.28921807557344437 0.4063960761575100
0.29223650032654402 0.36030306853353977 0.47515368834137917 0.4063960761575100
0.29223650032654402 0.36030306853353977 0.28921807557344437 0.3889691125955450
0.61885372838005415 0.43165330253541467 0.47515368834137917 0.3889691125955450
0.08139003356918692 0.11202380359172821 0.37755939587950704 0.0704431803836458
0.47524299509823315 0.11202380359172821 0.37755939587950704 0.0704431803836458
0.08139003356918692 0.33216838687658312 0.37755939587950704 0.0704431803836458
0.08139003356918692 0.11202380359172821 0.18244415931403637 0.0704431803836458
0.08139003356918692 0.11202380359172821 0.37755939587950704 0.4562033401312040
0.47524299509823315 0.33216838687658312 0.18244415931403637 0.4562033401312040
0.44412146639078848 0.47032768949866299 0.15338102281093599 0.4903407407639740
0.31481369505636392 0.47032768949866299 0.15338102281093599 0.4903407407639740
0.44412146639078848 0.13530296981334688 0.15338102281093599 0.4903407407639740
0.44412146639078848 0.47032768949866299 0.32196549847722056 0.4903407407639740
0.44412146639078848 0.47032768949866299 0.15338102281093599 0.0726042252454190
0.31481369505636392 0.13530296981334688 0.32196549847722056 0.0726042252454190
0.40614322540350251 0.27000758983194828 0.36029487177729613 0.4179558162242760
0.3955969954375177 0.27000758983194828 0.36029487177729613 0.4179558162242760
0.40614322540350251 0.18870298191905022 0.36029487177729613 0.4179558162242760
0.40614322540350251 0.27000758983194828 0.22508228942751884 0.4179558162242760
0.40614322540350251 0.27000758983194828 0.36029487177729613 0.2901545942396970
0.3955969954375177 0.18870298191905022 0.22508228942751884 0.2901545942396970
0.11888968325220048 0.31014129780232907 0.18298379182815552 0.2434038365740910
0.23072859654203054 0.31014129780232907 0.18298379182815552 0.2434038365740910
0.11888968325220048 0.39186646118760116 0.18298379182815552 0.2434038365740910
0.11888968325220048 0.31014129780232907 0.466797211393714 0.2434038365740910
0.11888968325220048 0.31014129780232907 0.18298379182815552 0.4293840744963070
0.23072859654203054 0.39186646118760116 0.466797211393714 0.4293840744963070
0.23307297597639259 0.16145306155085565 0.49632704332470901 0.4820298893209840
0.050926396436989312 0.16145306155085565 0.49632704332470901 0.4820298893209840
0.23307297597639259 0.49081427790224552 0.49632704332470901 0.4820298893209840
0.23307297597639259 0.16145306155085565 0.17203690037131308 0.4820298893209840
0.23307297597639259 0.16145306155085565 0.49632704332470901 0.4443126588823650
0.050926396436989312 0.49081427790224552 0.17203690037131308 0.4443126588823650
0.61747571364976461 0.42172850966453557 0.27214736193418504 0.0922771640678134
0.57665882310830052 0.42172850966453557 0.27214736193418504 0.0922771640678134
0.61747571364976461 0.28760673888027666 0.27214736193418504 0.0922771640678134
0.61747571364976461 0.42172850966453557 0.33256807290017609 0.0922771640678134
0.61747571364976461 0.42172850966453557 0.27214736193418504 0.0798403998991259
0.57665882310830052 0.28760673888027666 0.33256807290017609 0.0798403998991259
0.63346015652641652 0.14662661068141461 0.10466795749962331 0.1990352603580090
0.69275890067219725 0.14662661068141461 0.10466795749962331 0.1990352603580090
0.63346015652641652 0.10029400549829007 0.10466795749962331 0.1990352603580090
0.63346015652641652 0.14662661068141461 0.14397895894944668 0.1990352603580090
0.63346015652641652 0.14662661068141461 0.10466795749962331 0.4978945092618800
0.69275890067219725 0.10029400549829007 0.14397895894944668 0.4978945092618800
0.34118769597262139 0.48655267246067524 0.32728526405990122 0.4341880722425380
0.17715769964270295 0.48655267246067524 0.32728526405990122 0.4341880722425380
0.34118769597262139 0.30350545458495615 0.32728526405990122 0.4341880722425380
0.34118769597262139 0.48655267246067524 0.36079688891768458 0.4341880722425380
0.34118769597262139 0.48655267246067524 0.32728526405990122 0.1450792139861090
0.17715769964270295 0.30350545458495615 0.36079688891768458 0.1450792139861090
0.13527084738016126 0.234846468269825 0.24030922390520573 0.2796896495526370
0.34806349766440686 0.234846468269825 0.24030922390520573 0.2796896495526370
0.13527084738016126 0.4045543938875199 0.24030922390520573 0.2796896495526370
0.13527084738016126 0.234846468269825 0.25343320034444333 0.2796896495526370
0.13527084738016126 0.234846468269825 0.24030922390520573 0.2543878879833450
0.34806349766440686 0.4045543938875199 0.25343320034444333 0.2543878879833450
0.51449598008766761 0.3953047074377537 0.41605772636830807 0.3768469495979540
0.52311271084472533 0.3953047074377537 0.41605772636830807 0.3768469495979540
0.51449598008766761 0.20139348953962327 0.41605772636830807 0.3768469495979540
0.51449598008766761 0.3953047074377537 0.43905667588114738 0.3768469495979540
0.51449598008766761 0.3953047074377537 0.41605772636830807 0.3528453218711140
0.52311271084472533 0.20139348953962327 0.43905667588114738 0.3528453218711140
0.50172218633815646 0.1280938755720854 0.32451308444142346 0.4852008733683300
0.14005933622829614 0.1280938755720854 0.32451308444142346 0.4852008733683300
0.50172218633815646 0.29935142397880554 0.32451308444142346 0.4852008733683300
0.50172218633815646 0.1280938755720854 0.29399803653359413 0.4852008733683300
0.50172218633815646 0.1280938755720854 0.32451308444142346 0.4218096901623170
0.14005933622829614 0.29935142397880554 0.29399803653359413 0.4218096901623170
0.14788723308593033 0.49263538010418417 0.14410781711339951 0.0497039575542072
0.64994749166071408 0.49263538010418417 0.14410781711339951 0.0497039575542072
0.14788723308593033 0.4962631896138191 0.14410781711339951 0.0497039575542072
0.14788723308593033 0.49263538010418417 0.41077780835330491 0.0497039575542072
0.14788723308593033 0.49263538010418417 0.14410781711339951 0.2862696805647070
0.64994749166071408 0.4962631896138191 0.41077780835330491 0.2862696805647070
0.34888491444289677 0.2412145033478737 0.43203560039401057 0.4035264601145990
0.48475474407896391 0.2412145033478737 0.43203560039401057 0.4035264601145990
0.34888491444289677 0.39579865001142023 0.43203560039401057 0.4035264601145990
0.34888491444289677 0.2412145033478737 0.10351177528500558 0.4035264601145990
0.34888491444289677 0.2412145033478737 0.43203560039401057 0.0988767281453702
0.48475474407896391 0.39579865001142023 0.10351177528500558 0.0988767281453702
0.62592282565310597 0.37628828063607223 0.21099893450737001 0.2545063678001710
0.30399248530156908 0.37628828063607223 0.21099893450737001 0.2545063678001710
0.62592282565310597 0.19883939139544965 0.21099893450737001 0.2545063678001710
0.62592282565310597 0.37628828063607223 0.38897809796035288 0.2545063678001710
0.62592282565310597 0.37628828063607223 0.21099893450737001 0.4466703579895990
0.30399248530156908 0.19883939139544965 0.38897809796035288 0.4466703579895990
0.59946475480683148 0.25138932205736642 0.16851966716349126 0.3327804235223240
0.26900866078212854 0.25138932205736642 0.16851966716349126 0.3327804235223240
0.59946475480683148 0.21152684725821019 0.16851966716349126 0.3327804235223240
0.59946475480683148 0.25138932205736642 0.17500217370688917 0.3327804235223240
0.59946475480683148 0.25138932205736642 0.16851966716349126 0.1279643291091950
0.26900866078212854 0.21152684725821019 0.17500217370688917 0.1279643291091950
0.25060906647704539 0.3161142256110907 0.38799375556409366 0.3470293082612380
0.43958979533053927 0.3161142256110907 0.38799375556409366 0.3470293082612380
0.25060906647704539 0.40848963446915154 0.38799375556409366 0.3470293082612380
0.25060906647704539 0.3161142256110907 0.3168773241341114 0.3470293082612380
0.25060906647704539 0.3161142256110907 0.38799375556409366 0.4959540751445220
0.43958979533053927 0.40848963446915154 0.3168773241341114 0.4959540751445220
0.12166719692759215 0.16793106719851494 0.2764330882579088 0.1436110045644180
0.61367926462553435 0.16793106719851494 0.2764330882579088 0.1436110045644180
0.12166719692759215 0.30895131453871727 0.2764330882579088 0.1436110045644180
0.12166719692759215 0.16793106719851494 0.22201935760676861 0.1436110045644180
0.12166719692759215 0.16793106719851494 0.2764330882579088 0.3623192620091210
0.61367926462553435 0.30895131453871727 0.22201935760676861 0.3623192620091210
0.40384305962361389 0.40279742479324343 0.45527598075568676 0.4653313191104570
0.093659573607146746 0.40279742479324343 0.45527598075568676 0.4653313191104570
0.40384305962361389 0.11204174235463144 0.45527598075568676 0.4653313191104570
0.40384305962361389 0.40279742479324343 0.4825856126844883 0.4653313191104570
0.40384305962361389 0.40279742479324343 0.45527598075568676 0.2586259569909860
0.093659573607146746 0.11204174235463144 0.4825856126844883 0.2586259569909860
0.44642302207648749 0.20003744922578337 0.26229970343410969 0.3850864065124420
0.66293469769880176 0.20003744922578337 0.26229970343410969 0.3850864065124420
0.44642302207648749 0.16549058109521866 0.26229970343410969 0.3850864065124420
0.44642302207648749 0.20003744922578337 0.16695239767432213 0.3850864065124420
0.44642302207648749 0.20003744922578337 0.26229970343410969 0.2078697213545970
0.66293469769880176 0.16549058109521866 0.16695239767432213 0.2078697213545970
0.07861359985545277 0.36673367656767375 0.48177204839885235 0.2926268740658180
0.20829145056195553 0.36673367656767375 0.48177204839885235 0.2926268740658180
0.07861359985545277 0.36860055923461921 0.48177204839885235 0.2926268740658180
0.07861359985545277 0.36673367656767375 0.32512241564691069 0.2926268740658180
0.07861359985545277 0.36673367656767375 0.48177204839885235 0.4733109613031240
0.20829145056195553 0.36860055923461921 0.32512241564691069 0.4733109613031240
0.27470149947330352 0.11814159452915192 0.195212597027421 0.4373775374414450
0.35761522459797557 0.11814159452915192 0.195212597027421 0.4373775374414450
0.27470149947330352 0.46750412695109844 0.195212597027421 0.4373775374414450
0.27470149947330352 0.11814159452915192 0.23251054212450983 0.4373775374414450
0.27470149947330352 0.11814159452915192 0.195212597027421 0.3658458139680730
0.35761522459797557 0.46750412695109844 0.23251054212450983 0.3658458139680730
0.57585091311484571 0.4518544755876065 0.37405413351953032 0.2030255166156810
0.51233147904276843 0.4518544755876065 0.37405413351953032 0.2030255166156810
0.57585091311484571 0.26443859003484249 0.37405413351953032 0.2030255166156810
0.57585091311484571 0.4518544755876065 0.47189911864697931 0.2030255166156810
0.57585091311484571 0.4518544755876065 0.37405413351953032 0.2364888064302830
0.51233147904276843 0.26443859003484249 0.47189911864697931 0.2364888064302830
0.67379698413424194 0.17675410099327565 0.40579425320029261 0.0871468318227142
0.3861048286315053 0.17675410099327565 0.40579425320029261 0.0871468318227142
0.67379698413424194 0.12673821039497854 0.40579425320029261 0.0871468318227142
0.67379698413424194 0.17675410099327565 0.26084907911717892 0.0871468318227142
0.67379698413424194 0.17675410099327565 0.40579425320029261 0.3974326520898220
0.3861048286315053 0.12673821039497854 0.26084907911717892 0.3974326520898220
0.30084962495602663 0.44324273280799387 0.22539029419422152 0.4793114393789490
0.24152971077710389 0.44324273280799387 0.22539029419422152 0.4793114393789490
0.30084962495602663 0.32980174459517003 0.22539029419422152 0.4793114393789490
0.30084962495602663 0.44324273280799387 0.44412208124995234 0.4793114393789490
0.30084962495602663 0.44324273280799387 0.22539029419422152 0.3339769864226970
0.24152971077710389 0.32980174459517003 0.44412208124995234 0.3339769864226970
0.17679771040566267 0.29143732264637945 0.3383170045912266 0.2286200056457370
0.080770467314869171 0.29143732264637945 0.3383170045912266 0.2286200056457370
0.17679771040566267 0.43090103939175606 0.3383170045912266 0.2286200056457370
0.17679771040566267 0.29143732264637945 0.1389068301767111 0.2286200056457370
0.17679771040566267 0.29143732264637945 0.3383170045912266 0.0524034195416244
0.080770467314869171 0.43090103939175606 0.1389068301767111 0.0524034195416244
0.47296788333915168 0.32533303946256642 0.1172820344567299 0.4105579776492290
0.54558460810221732 0.32533303946256642 0.1172820344567299 0.4105579776492290
0.47296788333915168 0.22778734192252159 0.1172820344567299 0.4105579776492290
0.47296788333915168 0.32533303946256642 0.35338773354887965 0.4105579776492290
0.47296788333915168 0.32533303946256642 0.1172820344567299 0.4539354981626700
0.54558460810221732 0.22778734192252159 0.35338773354887965 0.4539354981626700
0.48050888753496102 0.28099415637552738 0.49059018194675452 0.1659979030800140
0.33288427032530304 0.28099415637552738 0.49059018194675452 0.1659979030800140
0.48050888753496102 0.34959354512393476 0.49059018194675452 0.1659979030800140
0.48050888753496102 0.28099415637552738 0.41718906238675124 0.1659979030800140
0.48050888753496102 0.28099415637552738 0.49059018194675452 0.0328448154113871
0.33288427032530304 0.34959354512393476 0.41718906238675124 0.0328448154113871
0.2097242545802146 0.3396824564784765 0.2663142465054989 0.4566421264472830
0.45713247577659777 0.3396824564784765 0.2663142465054989 0.4566421264472830
0.2097242545802146 0.14640555642545225 0.2663142465054989 0.4566421264472830
0.2097242545802146 0.3396824564784765 0.27781498245894909 0.4566421264472830
0.2097242545802146 0.3396824564784765 0.2663142465054989 0.4601547593071200
0.45713247577659777 0.14640555642545225 0.27781498245894909 0.4601547593071200
0.32885703579522663 0.18796630427241326 0.35436259657144553 0.3191944800216740
0.63692492474801832 0.18796630427241326 0.35436259657144553 0.3191944800216740
0.32885703579522663 0.24594388753175736 0.35436259657144553 0.3191944800216740
0.32885703579522663 0.18796630427241326 0.38295737281441689 0.3191944800216740
0.32885703579522663 0.18796630427241326 0.35436259657144553 0.4063069305742320
0.63692492474801832 0.24594388753175736 0.38295737281441689 0.4063069305742320
0.68657450447790325 0.42968677878379824 0.17695546522736549 0.3601259226146600
0.15181238641962408 0.42968677878379824 0.17695546522736549 0.3601259226146600
0.68657450447790325 0.44907866120338447 0.17695546522736549 0.3601259226146600
0.68657450447790325 0.42968677878379824 0.12477285973727703 0.3601259226146600
0.68657450447790325 0.42968677878379824 0.17695546522736549 0.3228967215903660
0.15181238641962408 0.44907866120338447 0.12477285973727703 0.3228967215903660
0.53752732109278434 0.10439042560756207 0.24619259350001813 0.3919865673996190
0.11681864247657359 0.10439042560756207 0.24619259350001813 0.3919865673996190
0.53752732109278434 0.36137914136052129 0.24619259350001813 0.3919865673996190
0.53752732109278434 0.10439042560756207 0.31118607036769391 0.3919865673996190
0.53752732109278434 0.10439042560756207 0.24619259350001813 0.3815008197028560
0.11681864247657359 0.36137914136052129 0.31118607036769391 0.3815008197028560
0.27192029794678091 0.46326189525425432 0.42203730233013637 0.2705092864130680
0.59178973184898498 0.46326189525425432 0.42203730233013637 0.2705092864130680
0.27192029794678091 0.15824064835906029 0.42203730233013637 0.2705092864130680
0.27192029794678091 0.46326189525425432 0.19671508446335795 0.2705092864130680
0.27192029794678091 0.46326189525425432 0.42203730233013637 0.2123444296266660
0.59178973184898498 0.15824064835906029 0.19671508446335795 0.2123444296266660
0.061073797289282084 0.21458208113908769 0.11035611592233181 0.4928832825959120
0.42087416332215066 0.21458208113908769 0.11035611592233181 0.4928832825959120
0.061073797289282084 0.25870517678558824 0.11035611592233181 0.4928832825959120
0.061073797289282084 0.21458208113908769 0.48944864682853229 0.4928832825959120
0.061073797289282084 0.21458208113908769 0.11035611592233181 0.1843245779689370
0.42087416332215066 0.25870517678558824 0.48944864682853229 0.1843245779689370
0.42381017953157418 0.35609529390931127 0.3330694261938334 0.0200734110237786
0.28645475669763981 0.35609529390931127 0.3330694261938334 0.0200734110237786
0.42381017953157418 0.46189116276800635 0.3330694261938334 0.0200734110237786
0.42381017953157418 0.35609529390931127 0.20616572573781014 0.0200734110237786
0.42381017953157418 0.35609529390931127 0.3330694261938334 0.4832939483395470
0.28645475669763981 0.46189116276800635 0.20616572573781014 0.4832939483395470
0.38583445684052997 0.15338633246719838 0.12747411988675594 0.2104049794238070
0.53106709760613735 0.15338633246719838 0.12747411988675594 0.2104049794238070
0.38583445684052997 0.41524159573018549 0.12747411988675594 0.2104049794238070
0.38583445684052997 0.15338633246719838 0.34678711816668512 0.2104049794238070
0.38583445684052997 0.15338633246719838 0.12747411988675594 0.3471601346374110
0.53106709760613735 0.41524159573018549 0.34678711816668512 0.3471601346374110
0.098575965268537402 0.41343591026961801 0.30332018472254274 0.4212494809443390
0.34014913244172923 0.41343591026961801 0.30332018472254274 0.4212494809443390
0.098575965268537402 0.21845285408198833 0.30332018472254274 0.4212494809443390
0.098575965268537402 0.41343591026961801 0.16130935214459896 0.4212494809443390
0.098575965268537402 0.41343591026961801 0.30332018472254274 0.2782372862848950
0.34014913244172923 0.21845285408198833 0.16130935214459896 0.2782372862848950
0.21275921440683304 0.26514058187603951 0.21663711480796338 0.1125371285881100
0.18511270508170125 0.26514058187603951 0.21663711480796338 0.1125371285881100
0.21275921440683304 0.11735354661941529 0.21663711480796338 0.1125371285881100
0.21275921440683304 0.26514058187603951 0.45609369501471519 0.1125371285881100
0.21275921440683304 0.26514058187603951 0.21663711480796338 0.1572709017858130
0.18511270508170125 0.11735354661941529 0.45609369501471519 0.1572709017858130
0.59716692087240519 0.30470671504735947 0.43935216851532466 0.4710755067505210
0.68484391677193335 0.30470671504735947 0.43935216851532466 0.4710755067505210
0.59716692087240519 0.31419245153665543 0.43935216851532466 0.4710755067505210
0.59716692087240519 0.30470671504735947 0.23932536803185941 0.4710755067505210
0.59716692087240519 0.30470671504735947 0.43935216851532466 0.4855499753243410
0.68484391677193335 0.31419245153665543 0.23932536803185941 0.4855499753243410
0.65377387935295694 0.23000240288674834 0.38436981290578842 0.4465417516605900
0.55858750808984037 0.23000240288674834 0.38436981290578842 0.4465417516605900
0.65377387935295694 0.47688057646155357 0.38436981290578842 0.4465417516605900
0.65377387935295694 0.23000240288674834 0.42788929305970669 0.4465417516605900
0.65377387935295694 0.23000240288674834 0.38436981290578842 0.1186051581810630
0.55858750808984037 0.47688057646155357 0.42788929305970669 0.1186051581810630
0.36149645000696179 0.38984413184225564 0.16009218171238901 0.1822860981302270
0.069037113105878234 0.38984413184225564 0.16009218171238901 0.1822860981302270
0.36149645000696179 0.28004386499524114 0.16009218171238901 0.1822860981302270
0.36149645000696179 0.38984413184225564 0.26731006726622586 0.1822860981302270
0.36149645000696179 0.38984413184225564 0.16009218171238901 0.4390354444520040
0.069037113105878234 0.28004386499524114 0.26731006726622586 0.4390354444520040
0.15557965468615292 0.13853695094585419 0.47314246296882634 0.3728135216342680
0.21265790262259543 0.13853695094585419 0.47314246296882634 0.3728135216342680
0.15557965468615292 0.18114030994474889 0.47314246296882634 0.3728135216342680
0.15557965468615292 0.13853695094585419 0.37469855211675174 0.3728135216342680
0.15557965468615292 0.13853695094585419 0.47314246296882634 0.4145774701999760
0.21265790262259543 0.18114030994474889 0.37469855211675174 0.4145774701999760
0.53480973681434985 0.47828605398535728 0.29573402330279353 0.3070531006604140
0.41370709100738162 0.47828605398535728 0.29573402330279353 0.3070531006604140
0.53480973681434985 0.37793258018791676 0.29573402330279353 0.3070531006604140
0.53480973681434985 0.47828605398535728 0.1328363709151745 0.3070531006604140
0.53480973681434985 0.47828605398535728 0.29573402330279353 0.2968745141695360
0.41370709100738162 0.37793258018791676 0.1328363709151745 0.2968745141695360
