0.53581396616064003 0.29443336166441442 0.37613404020667074 0.3613166857010900
0.254202532954514 0.29443336166441442 0.37613404020667074 0.3613166857010900
0.53581396616064003 0.22927745468914509 0.37613404020667074 0.3613166857010900
0.53581396616064003 0.29443336166441442 0.4502093758434057 0.3613166857010900
0.53581396616064003 0.29443336166441442 0.37613404020667074 0.2504083191711200
0.254202532954514 0.22927745468914509 0.4502093758434057 0.2504083191711200
0.15207607564516365 0.33572048507630825 0.1550013452768326 0.3205578704016830
0.45464260480366642 0.33572048507630825 0.1550013452768326 0.3205578704016830
0.15207607564516365 0.42609060741961002 0.1550013452768326 0.3205578704016830
0.15207607564516365 0.33572048507630825 0.24208509251475335 0.3205578704016830
0.15207607564516365 0.33572048507630825 0.1550013452768326 0.3523178766928550
0.45464260480366642 0.42609060741961002 0.24208509251475335 0.3523178766928550
0.36238660053350025 0.18743604049086571 0.46802525892853741 0.4552042686992600
0.59888800927437835 0.18743604049086571 0.46802525892853741 0.4552042686992600
0.36238660053350025 0.32562740221619607 0.46802525892853741 0.4552042686992600
0.36238660053350025 0.18743604049086571 0.34720268808305266 0.4552042686992600
0.36238660053350025 0.18743604049086571 0.46802525892853741 0.4962753630259170
0.59888800927437835 0.32562740221619607 0.34720268808305266 0.4962753630259170
0.65030495594255622 0.44573980867862706 0.28752375990152357 0.1626240603990580
0.10867766449227928 0.44573980867862706 0.28752375990152357 0.1626240603990580
0.65030495594255622 0.12876408621668817 0.28752375990152357 0.1626240603990580
0.65030495594255622 0.44573980867862706 0.15776837691664697 0.1626240603990580
0.65030495594255622 0.44573980867862706 0.28752375990152357 0.1446846649266490
0.10867766449227928 0.12876408621668817 0.15776837691664697 0.1446846649266490
0.59551302921026938 0.12103692702949048 0.13254221566021443 0.0319447104190532
0.14479704690165818 0.12103692702949048 0.13254221566021443 0.0319447104190532
0.59551302921026938 0.26607596129179001 0.13254221566021443 0.0319447104190532
0.59551302921026938 0.12103692702949048 0.36881536468863485 0.0319447104190532
0.59551302921026938 0.12103692702949048 0.13254221566021443 0.4427018108121770
0.14479704690165818 0.26607596129179001 0.36881536468863485 0.4427018108121770
0.2169124557636678 0.46214121170341971 0.31148113720118997 0.4960745744812040
0.64513907982036467 0.46214121170341971 0.31148113720118997 0.4960745744812040
0.2169124557636678 0.46293708384037024 0.31148113720118997 0.4960745744812040
0.2169124557636678 0.46214121170341971 0.13559420071542264 0.4960745744812040
0.2169124557636678 0.46214121170341971 0.31148113720118997 0.0771504147805553
0.64513907982036467 0.46293708384037024 0.13559420071542264 0.0771504147805553
0.09704610938206315 0.21082009524106982 0.22482433952391148 0.2648408534851190
0.48945773616433136 0.21082009524106982 0.22482433952391148 0.2648408534851190
0.09704610938206315 0.36340315155684955 0.22482433952391148 0.2648408534851190
0.09704610938206315 0.21082009524106982 0.42830372974276543 0.2648408534851190
0.09704610938206315 0.21082009524106982 0.22482433952391148 0.2878875522180640
0.48945773616433136 0.36340315155684955 0.42830372974276543 0.2878875522180640
0.38994308561086649 0.36933146193623545 0.44439465962350366 0.3880412370097100
0.29919894593767821 0.36933146193623545 0.44439465962350366 0.3880412370097100
0.38994308561086649 0.16658647023141385 0.44439465962350366 0.3880412370097100
0.38994308561086649 0.36933146193623545 0.26377098821103573 0.3880412370097100
0.38994308561086649 0.36933146193623545 0.44439465962350366 0.4285849700122320
0.29919894593767821 0.16658647023141385 0.26377098821103573 0.4285849700122320
0.42228524521924549 0.17121091969311236 0.23881136514246465 0.4675499850977540
0.38121318952180439 0.17121091969311236 0.23881136514246465 0.4675499850977540
0.42228524521924549 0.10742549039423466 0.23881136514246465 0.4675499850977540
0.42228524521924549 0.17121091969311236 0.38566641025245196 0.4675499850977540
0.42228524521924549 0.17121091969311236 0.23881136514246465 0.4540185087214450
0.38121318952180439 0.10742549039423466 0.38566641025245196 0.4540185087214450
0.065177429420873526 0.41113714091479781 0.41775198243558409 0.1025941618324120
0.246174590755254 0.41113714091479781 0.41775198243558409 0.1025941618324120
0.065177429420873526 0.31063789613544945 0.41775198243558409 0.1025941618324120
0.065177429420873526 0.41113714091479781 0.11893846467137337 0.1025941618324120
0.065177429420873526 0.41113714091479781 0.41775198243558409 0.0713152890273168
0.246174590755254 0.31063789613544945 0.11893846467137337 0.0713152890273168
0.27028132355771955 0.25943149104714391 0.10609334893524647 0.4247700024825230
0.075903628580272192 0.25943149104714391 0.10609334893524647 0.4247700024825230
0.27028132355771955 0.40953707620501523 0.10609334893524647 0.4247700024825230
0.27028132355771955 0.25943149104714391 0.41369877569377422 0.4247700024825230
0.27028132355771955 0.25943149104714391 0.10609334893524647 0.3277985708072390
0.075903628580272192 0.40953707620501523 0.41369877569377422 0.3277985708072390
0.54166572508402167 0.31988998800516133 0.32566497735679151 0.2169594803305480
0.55022453381679948 0.31988998800516133 0.32566497735679151 0.2169594803305480
0.54166572508402167 0.20637788549065592 0.32566497735679151 0.2169594803305480
0.54166572508402167 0.31988998800516133 0.27818062677979472 0.2169594803305480
0.54166572508402167 0.31988998800516133 0.32566497735679151 0.3888565746297110
0.55022453381679948 0.20637788549065592 0.27818062677979472 0.3888565746297110
0.68746965164318674 0.24459506534039976 0.4949012942612171 0.3056491803648690
0.67789436168968675 0.24459506534039976 0.4949012942612171 0.3056491803648690
0.68746965164318674 0.194077405333519 0.4949012942612171 0.3056491803648690
0.68746965164318674 0.24459506534039976 0.49215960279107096 0.3056491803648690
0.68746965164318674 0.24459506534039976 0.4949012942612171 0.2377669698050580
0.67789436168968675 0.194077405333519 0.49215960279107096 0.2377669698050580
0.32538319081068034 0.38472870327532294 0.27376724332571034 0.3716532517261530
0.19340241025201976 0.38472870327532294 0.27376724332571034 0.3716532517261530
0.32538319081068034 0.39724031537771232 0.27376724332571034 0.3716532517261530
0.32538319081068034 0.38472870327532294 0.20033017508685591 0.3716532517261530
0.32538319081068034 0.38472870327532294 0.27376724332571034 0.3736233292012500
0.19340241025201976 0.39724031537771232 0.20033017508685591 0.3736233292012500
0.21074332129210233 0.13603533506393434 0.36179313585162165 0.1855245051455900
0.37256993432529267 0.13603533506393434 0.36179313585162165 0.1855245051455900
0.21074332129210233 0.49833827577531342 0.36179313585162165 0.1855245051455900
0.21074332129210233 0.13603533506393434 0.3076938636600971 0.1855245051455900
0.21074332129210233 0.13603533506393434 0.36179313585162165 0.4699940064468760
0.37256993432529267 0.49833827577531342 0.3076938636600971 0.4699940064468760
0.47699039122089737 0.49631043598055846 0.18128989338874818 0.4480169125461110
0.49746723910793655 0.49631043598055846 0.18128989338874818 0.4480169125461110
0.47699039122089737 0.29512787275016306 0.18128989338874818 0.4480169125461110
0.47699039122089737 0.49631043598055846 0.19708188585937025 0.4480169125461110
0.47699039122089737 0.49631043598055846 0.18128989338874818 0.1917362033842750
0.49746723910793655 0.29512787275016306 0.19708188585937025 0.1917362033842750
0.47453245176002379 0.14728407673537733 0.41086273044347765 0.2475005077240160
0.12233493528328836 0.14728407673537733 0.41086273044347765 0.2475005077240160
0.47453245176002379 0.3790284566581249 0.41086273044347765 0.2475005077240160
0.47453245176002379 0.14728407673537733 0.23600271306931975 0.2475005077240160
0.47453245176002379 0.14728407673537733 0.41086273044347765 0.4769371427361730
0.12233493528328836 0.3790284566581249 0.23600271306931975 0.4769371427361730
0.17273371238261459 0.48271794505417354 0.23355162814259531 0.3990405180402120
0.58650028426200151 0.48271794505417354 0.23355162814259531 0.3990405180402120
0.17273371238261459 0.17594288960099222 0.23355162814259531 0.3990405180402120
0.17273371238261459 0.48271794505417354 0.47153230533003809 0.3990405180402120
0.17273371238261459 0.48271794505417354 0.23355162814259531 0.1748704519796960
0.58650028426200151 0.17594288960099222 0.47153230533003809 0.1748704519796960
0.30244896523654458 0.23413979858160019 0.34650384783744814 0.0591851333359608
0.42638549217954269 0.23413979858160019 0.34650384783744814 0.0591851333359608
0.30244896523654458 0.27547683455049993 0.34650384783744814 0.0591851333359608
0.30244896523654458 0.23413979858160019 0.1642414774745703 0.0591851333359608
0.30244896523654458 0.23413979858160019 0.34650384783744814 0.2255940941829680
0.42638549217954269 0.27547683455049993 0.1642414774745703 0.2255940941829680
0.66961894603446126 0.39909021928906441 0.12232414409518243 0.4879872736778220
0.28119009980000553 0.39909021928906441 0.12232414409518243 0.4879872736778220
0.66961894603446126 0.47851796038448813 0.12232414409518243 0.4879872736778220
0.66961894603446126 0.39909021928906441 0.33095797821879391 0.4879872736778220
0.66961894603446126 0.39909021928906441 0.12232414409518243 0.3817016616411900
0.28119009980000553 0.47851796038448813 0.33095797821879391 0.3817016616411900
0.57491613184101875 0.27398841418325903 0.25406354926526548 0.4644873001798930
0.31727972878143185 0.27398841418325903 0.25406354926526548 0.4644873001798930
0.57491613184101875 0.31621834002435212 0.25406354926526548 0.4644873001798930
0.57491613184101875 0.27398841418325903 0.1423971049487591 0.4644873001798930
0.57491613184101875 0.27398841418325903 0.25406354926526548 0.3110333431033610
0.31727972878143185 0.31621834002435212 0.1423971049487591 0.3110333431033610
0.27813571034930645 0.30923931561410428 0.47668083049356935 0.1414683462403150
0.4726464797277003 0.30923931561410428 0.47668083049356935 0.1414683462403150
0.27813571034930645 0.11317921690642835 0.47668083049356935 0.1414683462403150
0.27813571034930645 0.30923931561410428 0.35302205346524718 0.1414683462403150
0.27813571034930645 0.30923931561410428 0.47668083049356935 0.4020007134500860
0.4726464797277003 0.11317921690642835 0.35302205346524718 0.4020007134500860
0.077634167252108449 0.15742302164435387 0.19009577445685866 0.3490832761711720
0.62134517389349631 0.15742302164435387 0.19009577445685866 0.3490832761711720
0.077634167252108449 0.21364240944385529 0.19009577445685866 0.3490832761711720
0.077634167252108449 0.15742302164435387 0.25814005360007286 0.3490832761711720
0.077634167252108449 0.15742302164435387 0.19009577445685866 0.4658674607022050
0.62134517389349631 0.21364240944385529 0.25814005360007286 0.4658674607022050
0.44998115249909454 0.42258128821849827 0.36584425158798695 0.3349363752930410
0.16732142642140385 0.42258128821849827 0.36584425158798695 0.3349363752930410
0.44998115249909454 0.41673169583082204 0.36584425158798695 0.3349363752930410
0.44998115249909454 0.42258128821849827 0.44995651207864285 0.3349363752930410
0.44998115249909454 0.42258128821849827 0.36584425158798695 0.0351245497426837
0.16732142642140385 0.41673169583082204 0.44995651207864285 0.0351245497426837
0.40287854187190525 0.22460789345204832 0.17283116094768047 0.2048908055101860
0.57403812604025006 0.22460789345204832 0.17283116094768047 0.2048908055101860
0.40287854187190525 0.45766762271523476 0.17283116094768047 0.2048908055101860
0.40287854187190525 0.22460789345204832 0.10309732668101788 0.2048908055101860
0.40287854187190525 0.22460789345204832 0.17283116094768047 0.3078964368740740
0.57403812604025006 0.45766762271523476 0.10309732668101788 0.3078964368740740
0.12521048756316305 0.35788741447031502 0.39544713385403163 0.4382995578743510
0.05335957244969905 0.35788741447031502 0.39544713385403163 0.4382995578743510
0.12521048756316305 0.26078027412295346 0.39544713385403163 0.4382995578743510
0.12521048756316305 0.35788741447031502 0.39251714125275616 0.4382995578743510
0.12521048756316305 0.35788741447031502 0.39544713385403163 0.4150952431326580
0.05335957244969905 0.26078027412295346 0.39251714125275616 0.4150952431326580
0.24967920435592528 0.10648009181022644 0.28386324606835844 0.2902030858441680
0.22807381167076524 0.10648009181022644 0.28386324606835844 0.2902030858441680
0.24967920435592528 0.1596823025494814 0.28386324606835844 0.2902030858441680
0.24967920435592528 0.10648009181022644 0.29988123588263993 0.2902030858441680
0.24967920435592528 0.10648009181022644 0.28386324606835844 0.4312353555210910
0.22807381167076524 0.1596823025494814 0.29988123588263993 0.4312353555210910
0.6028939666226506 0.47279179617762568 0.45961002744734292 0.3832428815294760
0.39804443251341576 0.47279179617762568 0.45961002744734292 0.3832428815294760
0.6028939666226506 0.35661714412271983 0.45961002744734292 0.3832428815294760
0.6028939666226506 0.47279179617762568 0.40802001431584356 0.3832428815294760
0.6028939666226506 0.47279179617762568 0.45961002744734292 0.1067690648399880
0.39804443251341576 0.35661714412271983 0.40802001431584356 0.1067690648399880
0.62753700572066007 0.19789140708744526 0.31713147461414337 0.4148638799798280
0.52570434580557046 0.19789140708744526 0.31713147461414337 0.4148638799798280
0.62753700572066007 0.44392968825995927 0.31713147461414337 0.4148638799798280
0.62753700572066007 0.19789140708744526 0.22160375192761422 0.4148638799798280
0.62753700572066007 0.19789140708744526 0.31713147461414337 0.4909807452333330
0.52570434580557046 0.44392968825995927 0.22160375192761422 0.4909807452333330
0.3446919614914804 0.43137819282710554 0.13982211574912073 0.2359972336265460
0.34560234434902665 0.43137819282710554 0.13982211574912073 0.2359972336265460
0.3446919614914804 0.24699131809175015 0.13982211574912073 0.2359972336265460
0.3446919614914804 0.43137819282710554 0.48612657599151132 0.2359972336265460
0.3446919614914804 0.43137819282710554 0.13982211574912073 0.1596998015778990
0.34560234434902665 0.24699131809175015 0.48612657599151132 0.1596998015778990
0.14945680056698618 0.28318453207612038 0.42777321487665176 0.4764217569498680
0.1797648354433477 0.28318453207612038 0.42777321487665176 0.4764217569498680
0.14945680056698618 0.14809214919805527 0.42777321487665176 0.4764217569498680
0.14945680056698618 0.28318453207612038 0.18088652864098551 0.4764217569498680
0.14945680056698618 0.28318453207612038 0.42777321487665176 0.2642401936872000
0.1797648354433477 0.14809214919805527 0.18088652864098551 0.2642401936872000
0.49765326916240149 0.3493130639195442 0.2035948671400547 0.0782500170804297
0.69026241977699099 0.3493130639195442 0.2035948671400547 0.0782500170804297
0.49765326916240149 0.34497730433940887 0.2035948671400547 0.0782500170804297
0.49765326916240149 0.3493130639195442 0.31411761157214646 0.0782500170804297
0.49765326916240149 0.3493130639195442 0.2035948671400547 0.3415217760004990
0.69026241977699099 0.34497730433940887 0.31411761157214646 0.3415217760004990
0.51550512979738405 0.17897444851696492 0.11207368932664395 0.3252869772442540
0.30651895329356188 0.17897444851696492 0.11207368932664395 0.3252869772442540
0.51550512979738405 0.35581605583429343 0.11207368932664395 0.3252869772442540
0.51550512979738405 0.17897444851696492 0.17167166136205197 0.3252869772442540
0.51550512979738405 0.17897444851696492 0.11207368932664395 0.4124575889034800
0.30651895329356188 0.35581605583429343 0.17167166136205197 0.4124575889034800
0.13176227048970757 0.43784588687121873 0.33154605664312842 0.3381440740145420
0.48217775034718208 0.43784588687121873 0.33154605664312842 0.3381440740145420
0.13176227048970757 0.15267698764801027 0.33154605664312842 0.3381440740145420
0.13176227048970757 0.43784588687121873 0.33605866953730584 0.3381440740145420
0.13176227048970757 0.43784588687121873 0.33154605664312842 0.2967254488061560
0.48217775034718208 0.15267698764801027 0.33605866953730584 0.2967254488061560
0.34207292613573365 0.28916853442788126 0.244596291705966 0.1340197846837500
0.65245846849866207 0.28916853442788126 0.244596291705966 0.1340197846837500
0.34207292613573365 0.25216668359935285 0.244596291705966 0.1340197846837500
0.34207292613573365 0.28916853442788126 0.23091627918183805 0.1340197846837500
0.34207292613573365 0.28916853442788126 0.244596291705966 0.1128514028755790
0.65245846849866207 0.25216668359935285 0.23091627918183805 0.1128514028755790
0.62999623096548019 0.33068143278360368 0.42343785054981709 0.4626888200280660
0.13751767976209522 0.33068143278360368 0.42343785054981709 0.4626888200280660
0.62999623096548019 0.45534981153905396 0.42343785054981709 0.4626888200280660
0.62999623096548019 0.33068143278360368 0.46408786401152613 0.4626888200280660
0.62999623096548019 0.33068143278360368 0.42343785054981709 0.4385639855129640
0.13751767976209522 0.45534981153905396 0.46408786401152613 0.4385639855129640
0.61582681983709331 0.20558115504682065 0.35595925599336631 0.4896049093393720
0.091241503739729529 0.20558115504682065 0.35595925599336631 0.4896049093393720
0.61582681983709331 0.34266254492104053 0.35595925599336631 0.4896049093393720
0.61582681983709331 0.20558115504682065 0.25306604132056237 0.4896049093393720
0.61582681983709331 0.20558115504682065 0.35595925599336631 0.1542457080078560
0.091241503739729529 0.34266254492104053 0.25306604132056237 0.1542457080078560
0.23722129696980115 0.36426957584917552 0.17555532231926918 0.0680217992621155
0.61636357167735689 0.36426957584917552 0.17555532231926918 0.0680217992621155
0.23722129696980115 0.13947550691664221 0.17555532231926918 0.0680217992621155
0.23722129696980115 0.36426957584917552 0.44254842959344387 0.0680217992621155
0.23722129696980115 0.36426957584917552 0.17555532231926918 0.4849641824522360
0.61636357167735689 0.13947550691664221 0.44254842959344387 0.4849641824522360
0.1173548295162618 0.11254943609237672 0.48887220323085789 0.4080519008699110
0.43720582295209165 0.11254943609237672 0.48887220323085789 0.4080519008699110
0.1173548295162618 0.23998905494809153 0.48887220323085789 0.4080519008699110
0.1173548295162618 0.11254943609237672 0.14981486722826959 0.4080519008699110
0.1173548295162618 0.11254943609237672 0.48887220323085789 0.3448326898084270
0.43720582295209165 0.23998905494809153 0.14981486722826959 0.3448326898084270
0.41025677453726522 0.4542701356112957 0.26783725842833517 0.2595159369161100
0.27167871645651753 0.4542701356112957 0.26783725842833517 0.2595159369161100
0.41025677453726522 0.4431255482137203 0.26783725842833517 0.2595159369161100
0.41025677453726522 0.4542701356112957 0.35808638595044617 0.2595159369161100
0.41025677453726522 0.4542701356112957 0.26783725842833517 0.2764574446081620
0.27167871645651753 0.4431255482137203 0.35808638595044617 0.2764574446081620
0.44260152992792423 0.25541935600340371 0.47473870515823369 0.0945977666438393
0.51490359236486249 0.25541935600340371 0.47473870515823369 0.0945977666438393
0.44260152992792423 0.48401264548301703 0.47473870515823369 0.0945977666438393
0.44260152992792423 0.25541935600340371 0.29247720651328568 0.0945977666438393
0.44260152992792423 0.25541935600340371 0.47473870515823369 0.1800432304107850
0.51490359236486249 0.48401264548301703 0.29247720651328568 0.1800432304107850
0.085488745337352151 0.31526145301759245 0.29433341547846792 0.4827792999581540
0.35509363701567048 0.31526145301759245 0.29433341547846792 0.4827792999581540
0.085488745337352151 0.28717574626207354 0.29433341547846792 0.4827792999581540
0.085488745337352151 0.31526145301759245 0.4029419489204884 0.4827792999581540
0.085488745337352151 0.31526145301759245 0.29433341547846792 0.4831497648101090
0.35509363701567048 0.28717574626207354 0.4029419489204884 0.4831497648101090
0.29059252808801828 0.16395023688673974 0.38265227526426315 0.2406990982824030
0.21083814240992066 0.16395023688673974 0.38265227526426315 0.2406990982824030
0.29059252808801828 0.18612507842481138 0.38265227526426315 0.2406990982824030
0.29059252808801828 0.16395023688673974 0.10815760605037213 0.2406990982824030
0.29059252808801828 0.16395023688673974 0.38265227526426315 0.3787649966259090
0.21083814240992066 0.18612507842481138 0.10815760605037213 0.3787649966259090
0.56198187903501096 0.40369941294193268 0.16161558702588083 0.4163449487140450
0.66041868547908955 0.40369941294193268 0.16161558702588083 0.4163449487140450
0.56198187903501096 0.38291486613452441 0.16161558702588083 0.4163449487140450
0.56198187903501096 0.40369941294193268 0.39993895664811141 0.4163449487140450
0.56198187903501096 0.40369941294193268 0.16161558702588083 0.2115628717691700
0.66041868547908955 0.38291486613452441 0.39993895664811141 0.2115628717691700
0.6671583308838307 0.12880055122077466 0.21835505776107311 0.3816114663023900
0.54290533643215888 0.12880055122077466 0.21835505776107311 0.3816114663023900
0.6671583308838307 0.42061505354940898 0.21835505776107311 0.3816114663023900
0.6671583308838307 0.12880055122077466 0.18598364368081094 0.3816114663023900
0.6671583308838307 0.12880055122077466 0.21835505776107311 0.4047220451032490
0.54290533643215888 0.42061505354940898 0.18598364368081094 0.4047220451032490
0.30506692063063379 0.48884986229240901 0.43782912082970149 0.2860653253151470
0.083183501800522197 0.48884986229240901 0.43782912082970149 0.2860653253151470
0.30506692063063379 0.22382765002548696 0.43782912082970149 0.2860653253151470
0.30506692063063379 0.48884986229240901 0.32155137173831461 0.2860653253151470
0.30506692063063379 0.48884986229240901 0.43782912082970149 0.3217710634206600
0.083183501800522197 0.22382765002548696 0.32155137173831461 0.3217710634206600
0.1904271528124809 0.24055704325437546 0.12587752006947994 0.4308127879844680
0.23885477469302713 0.24055704325437546 0.12587752006947994 0.4308127879844680
0.1904271528124809 0.12487507686018945 0.12587752006947994 0.4308127879844680
0.1904271528124809 0.24055704325437546 0.21416288688778878 0.4308127879844680
0.1904271528124809 0.24055704325437546 0.12587752006947994 0.0279548379154663
0.23885477469302713 0.12487507686018945 0.21416288688778878 0.0279548379154663
0.45667919153347603 0.38012300208210947 0.30472038723528383 0.1922717449391090
0.38849368141964075 0.38012300208210947 0.30472038723528383 0.1922717449391090
0.45667919153347603 0.32171607688069348 0.30472038723528383 0.1922717449391090
0.45667919153347603 0.38012300208210947 0.48103656582534315 0.1922717449391090
0.45667919153347603 0.38012300208210947 0.30472038723528383 0.4592299552847000
0.38849368141964075 0.32171607688069348 0.48103656582534315 0.4592299552847000
0.49484376283362502 0.22602462433278561 0.27802939005196092 0.3966867533821950
0.15432893740944564 0.22602462433278561 0.27802939005196092 0.3966867533821950
0.49484376283362502 0.20556764267385008 0.27802939005196092 0.3966867533821950
0.49484376283362502 0.22602462433278561 0.34212831817567346 0.3966867533821950
0.49484376283362502 0.22602462433278561 0.27802939005196092 0.0510566270513952
0.15432893740944564 0.20556764267385008 0.34212831817567346 0.0510566270513952
0.1930499922484159 0.39074917174875734 0.45387543253600604 0.2753087406705710
0.63437768444418907 0.39074917174875734 0.45387543253600604 0.2753087406705710
0.1930499922484159 0.40252871029078963 0.45387543253600604 0.2753087406705710
0.1930499922484159 0.39074917174875734 0.1503614626824856 0.2753087406705710
0.1930499922484159 0.39074917174875734 0.45387543253600604 0.4517321579549140
0.63437768444418907 0.40252871029078963 0.1503614626824856 0.4517321579549140
0.32276512403041119 0.142563933134079 0.16680209375917912 0.4971583491093530
0.45965336961671704 0.142563933134079 0.16680209375917912 0.4971583491093530
0.32276512403041119 0.30201514959335329 0.16680209375917912 0.4971583491093530
0.32276512403041119 0.142563933134079 0.45762749575078487 0.4971583491093530
0.32276512403041119 0.142563933134079 0.16680209375917912 0.3973234649929090
0.45965336961671704 0.30201514959335329 0.45762749575078487 0.3973234649929090
0.68993015540763736 0.47743022963404658 0.38951712511479852 0.0395362360324628
0.33031286043114955 0.47743022963404658 0.38951712511479852 0.0395362360324628
0.68993015540763736 0.10510462671518327 0.38951712511479852 0.0395362360324628
0.68993015540763736 0.47743022963404658 0.24714825674891472 0.0395362360324628
0.68993015540763736 0.47743022963404658 0.38951712511479852 0.3312322832256810
0.33031286043114955 0.10510462671518327 0.24714825674891472 0.3312322832256810
0.55459985681809487 0.15272582061588766 0.43375357910990719 0.1569015699821090
0.28406644025817512 0.15272582061588766 0.43375357910990719 0.1569015699821090
0.55459985681809487 0.29280395731329922 0.43375357910990719 0.1569015699821090
0.55459985681809487 0.15272582061588766 0.43573431894183157 0.1569015699821090
0.55459985681809487 0.15272582061588766 0.43375357910990719 0.3644726522756260
0.28406644025817512 0.29280395731329922 0.43573431894183157 0.3644726522756260
0.25782438474707303 0.4172675799578428 0.20947592258453371 0.4539139302260220
0.42354855337180192 0.4172675799578428 0.20947592258453371 0.4539139302260220
0.25782438474707303 0.48971858099102972 0.20947592258453371 0.4539139302260220
0.25782438474707303 0.4172675799578428 0.26887055896222589 0.4539139302260220
0.25782438474707303 0.4172675799578428 0.20947592258453371 0.2333039032980240
0.42354855337180192 0.48971858099102972 0.26887055896222589 0.2333039032980240
0.057322972407564524 0.26585030928254128 0.32291642501950268 0.3113927601563210
0.58937600604258478 0.26585030928254128 0.32291642501950268 0.3113927601563210
0.057322972407564524 0.39022889770567415 0.32291642501950268 0.3113927601563210
0.057322972407564524 0.26585030928254128 0.36372852548956869 0.3113927601563210
0.057322972407564524 0.26585030928254128 0.32291642501950268 0.2064793876895020
0.58937600604258478 0.39022889770567415 0.36372852548956869 0.2064793876895020
0.42966498886235049 0.30092424899339676 0.14550796002149582 0.3515942997649310
0.11949861515313387 0.30092424899339676 0.14550796002149582 0.3515942997649310
0.42966498886235049 0.19327021427452565 0.14550796002149582 0.3515942997649310
0.42966498886235049 0.30092424899339676 0.12815087996423247 0.3515942997649310
0.42966498886235049 0.30092424899339676 0.14550796002149582 0.4721306885753280
0.11949861515313387 0.19327021427452565 0.12815087996423247 0.4721306885753280
0.38256474155932657 0.10211858563125134 0.34003454223275187 0.4401891487313620
0.68738627424463628 0.10211858563125134 0.34003454223275187 0.4401891487313620
0.38256474155932657 0.13425572030246258 0.34003454223275187 0.4401891487313620
0.38256474155932657 0.10211858563125134 0.4187962960451842 0.4401891487313620
0.38256474155932657 0.10211858563125134 0.34003454223275187 0.3618074383294220
0.68738627424463628 0.13425572030246258 0.4187962960451842 0.3618074383294220
0.10490165604278445 0.46860723681747918 0.11575862914323808 0.1709639405335250
0.18260103692300617 0.46860723681747918 0.11575862914323808 0.1709639405335250
0.10490165604278445 0.33731715939939022 0.11575862914323808 0.1709639405335250
0.10490165604278445 0.46860723681747918 0.28561326637864115 0.1709639405335250
0.10490165604278445 0.46860723681747918 0.11575862914323808 0.2546922677517110
0.18260103692300617 0.33731715939939022 0.28561326637864115 0.2546922677517110
0.22937047453597187 0.21680548042058945 0.40419801101088526 0.3691995735320360
0.34272558013908561 0.21680548042058945 0.40419801101088526 0.3691995735320360
0.22937047453597187 0.4362697437405586 0.40419801101088526 0.3691995735320360
0.22937047453597187 0.21680548042058945 0.37822513990104201 0.3691995735320360
0.22937047453597187 0.21680548042058945 0.40419801101088526 0.1275529317401470
0.34272558013908561 0.4362697437405586 0.37822513990104201 0.1275529317401470
0.58258028738200662 0.35070149973034859 0.22679090201854707 0.3007558283890060
0.5285411659628152 0.35070149973034859 0.22679090201854707 0.3007558283890060
0.58258028738200662 0.23315470814704897 0.22679090201854707 0.3007558283890060
0.58258028738200662 0.35070149973034859 0.11384957507252694 0.3007558283890060
0.58258028738200662 0.35070149973034859 0.22679090201854707 0.4943221904644840
0.5285411659628152 0.23315470814704897 0.11384957507252694 0.4943221904644840
0.6478458517696708 0.27540504969656465 0.196809196844697 0.2230543266613460
0.41103773876093325 0.27540504969656465 0.196809196844697 0.2230543266613460
0.6478458517696708 0.17046677544713021 0.196809196844697 0.2230543266613460
0.6478458517696708 0.27540504969656465 0.3002894766628742 0.2230543266613460
0.6478458517696708 0.27540504969656465 0.196809196844697 0.0962960948658205
0.41103773876093325 0.17046677544713021 0.3002894766628742 0.0962960948658205
0.3650057569611817 0.34210116825997827 0.37265393100678923 0.4268306419692980
0.21504118125885724 0.34210116825997827 0.37265393100678923 0.4268306419692980
0.3650057569611817 0.37357923611998556 0.37265393100678923 0.4268306419692980
0.3650057569611817 0.34210116825997827 0.19200498871505262 0.4268306419692980
0.3650057569611817 0.34210116825997827 0.37265393100678923 0.4450729538918370
0.21504118125885724 0.37357923611998556 0.19200498871505262 0.4450729538918370
0.16977048465050754 0.19350695833563805 0.26058176048099996 0.1195838492249730
0.066352257598191494 0.19350695833563805 0.26058176048099996 0.1195838492249730
0.16977048465050754 0.47462989278137691 0.26058176048099996 0.1195838492249730
0.16977048465050754 0.19350695833563805 0.49722023978829388 0.1195838492249730
0.16977048465050754 0.19350695833563805 0.26058176048099996 0.4209894499139160
0.066352257598191494 0.47462989278137691 0.49722023978829388 0.4209894499139160
0.51796198445372277 0.42721962630748755 0.48329509608447552 0.4746525342694700
0.561006116727367 0.42721962630748755 0.48329509608447552 0.4746525342694700
0.51796198445372277 0.27156454361975191 0.48329509608447552 0.4746525342694700
0.51796198445372277 0.42721962630748755 0.20775082223117353 0.4746525342694700
0.51796198445372277 0.42721962630748755 0.48329509608447552 0.2839783149325190
0.561006116727367 0.27156454361975191 0.20775082223117353 0.2839783149325190
