0.52007168047130103 0.13260653279721737 0.43244678936898706 0.3874170924146800
0.35578400008380406 0.13260653279721737 0.43244678936898706 0.3874170924146800
0.52007168047130103 0.14150303043425083 0.43244678936898706 0.3874170924146800
0.52007168047130103 0.13260653279721737 0.13992799408733847 0.3874170924146800
0.52007168047130103 0.13260653279721737 0.43244678936898706 0.4438919435298780
0.35578400008380406 0.14150303043425083 0.13992799408733847 0.4438919435298780
0.16750159235671161 0.49754502512514598 0.21141782440245152 0.2937717759611600
0.51559837455861268 0.49754502512514598 0.21141782440245152 0.2937717759611600
0.16750159235671161 0.33829129524528978 0.21141782440245152 0.2937717759611600
0.16750159235671161 0.49754502512514598 0.35508251339197161 0.2937717759611600
0.16750159235671161 0.49754502512514598 0.21141782440245152 0.0803902144312758
0.51559837455861268 0.33829129524528978 0.35508251339197161 0.0803902144312758
0.36861794842407103 0.24885373115539552 0.3249304722994566 0.4357362718638860
0.65984385167248538 0.24885373115539552 0.3249304722994566 0.4357362718638860
0.36861794842407103 0.43802340254187588 0.3249304722994566 0.4357362718638860
0.36861794842407103 0.24885373115539552 0.26187859959900384 0.4357362718638860
0.36861794842407103 0.24885373115539552 0.3249304722994566 0.2898185607186690
0.65984385167248538 0.43802340254187588 0.26187859959900384 0.2898185607186690
0.64439161438494919 0.38432440683245661 0.14452050812542439 0.2021389241432570
0.21025904929265377 0.38432440683245661 0.14452050812542439 0.2021389241432570
0.64439161438494919 0.24118497446179391 0.14452050812542439 0.2021389241432570
0.64439161438494919 0.38432440683245661 0.44584517329931261 0.2021389241432570
0.64439161438494919 0.38432440683245661 0.14452050812542439 0.4298361344041910
0.21025904929265377 0.24118497446179391 0.44584517329931261 0.4298361344041910
0.57985008317045861 0.25902728922665119 0.27606464773416517 0.0818548584541444
0.083878504345193505 0.25902728922665119 0.27606464773416517 0.0818548584541444
0.57985008317045861 0.15387517213821411 0.27606464773416517 0.0818548584541444
0.57985008317045861 0.25902728922665119 0.2338208481669426 0.0818548584541444
0.57985008317045861 0.25902728922665119 0.27606464773416517 0.2525603329457890
0.083878504345193505 0.15387517213821411 0.2338208481669426 0.2525603329457890
0.2322586352471262 0.3241485606878996 0.45491199865937237 0.4786508665049760
0.54359483988955615 0.3241485606878996 0.45491199865937237 0.4786508665049760
0.2322586352471262 0.35071159750223158 0.45491199865937237 0.4786508665049760
0.2322586352471262 0.3241485606878996 0.47407379932701588 0.4786508665049760
0.2322586352471262 0.3241485606878996 0.45491199865937237 0.3539157565898660
0.54359483988955615 0.35071159750223158 0.47407379932701588 0.3539157565898660
0.10319810067303478 0.17244541421532633 0.16815723478794098 0.2317593041205500
0.38791358824819322 0.17244541421532633 0.16815723478794098 0.2317593041205500
0.10319810067303478 0.4509823527187109 0.16815723478794098 0.2317593041205500
0.10319810067303478 0.17244541421532633 0.16827871352434159 0.2317593041205500
0.10319810067303478 0.17244541421532633 0.16815723478794098 0.4972421004697040
0.38791358824819322 0.4509823527187109 0.16827871352434159 0.4972421004697040
0.38410910307429724 0.40770843178033833 0.38762376531958587 0.4110914505589220
0.23828034042380747 0.40770843178033833 0.38762376531958587 0.4110914505589220
0.38410910307429724 0.25419036857783794 0.38762376531958587 0.4110914505589220
0.38410910307429724 0.40770843178033833 0.32734216935932636 0.4110914505589220
0.38410910307429724 0.40770843178033833 0.38762376531958587 0.1474842630118740
0.23828034042380747 0.25419036857783794 0.32734216935932636 0.1474842630118740
0.42811506045982234 0.20802319459617138 0.19479377865791322 0.4855920067165290
0.48275491115637115 0.20802319459617138 0.19479377865791322 0.4855920067165290
0.42811506045982234 0.22023691125214101 0.19479377865791322 0.4855920067165290
0.42811506045982234 0.20802319459617138 0.22419483698904516 0.4855920067165290
0.42811506045982234 0.20802319459617138 0.19479377865791322 0.2399953967737390
0.48275491115637115 0.22023691125214101 0.22419483698904516 0.2399953967737390
0.059030854888260362 0.37432257719337947 0.37364287301898003 0.0545173882769643
0.3070907699875533 0.37432257719337947 0.37364287301898003 0.0545173882769643
0.059030854888260362 0.42342461384832863 0.37364287301898003 0.0545173882769643
0.059030854888260362 0.37432257719337947 0.48389512002468116 0.0545173882769643
0.059030854888260362 0.37432257719337947 0.37364287301898003 0.3751142522230270
0.3070907699875533 0.42342461384832863 0.48389512002468116 0.3751142522230270
0.25492073409259319 0.12300391644239426 0.26188689321279524 0.4026381042907800
0.13681971579790114 0.12300391644239426 0.26188689321279524 0.4026381042907800
0.25492073409259319 0.32212848141789441 0.26188689321279524 0.4026381042907800
0.25492073409259319 0.12300391644239426 0.17722112871706486 0.4026381042907800
0.25492073409259319 0.12300391644239426 0.26188689321279524 0.4710614904265790
0.13681971579790114 0.32212848141789441 0.17722112871706486 0.4710614904265790
0.55734431119635697 0.45631985142827036 0.48135477975010876 0.2510142546749030
0.6517663184087723 0.45631985142827036 0.48135477975010876 0.2510142546749030
0.55734431119635697 0.11899399384856224 0.48135477975010876 0.2510142546749030
0.55734431119635697 0.45631985142827036 0.31820443868637083 0.2510142546749030
0.55734431119635697 0.45631985142827036 0.48135477975010876 0.1942404066397450
0.6517663184087723 0.11899399384856224 0.31820443868637083 0.1942404066397450
0.69337880169041455 0.18161477483808997 0.33868086747825144 0.3321858026002310
0.61693607363849878 0.18161477483808997 0.33868086747825144 0.3321858026002310
0.69337880169041455 0.28129077702760696 0.33868086747825144 0.3321858026002310
0.69337880169041455 0.18161477483808997 0.10520585179328919 0.3321858026002310
0.69337880169041455 0.18161477483808997 0.33868086747825144 0.4551625372763630
0.61693607363849878 0.28129077702760696 0.10520585179328919 0.4551625372763630
0.31915728389285503 0.44770670495927334 0.11765059418976308 0.3447918754596820
0.091818579798564309 0.44770670495927334 0.11765059418976308 0.3447918754596820
0.31915728389285503 0.48442879319190979 0.11765059418976308 0.3447918754596820
0.31915728389285503 0.44770670495927334 0.38999996520578861 0.3447918754596820
0.31915728389285503 0.44770670495927334 0.11765059418976308 0.0745879851625026
0.091818579798564309 0.48442879319190979 0.38999996520578861 0.0745879851625026
0.19530338007025416 0.29942438229918478 0.40616431497037409 0.1453322225911870
0.27098603122867643 0.29942438229918478 0.40616431497037409 0.1453322225911870
0.19530338007025416 0.38572206608951098 0.40616431497037409 0.1453322225911870
0.19530338007025416 0.29942438229918478 0.2957218319177628 0.1453322225911870
0.19530338007025416 0.29942438229918478 0.40616431497037409 0.3295152143375980
0.27098603122867643 0.38572206608951098 0.2957218319177628 0.3295152143375980
0.49274833151139313 0.33292367756366731 0.22575265504419806 0.4670772868171040
0.43650903338566416 0.33292367756366731 0.22575265504419806 0.4670772868171040
0.49274833151139313 0.18253655694425108 0.22575265504419806 0.4670772868171040
0.49274833151139313 0.33292367756366731 0.41180662550032143 0.4670772868171040
0.49274833151139313 0.33292367756366731 0.22575265504419806 0.3902896851819300
0.43650903338566416 0.18253655694425108 0.41180662550032143 0.3902896851819300
0.45949915484525256 0.2858563113957644 0.35399413295090199 0.2136940783992910
0.18329140241257846 0.2858563113957644 0.35399413295090199 0.2136940783992910
0.45949915484525256 0.49164465740323071 0.35399413295090199 0.2136940783992910
0.45949915484525256 0.2858563113957644 0.37288321442902095 0.2136940783992910
0.45949915484525256 0.2858563113957644 0.35399413295090199 0.3128501635493320
0.18329140241257846 0.49164465740323071 0.37288321442902095 0.3128501635493320
0.18745024274103345 0.34414799921214578 0.17659150771796706 0.4217637253642820
0.68808105401694775 0.34414799921214578 0.17659150771796706 0.4217637253642820
0.18745024274103345 0.28853420242667199 0.17659150771796706 0.4217637253642820
0.18745024274103345 0.34414799921214578 0.13188693374395372 0.4217637253642820
0.18745024274103345 0.34414799921214578 0.17659150771796706 0.4033619978564810
0.68808105401694775 0.28853420242667199 0.13188693374395372 0.4033619978564810
0.30670177615247662 0.19595188274979591 0.49022772647440438 0.1075364058610960
0.52796633457764974 0.19595188274979591 0.49022772647440438 0.1075364058610960
0.30670177615247662 0.18826345987617971 0.49022772647440438 0.1075364058610960
0.30670177615247662 0.19595188274979591 0.42609144337475302 0.1075364058610960
0.30670177615247662 0.19595188274979591 0.49022772647440438 0.4669540723633300
0.52796633457764974 0.18826345987617971 0.42609144337475302 0.4669540723633300
0.66568414387293151 0.43727584630250937 0.26594428084790711 0.4703938138242990
0.34214648460038 0.43727584630250937 0.26594428084790711 0.4703938138242990
0.66568414387293151 0.39132947362959392 0.26594428084790711 0.4703938138242990
0.66568414387293151 0.43727584630250937 0.26640412956476212 0.4703938138242990
0.66568414387293151 0.43727584630250937 0.26594428084790711 0.0386856929596859
0.34214648460038 0.39132947362959392 0.26640412956476212 0.0386856929596859
0.55980350011959668 0.11237765215337277 0.11076728031039239 0.4449535358866950
0.21573618622496721 0.11237765215337277 0.11076728031039239 0.4449535358866950
0.55980350011959668 0.4036269258707762 0.11076728031039239 0.4449535358866950
0.55980350011959668 0.11237765215337277 0.45399074107408521 0.4449535358866950
0.55980350011959668 0.11237765215337277 0.11076728031039239 0.4779852551394500
0.21573618622496721 0.4036269258707762 0.45399074107408521 0.4779852551394500
0.29293157309293744 0.47085236646234996 0.33348833918571474 0.1813528453173490
0.41172723979689174 0.47085236646234996 0.33348833918571474 0.1813528453173490
0.29293157309293744 0.20056310556828977 0.33348833918571474 0.1813528453173490
0.29293157309293744 0.47085236646234996 0.2378945041447878 0.1813528453173490
0.29293157309293744 0.47085236646234996 0.33348833918571474 0.1774605271672510
0.41172723979689174 0.20056310556828977 0.2378945041447878 0.1774605271672510
0.081966329924762243 0.21944292187690737 0.24660995677113534 0.3752379291220110
0.56042602597735824 0.21944292187690737 0.24660995677113534 0.3752379291220110
0.081966329924762243 0.10083098560571671 0.24660995677113534 0.3752379291220110
0.081966329924762243 0.21944292187690737 0.34469094723463056 0.3752379291220110
0.081966329924762243 0.21944292187690737 0.24660995677113534 0.2278755918688470
0.56042602597735824 0.10083098560571671 0.34469094723463056 0.2278755918688470
0.44596699615940444 0.36055909916758544 0.42245001643896107 0.3081519126693140
0.065777820907533174 0.36055909916758544 0.42245001643896107 0.3081519126693140
0.44596699615940444 0.30394496917724612 0.42245001643896107 0.3081519126693140
0.44596699615940444 0.36055909916758544 0.1599082786589861 0.3081519126693140
0.44596699615940444 0.36055909916758544 0.42245001643896107 0.3831655576548980
0.065777820907533174 0.30394496917724612 0.1599082786589861 0.3831655576548980
0.40687828338704995 0.1610257748514414 0.21700100079178811 0.1676305080451080
0.6349548476748168 0.1610257748514414 0.21700100079178811 0.1676305080451080
0.40687828338704995 0.37008841857314112 0.21700100079178811 0.1676305080451080
0.40687828338704995 0.1610257748514414 0.48801860548555853 0.1676305080451080
0.40687828338704995 0.1610257748514414 0.21700100079178811 0.4919757754565720
0.6349548476748168 0.37008841857314112 0.48801860548555853 0.4919757754565720
0.12089398917742072 0.42147182188928134 0.43972070366144178 0.4584451543402160
0.15490075168199835 0.42147182188928134 0.43972070366144178 0.4584451543402160
0.12089398917742072 0.1731763668358326 0.43972070366144178 0.4584451543402160
0.12089398917742072 0.42147182188928134 0.2040619492530823 0.4584451543402160
0.12089398917742072 0.42147182188928134 0.43972070366144178 0.1623820078301250
0.15490075168199835 0.1731763668358326 0.2040619492530823 0.1623820078301250
0.2348791404161602 0.26965345367789273 0.12784420475363734 0.3185754791889310
0.32961489888839418 0.26965345367789273 0.12784420475363734 0.3185754791889310
0.2348791404161602 0.27188308276236062 0.12784420475363734 0.3185754791889310
0.2348791404161602 0.26965345367789273 0.30978417433798311 0.3185754791889310
0.2348791404161602 0.26965345367789273 0.12784420475363734 0.2662969930018330
0.32961489888839418 0.27188308276236062 0.30978417433798311 0.2662969930018330
0.61801202963106328 0.30961614549160005 0.30368252098560333 0.3579774279399180
0.45896121710538856 0.30961614549160005 0.30368252098560333 0.3579774279399180
0.61801202963106328 0.46884262748062611 0.30368252098560333 0.3579774279399180
0.61801202963106328 0.30961614549160005 0.19461973607540131 0.3579774279399180
0.61801202963106328 0.30961614549160005 0.30368252098560333 0.3431858298235300
0.45896121710538856 0.46884262748062611 0.19461973607540131 0.3431858298235300
0.63145740758627644 0.2345165353268385 0.47272366918623454 0.3910634123332450
0.42412105775438241 0.2345165353268385 0.47272366918623454 0.3910634123332450
0.63145740758627644 0.33153368495404723 0.47272366918623454 0.3910634123332450
0.63145740758627644 0.2345165353268385 0.38200720846652991 0.3910634123332450
0.63145740758627644 0.2345165353268385 0.47272366918623454 0.3097341997966250
0.42412105775438241 0.33153368495404723 0.38200720846652991 0.3097341997966250
0.34045480033382769 0.39475535340607171 0.29532273970544343 0.2671659173055130
0.28464351389557119 0.39475535340607171 0.29532273970544343 0.2671659173055130
0.34045480033382769 0.1345704209059477 0.29532273970544343 0.2671659173055130
0.34045480033382769 0.39475535340607171 0.12295824922621251 0.2671659173055130
0.34045480033382769 0.39475535340607171 0.29532273970544343 0.4163957477665420
0.28464351389557119 0.1345704209059477 0.12295824922621251 0.4163957477665420
0.13473609322682023 0.14617470353841783 0.38395702727139003 0.4932627931821680
0.11880593234673142 0.14617470353841783 0.38395702727139003 0.4932627931821680
0.13473609322682023 0.23586656451225282 0.38395702727139003 0.4932627931821680
0.13473609322682023 0.14617470353841783 0.41628385186195371 0.4932627931821680
0.13473609322682023 0.14617470353841783 0.38395702727139003 0.4324655205747230
0.11880593234673142 0.23586656451225282 0.41628385186195371 0.4324655205747230
0.51269197314977644 0.48632060363888741 0.15967488996684553 0.0251910658089590
0.58867921405471857 0.48632060363888741 0.15967488996684553 0.0251910658089590
0.51269197314977644 0.43277661353349683 0.15967488996684553 0.0251910658089590
0.51269197314977644 0.48632060363888741 0.27601640559732915 0.0251910658089590
0.51269197314977644 0.48632060363888741 0.15967488996684553 0.1098291655329310
0.58867921405471857 0.43277661353349683 0.27601640559732915 0.1098291655329310
0.4997578801587223 0.24098270349204542 0.25590817555785184 0.2981751767856410
0.24556009378284216 0.24098270349204542 0.25590817555785184 0.2981751767856410
0.4997578801587223 0.46804154217243199 0.25590817555785184 0.2981751767856410
0.4997578801587223 0.24098270349204542 0.4319408405572176 0.2981751767856410
0.4997578801587223 0.24098270349204542 0.25590817555785184 0.1569885743800530
0.24556009378284216 0.46804154217243199 0.4319408405572176 0.1569885743800530
0.14719276083633304 0.37583686895668511 0.47547207772731781 0.3655524736977820
0.38059443323872977 0.37583686895668511 0.47547207772731781 0.3655524736977820
0.14719276083633304 0.2648777768015862 0.47547207772731781 0.3655524736977820
0.14719276083633304 0.37583686895668511 0.27302462011575701 0.3655524736977820
0.14719276083633304 0.37583686895668511 0.47547207772731781 0.4859727780788020
0.38059443323872977 0.2648777768015862 0.27302462011575701 0.4859727780788020
0.34830921860411757 0.12754459828138354 0.1890102840960026 0.1752344460110460
0.55087521434761577 0.12754459828138354 0.1890102840960026 0.1752344460110460
0.34830921860411757 0.16456278525292872 0.1890102840960026 0.1752344460110460
0.34830921860411757 0.12754459828138354 0.3662525672465563 0.1752344460110460
0.34830921860411757 0.12754459828138354 0.1890102840960026 0.3464644207806380
0.55087521434761577 0.16456278525292872 0.3662525672465563 0.3464644207806380
0.62407793514430521 0.49230613186955452 0.36795557290315628 0.4433179917431280
0.076558728236705065 0.49230613186955452 0.36795557290315628 0.4433179917431280
0.62407793514430521 0.3677706103771925 0.36795557290315628 0.4433179917431280
0.62407793514430521 0.49230613186955452 0.12604769319295883 0.4433179917431280
0.62407793514430521 0.49230613186955452 0.36795557290315628 0.2784666343531680
0.076558728236705065 0.3677706103771925 0.12604769319295883 0.2784666343531680
0.60015892921946945 0.16740641035139561 0.41199657209217555 0.4718575563338180
0.19278263454325495 0.16740641035139561 0.41199657209217555 0.4718575563338180
0.60015892921946945 0.43046185709536078 0.41199657209217555 0.4718575563338180
0.60015892921946945 0.16740641035139561 0.33804835528135302 0.4718575563338180
0.60015892921946945 0.16740641035139561 0.41199657209217555 0.4137829068448860
0.19278263454325495 0.43046185709536078 0.33804835528135302 0.4137829068448860
0.2525724307168275 0.40244355760514738 0.23148884885013105 0.1147424974203700
0.67728024488314986 0.40244355760514738 0.23148884885013105 0.1147424974203700
0.2525724307168275 0.22724993117153647 0.23148884885013105 0.1147424974203700
0.2525724307168275 0.40244355760514738 0.15403220243752003 0.1147424974203700
0.2525724307168275 0.40244355760514738 0.23148884885013105 0.2986051579223060
0.67728024488314986 0.22724993117153647 0.15403220243752003 0.2986051579223060
0.12351178475655615 0.25113331899046898 0.34470852650702 0.4298003040743140
0.49812257848680014 0.25113331899046898 0.34470852650702 0.4298003040743140
0.12351178475655615 0.12756816670298576 0.34470852650702 0.4298003040743140
0.12351178475655615 0.25113331899046898 0.4598520830273628 0.4298003040743140
0.12351178475655615 0.25113331899046898 0.34470852650702 0.1158398415871000
0.49812257848680014 0.12756816670298576 0.4598520830273628 0.1158398415871000
0.40441781836561852 0.31568701565265656 0.1235820110887289 0.2262313108226240
0.37321977461688216 0.31568701565265656 0.1235820110887289 0.2262313108226240
0.40441781836561852 0.33072954788804054 0.1235820110887289 0.2262313108226240
0.40441781836561852 0.31568701565265656 0.24455183036625386 0.2262313108226240
0.40441781836561852 0.31568701565265656 0.1235820110887289 0.4397742158106930
0.37321977461688216 0.33072954788804054 0.24455183036625386 0.4397742158106930
0.44842637153342357 0.11839826367795468 0.31821845509111879 0.0460760700699119
0.45398432337678962 0.11839826367795468 0.31821845509111879 0.0460760700699119
0.44842637153342357 0.39682416766881945 0.31821845509111879 0.0460760700699119
0.44842637153342357 0.11839826367795468 0.30391215123236182 0.0460760700699119
0.44842637153342357 0.11839826367795468 0.31821845509111879 0.4060791234952300
0.45398432337678962 0.39682416766881945 0.30391215123236182 0.4060791234952300
0.079347134754061702 0.45228178240358829 0.13770942352712157 0.4999392638766760
0.25355006540194153 0.45228178240358829 0.13770942352712157 0.4999392638766760
0.079347134754061702 0.19996237456798555 0.13770942352712157 0.4999392638766760
0.079347134754061702 0.45228178240358829 0.18797309100627901 0.4999392638766760
0.079347134754061702 0.45228178240358829 0.13770942352712157 0.3235220731684320
0.25355006540194153 0.19996237456798555 0.18797309100627901 0.3235220731684320
0.27523689288645981 0.20056257247924805 0.42593017406761646 0.2730135618114160
0.10929448846727609 0.20056257247924805 0.42593017406761646 0.2730135618114160
0.27523689288645981 0.29871639423072338 0.42593017406761646 0.2730135618114160
0.27523689288645981 0.20056257247924805 0.49467187859117989 0.2730135618114160
0.27523689288645981 0.20056257247924805 0.42593017406761646 0.0315467942529128
0.10929448846727609 0.29871639423072338 0.49467187859117989 0.0315467942529128
0.57765552056953307 0.36708784028887753 0.20480196289718153 0.3937244601429450
0.5994994891341775 0.36708784028887753 0.20480196289718153 0.3937244601429450
0.57765552056953307 0.49553107582032685 0.20480196289718153 0.3937244601429450
0.57765552056953307 0.36708784028887753 0.20992734432220461 0.3937244601429450
0.57765552056953307 0.36708784028887753 0.20480196289718153 0.4603500556442290
0.5994994891341775 0.49553107582032685 0.20992734432220461 0.4603500556442290
0.67306252666749056 0.29198670275509359 0.17462508752942085 0.3550172919020670
0.64448605775833123 0.29198670275509359 0.17462508752942085 0.3550172919020670
0.67306252666749056 0.30782833583652974 0.17462508752942085 0.3550172919020670
0.67306252666749056 0.29198670275509359 0.42290076613426208 0.3550172919020670
0.67306252666749056 0.29198670275509359 0.17462508752942085 0.1826152328895570
0.64448605775833123 0.30782833583652974 0.42290076613426208 0.1826152328895570
0.2988459582906216 0.32566294781863692 0.39419073313474662 0.3134119512654130
0.14413992050103841 0.32566294781863692 0.39419073313474662 0.3134119512654130
0.2988459582906216 0.11101622916758061 0.39419073313474662 0.3134119512654130
0.2988459582906216 0.32566294781863692 0.28186937905848031 0.3134119512654130
0.2988459582906216 0.32566294781863692 0.39419073313474662 0.4841669872269180
0.14413992050103841 0.11101622916758061 0.28186937905848031 0.4841669872269180
0.17499218522571025 0.17698619142174721 0.28272772356867792 0.4506239721586660
0.29981113043613727 0.17698619142174721 0.28272772356867792 0.4506239721586660
0.17499218522571025 0.2122589685022831 0.28272772356867792 0.4506239721586660
0.17499218522571025 0.17698619142174721 0.3761715441942215 0.4506239721586660
0.17499218522571025 0.17698619142174721 0.28272772356867792 0.3802344825069610
0.29981113043613727 0.2122589685022831 0.3761715441942215 0.3802344825069610
0.47243216787464909 0.44369461685419087 0.46167436838150022 0.1517297362402560
0.49007449476048343 0.44369461685419087 0.46167436838150022 0.1517297362402560
0.47243216787464909 0.4091246716678143 0.46167436838150022 0.1517297362402560
0.47243216787464909 0.44369461685419087 0.11632402576506139 0.1517297362402560
0.47243216787464909 0.44369461685419087 0.46167436838150022 0.2139422086916330
0.49007449476048343 0.4091246716678143 0.11632402576506139 0.2139422086916330
0.4798154395539313 0.18763676919043065 0.13367643803358079 0.4200693849296670
0.052745077898725873 0.18763676919043065 0.13367643803358079 0.4200693849296670
0.4798154395539313 0.11818375401198865 0.13367643803358079 0.4200693849296670
0.4798154395539313 0.18763676919043065 0.25523560233414178 0.4200693849296670
0.4798154395539313 0.18763676919043065 0.13367643803358079 0.3660221195126000
0.052745077898725873 0.11818375401198865 0.25523560233414178 0.3660221195126000
0.20776155865751206 0.4291377898305655 0.30941873863339425 0.2448241472622160
0.57341936733573673 0.4291377898305655 0.30941873863339425 0.2448241472622160
0.20776155865751206 0.31512012444436555 0.30941873863339425 0.2448241472622160
0.20776155865751206 0.4291377898305655 0.4399702176451683 0.2448241472622160
0.20776155865751206 0.4291377898305655 0.30941873863339425 0.2355359559151510
0.57341936733573673 0.31512012444436555 0.4399702176451683 0.2355359559151510
0.32701298068277534 0.28054265007376672 0.22302863597869874 0.4805865163012090
0.39869511546567077 0.28054265007376672 0.22302863597869874 0.4805865163012090
0.32701298068277534 0.41480187624692921 0.22302863597869874 0.4805865163012090
0.32701298068277534 0.28054265007376672 0.14578974135220052 0.4805865163012090
0.32701298068277534 0.28054265007376672 0.22302863597869874 0.2088705152678620
0.39869511546567077 0.41480187624692921 0.14578974135220052 0.2088705152678620
0.6860002978239208 0.33945074975490575 0.44565214440226553 0.0910648321883147
0.22872890890575942 0.33945074975490575 0.44565214440226553 0.0910648321883147
0.6860002978239208 0.21791605055332186 0.44565214440226553 0.0910648321883147
0.6860002978239208 0.33945074975490575 0.36173871904611588 0.0910648321883147
0.6860002978239208 0.33945074975490575 0.44565214440226553 0.4732001792481960
0.22872890890575942 0.21791605055332186 0.36173871904611588 0.4732001792481960
0.53949217936024063 0.2141551595181227 0.37797828577458858 0.1950896848244740
0.34498257106170055 0.2141551595181227 0.37797828577458858 0.1950896848244740
0.53949217936024063 0.18021264448761942 0.37797828577458858 0.1950896848244740
0.53949217936024063 0.2141551595181227 0.17412846833467482 0.1950896848244740
0.53949217936024063 0.2141551595181227 0.37797828577458858 0.0545079123987067
0.34498257106170055 0.18021264448761942 0.17412846833467482 0.0545079123987067
0.27261530291289088 0.35583900399506097 0.15379221178591251 0.4334317912881490
0.52509022657759485 0.35583900399506097 0.15379221178591251 0.4334317912881490
0.27261530291289088 0.37710238024592402 0.15379221178591251 0.4334317912881490
0.27261530291289088 0.35583900399506097 0.33396149165928368 0.4334317912881490
0.27261530291289088 0.35583900399506097 0.15379221178591251 0.4528747731555630
0.52509022657759485 0.37710238024592402 0.33396149165928368 0.4528747731555630
0.061650161445140836 0.10403665155172348 0.46694015078246598 0.2823890977697260
0.69091776157729323 0.10403665155172348 0.46694015078246598 0.2823890977697260
0.061650161445140836 0.47741738446056847 0.46694015078246598 0.2823890977697260
0.061650161445140836 0.10403665155172348 0.22718984335660936 0.2823890977697260
0.061650161445140836 0.10403665155172348 0.46694015078246598 0.3987034461925570
0.69091776157729323 0.47741738446056847 0.22718984335660936 0.3987034461925570
0.42565579647198315 0.4627371437847615 0.28963546343147756 0.3773675631907350
0.18041467331349847 0.4627371437847615 0.28963546343147756 0.3773675631907350
0.42565579647198315 0.28048358894884584 0.28963546343147756 0.3773675631907350
0.42565579647198315 0.4627371437847615 0.46823572702705862 0.3773675631907350
0.42565579647198315 0.4627371437847615 0.28963546343147756 0.3329475481184090
0.18041467331349847 0.28048358894884584 0.46823572702705862 0.3329475481184090
0.38656944702379398 0.26549484021961689 0.49669560305774219 0.4600634743087730
0.58584200525656338 0.26549484021961689 0.49669560305774219 0.4600634743087730
0.38656944702379398 0.24667661748826505 0.49669560305774219 0.4600634743087730
0.38656944702379398 0.26549484021961689 0.18383840061724188 0.4600634743087730
0.38656944702379398 0.26549484021961689 0.49669560305774219 0.0994222691045786
0.58584200525656338 0.24667661748826505 0.18383840061724188 0.0994222691045786
0.10058018402196467 0.30523174516856671 0.27251122482120993 0.1300100484219670
0.12168246530927716 0.30523174516856671 0.27251122482120993 0.1300100484219670
0.10058018402196467 0.44971316270530226 0.27251122482120993 0.1300100484219670
0.10058018402196467 0.30523174516856671 0.32405624389648435 0.1300100484219670
0.10058018402196467 0.30523174516856671 0.27251122482120993 0.4462463037919360
0.12168246530927716 0.44971316270530226 0.32405624389648435 0.4462463037919360
0.2145654660183936 0.15381392613053324 0.36065723262727267 0.3425373783321620
0.28180692619644104 0.15381392613053324 0.36065723262727267 0.3425373783321620
0.2145654660183936 0.34847043454647064 0.36065723262727267 0.3425373783321620
0.2145654660183936 0.15381392613053324 0.21835881508886815 0.3425373783321620
0.2145654660183936 0.15381392613053324 0.36065723262727267 0.4222663663391560
0.28180692619644104 0.34847043454647064 0.21835881508886815 0.4222663663391560
0.59770330465398724 0.41369229108095174 0.18335385359823705 0.3280929439126910
0.42699696961790318 0.41369229108095174 0.18335385359823705 0.3280929439126910
0.59770330465398724 0.14538029283285142 0.18335385359823705 0.3280929439126910
0.59770330465398724 0.41369229108095174 0.47726206481456757 0.3280929439126910
0.59770330465398724 0.41369229108095174 0.18335385359823705 0.2859413688803170
0.42699696961790318 0.14538029283285142 0.47726206481456757 0.2859413688803170
0.65177119821310037 0.13898874185979368 0.23989796340465547 0.2560631662368530
0.47199346008710558 0.13898874185979368 0.23989796340465547 0.2560631662368530
0.65177119821310037 0.25807068273425104 0.23989796340465547 0.2560631662368530
0.65177119821310037 0.13898874185979368 0.28984940350055699 0.2560631662368530
0.65177119821310037 0.13898874185979368 0.23989796340465547 0.3633676748708270
0.47199346008710558 0.25807068273425104 0.28984940350055699 0.3633676748708270
0.36076364153996104 0.4785182390362025 0.41563890799880032 0.4045208491897360
0.31662259995937342 0.4785182390362025 0.41563890799880032 0.4045208491897360
0.36076364153996104 0.46115844026207931 0.41563890799880032 0.4045208491897360
0.36076364153996104 0.4785182390362025 0.40516110099852087 0.4045208491897360
0.36076364153996104 0.4785182390362025 0.41563890799880032 0.2568067750130040
0.31662259995937342 0.46115844026207931 0.40516110099852087 0.2568067750130040
0.15504481336101889 0.23033202290534974 0.10425068885087968 0.0725347143273954
0.16793361334130166 0.23033202290534974 0.10425068885087968 0.0725347143273954
0.15504481336101889 0.36240440942347052 0.10425068885087968 0.0725347143273954
0.15504481336101889 0.23033202290534974 0.111859530210495 0.0725347143273954
0.15504481336101889 0.23033202290534974 0.10425068885087968 0.1304495083966540
0.16793361334130166 0.36240440942347052 0.111859530210495 0.1304495083966540
0.53300566207617517 0.3903937987983227 0.32687245383858682 0.4919774648620020
0.62196193006820977 0.3903937987983227 0.32687245383858682 0.4919774648620020
0.53300566207617517 0.15936376340687275 0.32687245383858682 0.4919774648620020
0.53300566207617517 0.3903937987983227 0.39586423970758922 0.4919774648620020
0.53300566207617517 0.3903937987983227 0.32687245383858682 0.4953023409904630
0.62196193006820977 0.15936376340687275 0.39586423970758922 0.4953023409904630
