0.51957051046192637 0.19272663295269013 0.33218994140625002 0.2599194596020560
0.44299968346022062 0.19272663295269013 0.33218994140625002 0.2599194596020560
0.51957051046192637 0.33616949208080771 0.33218994140625002 0.2599194596020560
0.51957051046192637 0.19272663295269013 0.44653946533799171 0.2599194596020560
0.51957051046192637 0.19272663295269013 0.33218994140625002 0.1988917293354710
0.44299968346022062 0.33616949208080771 0.44653946533799171 0.1988917293354710
0.17081879870966077 0.42800185903906829 0.11103913113474846 0.4069954748681040
0.26829249244183301 0.42800185903906829 0.11103913113474846 0.4069954748681040
0.17081879870966077 0.13305960632860661 0.11103913113474846 0.4069954748681040
0.17081879870966077 0.42800185903906829 0.26096467487514019 0.4069954748681040
0.17081879870966077 0.42800185903906829 0.11103913113474846 0.4689524038526310
0.26829249244183301 0.13305960632860661 0.26096467487514019 0.4689524038526310
0.36656982777640218 0.2761850353330374 0.42447851151227955 0.0652181404626017
0.097069466579705471 0.2761850353330374 0.42447851151227955 0.0652181404626017
0.36656982777640218 0.23435116186738014 0.42447851151227955 0.0652181404626017
0.36656982777640218 0.2761850353330374 0.35604847148060803 0.0652181404626017
0.36656982777640218 0.2761850353330374 0.42447851151227955 0.3720269522877850
0.097069466579705471 0.23435116186738014 0.35604847148060803 0.3720269522877850
0.64870058391243213 0.34131851233541965 0.24394630268216133 0.4897890511721800
0.61296310112811625 0.34131851233541965 0.24394630268216133 0.4897890511721800
0.64870058391243213 0.43741698786616323 0.24394630268216133 0.4897890511721800
0.64870058391243213 0.34131851233541965 0.13918185643851758 0.4897890511721800
0.64870058391243213 0.34131851233541965 0.24394630268216133 0.2446129715774850
0.61296310112811625 0.43741698786616323 0.13918185643851758 0.2446129715774850
0.58192745479755104 0.21602215841412545 0.17646776251494886 0.4623744647236160
0.65922928145155302 0.21602215841412545 0.17646776251494886 0.4623744647236160
0.58192745479755104 0.37472652643918991 0.17646776251494886 0.4623744647236160
0.58192745479755104 0.21602215841412545 0.32794186882674692 0.4623744647236160
0.58192745479755104 0.21602215841412545 0.17646776251494886 0.3929801142320580
0.65922928145155302 0.37472652643918991 0.32794186882674692 0.3929801142320580
0.22799875312484796 0.3514806255698204 0.35543739385902884 0.1359970653184580
0.13315452267415823 0.3514806255698204 0.35543739385902884 0.1359970653184580
0.22799875312484796 0.1716632753610611 0.35543739385902884 0.1359970653184580
0.22799875312484796 0.3514806255698204 0.16745938137173655 0.1359970653184580
0.22799875312484796 0.3514806255698204 0.35543739385902884 0.3261514888955670
0.13315452267415823 0.1716632753610611 0.16745938137173655 0.3261514888955670
0.10364894350059331 0.10290148444473744 0.26836522482335567 0.3392871433063160
0.31327426056377583 0.10290148444473744 0.26836522482335567 0.3392871433063160
0.10364894350059331 0.27036847881972792 0.26836522482335567 0.3392871433063160
0.10364894350059331 0.10290148444473744 0.4749390374869108 0.3392871433063160
0.10364894350059331 0.10290148444473744 0.26836522482335567 0.0678562359629341
0.31327426056377583 0.27036847881972792 0.4749390374869108 0.0678562359629341
0.38076140596531327 0.46782777123153207 0.48795366026461129 0.3246962913150210
0.47784991599619381 0.46782777123153207 0.48795366026461129 0.3246962913150210
0.38076140596531327 0.47348227463662629 0.48795366026461129 0.3246962913150210
0.38076140596531327 0.46782777123153207 0.23317543044686317 0.3246962913150210
0.38076140596531327 0.46782777123153207 0.48795366026461129 0.4575584149375030
0.47784991599619381 0.47348227463662629 0.23317543044686317 0.4575584149375030
0.42889316556975238 0.26662942916154864 0.29524592719972131 0.1902103286634550
0.23494366267696021 0.26662942916154864 0.29524592719972131 0.1902103286634550
0.42889316556975238 0.40211345292627809 0.29524592719972131 0.1902103286634550
0.42889316556975238 0.26662942916154864 0.31753460988402371 0.1902103286634550
0.42889316556975238 0.26662942916154864 0.29524592719972131 0.4272866338890490
0.23494366267696021 0.40211345292627809 0.31753460988402371 0.4272866338890490
0.055990893580019477 0.30014093294739724 0.47421686686575415 0.4310197745572710
0.39507030346430833 0.30014093294739724 0.47421686686575415 0.4310197745572710
0.055990893580019477 0.20520159490406514 0.47421686686575415 0.4310197745572710
0.055990893580019477 0.30014093294739724 0.17806195579469206 0.4310197745572710
0.055990893580019477 0.30014093294739724 0.47421686686575415 0.2938819721778360
0.39507030346430833 0.20520159490406514 0.17806195579469206 0.2938819721778360
0.25669067986309524 0.15194634906947613 0.16214352957904341 0.2864674417463040
0.53899857453070577 0.15194634906947613 0.16214352957904341 0.2864674417463040
0.25669067986309524 0.10547101423144341 0.16214352957904341 0.2864674417463040
0.25669067986309524 0.15194634906947613 0.48310020491480832 0.2864674417463040
0.25669067986309524 0.15194634906947613 0.16214352957904341 0.0864938271487414
0.53899857453070577 0.10547101423144341 0.48310020491480832 0.0864938271487414
0.55275685684755438 0.4180504847317934 0.38173366077244286 0.3804386465897440
0.089735956676304338 0.4180504847317934 0.38173366077244286 0.3804386465897440
0.55275685684755438 0.30242998376488683 0.38173366077244286 0.3804386465897440
0.55275685684755438 0.4180504847317934 0.22481895349919798 0.3804386465897440
0.55275685684755438 0.4180504847317934 0.38173366077244286 0.4415787697951310
0.089735956676304338 0.30242998376488683 0.22481895349919798 0.4415787697951310
0.69165771086700256 0.14334617182612419 0.43847307711839678 0.4172158681823610
0.20725930142216381 0.14334617182612419 0.43847307711839678 0.4172158681823610
0.69165771086700256 0.49013346135616309 0.43847307711839678 0.4172158681823610
0.69165771086700256 0.14334617182612419 0.41103607676923282 0.4172158681823610
0.69165771086700256 0.14334617182612419 0.43847307711839678 0.1417304319394600
0.20725930142216381 0.49013346135616309 0.41103607676923282 0.1417304319394600
0.32377375676296649 0.4766498982906342 0.21732052341103555 0.2399804983843090
0.66666305586695662 0.4766498982906342 0.21732052341103555 0.2399804983843090
0.32377375676296649 0.293170391023159 0.21732052341103555 0.2399804983843090
0.32377375676296649 0.4766498982906342 0.29666337892413142 0.2399804983843090
0.32377375676296649 0.4766498982906342 0.21732052341103555 0.4992678892065370
0.66666305586695662 0.293170391023159 0.29666337892413142 0.4992678892065370
0.19449501666240393 0.22524197436869145 0.30576102435588837 0.4824703104180810
0.51129932506009934 0.22524197436869145 0.30576102435588837 0.4824703104180810
0.19449501666240393 0.19290421567857266 0.30576102435588837 0.4824703104180810
0.19449501666240393 0.22524197436869145 0.38911045752465723 0.4824703104180810
0.19449501666240393 0.22524197436869145 0.30576102435588837 0.3569112289956260
0.51129932506009934 0.19290421567857266 0.38911045752465723 0.3569112289956260
0.49573819809593256 0.39152915142476563 0.12522745952010156 0.0968147911085413
0.36134357792325311 0.39152915142476563 0.12522745952010156 0.0968147911085413
0.49573819809593256 0.38981368951499462 0.12522745952010156 0.0968147911085413
0.49573819809593256 0.39152915142476563 0.10592456087470055 0.0968147911085413
0.49573819809593256 0.39152915142476563 0.12522745952010156 0.2483440034064860
0.36134357792325311 0.38981368951499462 0.10592456087470055 0.2483440034064860
0.45772872478701165 0.23977449610829354 0.45439727082848547 0.3520889658299380
0.59551700036972754 0.23977449610829354 0.45439727082848547 0.3520889658299380
0.45772872478701165 0.28602806851267815 0.45439727082848547 0.3520889658299380
0.45772872478701165 0.23977449610829354 0.26700373366475105 0.3520889658299380
0.45772872478701165 0.23977449610829354 0.45439727082848547 0.3400347808352100
0.59551700036972754 0.28602806851267815 0.26700373366475105 0.3400347808352100
0.19203694160096346 0.38090287894010544 0.27711687833070753 0.3100944436829200
0.11578509374521673 0.38090287894010544 0.27711687833070753 0.3100944436829200
0.19203694160096346 0.48281652107834816 0.27711687833070753 0.3100944436829200
0.19203694160096346 0.38090287894010544 0.4252720158547163 0.3100944436829200
0.19203694160096346 0.38090287894010544 0.27711687833070753 0.2702830240823750
0.11578509374521673 0.48281652107834816 0.4252720158547163 0.2702830240823750
0.30592291555367407 0.1295826990157366 0.39043573960661893 0.4531605619556150
0.29018203006125981 0.1295826990157366 0.39043573960661893 0.4531605619556150
0.30592291555367407 0.38411133028566835 0.39043573960661893 0.4531605619556150
0.30592291555367407 0.1295826990157366 0.13275207653641702 0.4531605619556150
0.30592291555367407 0.1295826990157366 0.39043573960661893 0.1678217150118880
0.29018203006125981 0.38411133028566835 0.13275207653641702 0.1678217150118880
0.66872362089343362 0.48806962184607983 0.16627415120601655 0.1577594164138770
0.41984061943367118 0.48806962184607983 0.16627415120601655 0.1577594164138770
0.66872362089343362 0.18727233298122883 0.16627415120601655 0.1577594164138770
0.66872362089343362 0.48806962184607983 0.3722377013415098 0.1577594164138770
0.66872362089343362 0.48806962184607983 0.16627415120601655 0.4898748580484600
0.41984061943367118 0.18727233298122883 0.3722377013415098 0.4898748580484600
0.56061137923970816 0.16317066252231599 0.21051045693457127 0.0387731730679972
0.46609688033349805 0.16317066252231599 0.21051045693457127 0.0387731730679972
0.56061137923970816 0.22497495375573637 0.21051045693457127 0.0387731730679972
0.56061137923970816 0.16317066252231599 0.16060247533023359 0.0387731730679972
0.56061137923970816 0.16317066252231599 0.21051045693457127 0.1040823834626950
0.46609688033349805 0.22497495375573637 0.16060247533023359 0.1040823834626950
0.28994095101952549 0.40448242053389549 0.43310962282121179 0.4979406547468120
0.32629684200510378 0.40448242053389549 0.43310962282121179 0.4979406547468120
0.28994095101952549 0.42181156687438492 0.43310962282121179 0.4979406547468120
0.28994095101952549 0.40448242053389549 0.34377692714333535 0.4979406547468120
0.28994095101952549 0.40448242053389549 0.43310962282121179 0.4348737446143900
0.32629684200510378 0.42181156687438492 0.34377692714333535 0.4348737446143900
0.083686665259301657 0.25619856677949426 0.14615802057087424 0.2769487480881900
0.16077677644789218 0.25619856677949426 0.14615802057087424 0.2769487480881900
0.083686665259301657 0.32051999866962433 0.14615802057087424 0.2769487480881900
0.083686665259301657 0.25619856677949426 0.23886036686599255 0.2769487480881900
0.083686665259301657 0.25619856677949426 0.14615802057087424 0.4190631062132250
0.16077677644789218 0.32051999866962433 0.23886036686599255 0.4190631062132250
0.44135003900155417 0.31447804607450963 0.32187578789889815 0.3964624535880790
0.63033748189918692 0.31447804607450963 0.32187578789889815 0.3964624535880790
0.44135003900155417 0.12372744530439378 0.32187578789889815 0.3964624535880790
0.44135003900155417 0.31447804607450963 0.45324450805783278 0.3964624535880790
0.44135003900155417 0.31447804607450963 0.32187578789889815 0.3058805199722060
0.63033748189918692 0.12372744530439378 0.45324450805783278 0.3058805199722060
0.40892595848999913 0.113332449644804 0.11679318733513355 0.4739365218544830
0.062133679771795867 0.113332449644804 0.11679318733513355 0.4739365218544830
0.40892595848999913 0.15226174369454384 0.11679318733513355 0.4739365218544830
0.40892595848999913 0.113332449644804 0.19384909197688105 0.4739365218544830
0.40892595848999913 0.113332449644804 0.11679318733513355 0.0458982269289370
0.062133679771795867 0.15226174369454384 0.19384909197688105 0.0458982269289370
0.11658422541804611 0.45349055528640747 0.33939065746963026 0.1205707774788750
0.56787036815658209 0.45349055528640747 0.33939065746963026 0.1205707774788750
0.11658422541804611 0.35545002147555349 0.33939065746963026 0.1205707774788750
0.11658422541804611 0.45349055528640747 0.31072562597692011 0.1205707774788750
0.11658422541804611 0.45349055528640747 0.33939065746963026 0.4646578033767420
0.56787036815658209 0.35545002147555349 0.31072562597692011 0.4646578033767420
0.23537951619364317 0.20479775406420231 0.22744089104235174 0.4272002651759250
0.40680367220193142 0.20479775406420231 0.22744089104235174 0.4272002651759250
0.23537951619364317 0.45571618564426897 0.22744089104235174 0.4272002651759250
0.23537951619364317 0.20479775406420231 0.20317234620451929 0.4272002651759250
0.23537951619364317 0.20479775406420231 0.22744089104235174 0.4007844737517510
0.40680367220193142 0.45571618564426897 0.20317234620451929 0.4007844737517510
0.61469437773339453 0.36504878066480162 0.40315735004842279 0.2214332855248740
0.22194077721796929 0.36504878066480162 0.40315735004842279 0.2214332855248740
0.61469437773339453 0.25258150435984139 0.40315735004842279 0.2214332855248740
0.61469437773339453 0.36504878066480162 0.48873721919953828 0.2214332855248740
0.61469437773339453 0.36504878066480162 0.40315735004842279 0.3163755900710120
0.22194077721796929 0.25258150435984139 0.48873721919953828 0.3163755900710120
0.6310061192139983 0.28994840532541277 0.3731757931411267 0.3023077115662900
0.33943436369299884 0.28994840532541277 0.3731757931411267 0.3023077115662900
0.6310061192139983 0.13989037685096264 0.3731757931411267 0.3023077115662900
0.6310061192139983 0.28994840532541277 0.27534648142755036 0.3023077115662900
0.6310061192139983 0.28994840532541277 0.3731757931411267 0.3861220177169560
0.33943436369299884 0.13989037685096264 0.27534648142755036 0.3861220177169560
0.34380170321092002 0.32989889159798624 0.19589675664901735 0.3689330585918870
0.534478075383231 0.32989889159798624 0.19589675664901735 0.3689330585918870
0.34380170321092002 0.34302896820008755 0.19589675664901735 0.3689330585918870
0.34380170321092002 0.32989889159798624 0.41712458357214932 0.3689330585918870
0.34380170321092002 0.32989889159798624 0.19589675664901735 0.2230143458987880
0.534478075383231 0.34302896820008755 0.41712458357214932 0.2230143458987880
0.13265792736783621 0.17819420211017134 0.48421363905072212 0.1704425983907710
0.68412914318032558 0.17819420211017134 0.48421363905072212 0.1704425983907710
0.13265792736783621 0.44275956004858019 0.48421363905072212 0.1704425983907710
0.13265792736783621 0.17819420211017134 0.12216323874890805 0.1704425983907710
0.13265792736783621 0.17819420211017134 0.48421363905072212 0.1725153128078570
0.68412914318032558 0.44275956004858019 0.12216323874890805 0.1725153128078570
0.51695140972733489 0.43862804062664507 0.26005379408597951 0.4411379349730210
0.18852367801591752 0.43862804062664507 0.26005379408597951 0.4411379349730210
0.51695140972733489 0.2395738571882248 0.26005379408597951 0.4411379349730210
0.51695140972733489 0.43862804062664507 0.382631229609251 0.4411379349730210
0.51695140972733489 0.43862804062664507 0.26005379408597951 0.4800071746385800
0.18852367801591752 0.2395738571882248 0.382631229609251 0.4800071746385800
0.49925682637840502 0.28396336585283277 0.15562692023813726 0.3885040742971020
0.49596012900583442 0.28396336585283277 0.15562692023813726 0.3885040742971020
0.49925682637840502 0.25958376079797746 0.15562692023813726 0.3885040742971020
0.49925682637840502 0.28396336585283277 0.12532892599701884 0.3885040742971020
0.49925682637840502 0.28396336585283277 0.15562692023813726 0.4624576863134380
0.49596012900583442 0.25958376079797746 0.12532892599701884 0.4624576863134380
0.15051008341833949 0.34852927103638653 0.37511779330670836 0.2634579621593560
0.29520337171852584 0.34852927103638653 0.37511779330670836 0.2634579621593560
0.15051008341833949 0.45652031898498535 0.37511779330670836 0.2634579621593560
0.15051008341833949 0.34852927103638653 0.36714213602244861 0.2634579621593560
0.15051008341833949 0.34852927103638653 0.37511779330670836 0.0245098658433188
0.29520337171852584 0.45652031898498535 0.36714213602244861 0.0245098658433188
0.34626098172739145 0.19711298458278181 0.28853390403091905 0.4953872957295610
0.15126535436138511 0.19711298458278181 0.28853390403091905 0.4953872957295610
0.34626098172739145 0.3577647756785155 0.28853390403091905 0.4953872957295610
0.34626098172739145 0.19711298458278181 0.27208313420414926 0.4953872957295610
0.34626098172739145 0.19711298458278181 0.28853390403091905 0.3199301209981330
0.15126535436138511 0.3577647756785155 0.27208313420414926 0.3199301209981330
0.62838678844273088 0.4321623373776674 0.46740578822791579 0.0330191711790938
0.64115777392871676 0.4321623373776674 0.46740578822791579 0.0330191711790938
0.62838678844273088 0.1608783807605505 0.46740578822791579 0.0330191711790938
0.62838678844273088 0.4321623373776674 0.43271133117377758 0.0330191711790938
0.62838678844273088 0.4321623373776674 0.46740578822791579 0.4089237042958320
0.64115777392871676 0.1608783807605505 0.43271133117377758 0.4089237042958320
0.6022361846175045 0.10726185366511345 0.31242409422993661 0.1621697327080630
0.60504823224619031 0.10726185366511345 0.31242409422993661 0.1621697327080630
0.6022361846175045 0.24818744249641897 0.31242409422993661 0.1621697327080630
0.6022361846175045 0.10726185366511345 0.24392767958343031 0.1621697327080630
0.6022361846175045 0.10726185366511345 0.31242409422993661 0.2183717757073790
0.60504823224619031 0.24818744249641897 0.24392767958343031 0.2183717757073790
0.24831243236549194 0.47201117873191833 0.13198983520269394 0.4561400031354190
0.10502427951432763 0.47201117873191833 0.13198983520269394 0.4561400031354190
0.24831243236549194 0.44507736600935466 0.13198983520269394 0.4561400031354190
0.24831243236549194 0.47201117873191833 0.46064703539013863 0.4561400031354190
0.24831243236549194 0.47201117873191833 0.13198983520269394 0.3773383163325220
0.10502427951432763 0.44507736600935466 0.46064703539013863 0.3773383163325220
0.12396274381317197 0.22382648326456547 0.44494093582034111 0.3219719714366420
0.26037824465893206 0.22382648326456547 0.44494093582034111 0.3219719714366420
0.12396274381317197 0.34383004978299142 0.44494093582034111 0.3219719714366420
0.12396274381317197 0.22382648326456547 0.15319141261279584 0.3219719714366420
0.12396274381317197 0.22382648326456547 0.44494093582034111 0.4820660646246970
0.26037824465893206 0.34383004978299142 0.15319141261279584 0.4820660646246970
0.40107023748569187 0.35866844318807123 0.22388748526573182 0.3609918408404710
0.45095387529581776 0.35866844318807123 0.22388748526573182 0.3609918408404710
0.40107023748569187 0.14689568504691125 0.22388748526573182 0.3609918408404710
0.40107023748569187 0.35866844318807123 0.33871814981102943 0.3609918408404710
0.40107023748569187 0.35866844318807123 0.22388748526573182 0.1879563797905440
0.45095387529581776 0.14689568504691125 0.33871814981102943 0.1879563797905440
0.44920436041429634 0.15664241015911104 0.41869501098990447 0.4472079679575480
0.36925825430080289 0.15664241015911104 0.41869501098990447 0.4472079679575480
0.44920436041429634 0.17557646632194521 0.41869501098990447 0.4472079679575480
0.44920436041429634 0.15664241015911104 0.21057272776961328 0.4472079679575480
0.44920436041429634 0.15664241015911104 0.41869501098990447 0.2743473862633990
0.36925825430080289 0.17557646632194521 0.21057272776961328 0.2743473862633990
0.076307057216763494 0.42336304411292081 0.23825900852680207 0.1862501026646620
0.5033452470321208 0.42336304411292081 0.23825900852680207 0.1862501026646620
0.076307057216763494 0.37861358672380452 0.23825900852680207 0.1862501026646620
0.076307057216763494 0.42336304411292081 0.49380667768418796 0.1862501026646620
0.076307057216763494 0.42336304411292081 0.23825900852680207 0.3498817639727520
0.5033452470321208 0.37861358672380452 0.49380667768418796 0.3498817639727520
0.27700695488601917 0.2747694488614798 0.32621122971177102 0.3721680027664730
0.67457835334353144 0.2747694488614798 0.32621122971177102 0.3721680027664730
0.27700695488601917 0.47893315814435489 0.32621122971177102 0.3721680027664730
0.27700695488601917 0.2747694488614798 0.18879246041178704 0.3721680027664730
0.27700695488601917 0.2747694488614798 0.32621122971177102 0.4878696922787460
0.67457835334353144 0.47893315814435489 0.18879246041178704 0.4878696922787460
0.57306818244978786 0.30845789946615698 0.10515642315149308 0.3043834627099290
0.19930460229516028 0.30845789946615698 0.10515642315149308 0.3043834627099290
0.57306818244978786 0.27584282271564009 0.10515642315149308 0.3043834627099290
0.57306818244978786 0.30845789946615698 0.30331241749227045 0.3043834627099290
0.57306818244978786 0.30845789946615698 0.10515642315149308 0.1516184406738870
0.19930460229516028 0.27584282271564009 0.30331241749227045 0.1516184406738870
0.67134155207313595 0.23335599973797799 0.27439288981258869 0.2187953175262350
0.071624933695420626 0.23335599973797799 0.27439288981258869 0.2187953175262350
0.67134155207313595 0.11354525126516819 0.27439288981258869 0.2187953175262350
0.67134155207313595 0.23335599973797799 0.11707010529935361 0.2187953175262350
0.67134155207313595 0.23335599973797799 0.27439288981258869 0.4373141639995540
0.071624933695420626 0.11354525126516819 0.11707010529935361 0.4373141639995540
0.30346254738979039 0.39986905902624137 0.49388507120311265 0.4245284093964790
0.55706957597285511 0.39986905902624137 0.49388507120311265 0.4245284093964790
0.30346254738979039 0.31663358397781849 0.49388507120311265 0.4245284093964790
0.30346254738979039 0.39986905902624137 0.37520564720034599 0.4245284093964790
0.30346254738979039 0.39986905902624137 0.49388507120311265 0.1221321031048460
0.55706957597285511 0.31663358397781849 0.37520564720034599 0.1221321031048460
0.1741837055888027 0.14806821532547476 0.18230001367628576 0.1020310792588050
0.37695989916101091 0.14806821532547476 0.18230001367628576 0.1020310792588050
0.1741837055888027 0.41631687507033355 0.18230001367628576 0.1020310792588050
0.1741837055888027 0.14806821532547476 0.28278336487710476 0.1020310792588050
0.1741837055888027 0.14806821532547476 0.18230001367628576 0.3021631857978710
0.37695989916101091 0.41631687507033355 0.28278336487710476 0.3021631857978710
0.47542191823013119 0.48193952850997446 0.36117359362542634 0.4684589434330750
0.25301404544152317 0.48193952850997446 0.36117359362542634 0.4684589434330750
0.47542191823013119 0.21327603533864023 0.36117359362542634 0.4684589434330750
0.47542191823013119 0.48193952850997446 0.42220641598105435 0.4684589434330750
0.47542191823013119 0.48193952850997446 0.36117359362542634 0.4112132192328450
0.25301404544152317 0.21327603533864023 0.42220641598105435 0.4112132192328450
0.47804489326663308 0.13681939765810969 0.23410398475825789 0.3352352794503560
0.6281351912766695 0.13681939765810969 0.23410398475825789 0.3352352794503560
0.47804489326663308 0.30944139622151856 0.23410398475825789 0.3352352794503560
0.47804489326663308 0.13681939765810969 0.36111466363072398 0.3352352794503560
0.47804489326663308 0.13681939765810969 0.23410398475825789 0.2822463870406660
0.6281351912766695 0.30944139622151856 0.36111466363072398 0.2822463870406660
0.21234814128838475 0.49553209543228149 0.40991970188915727 0.3477291176115820
0.16301839123480022 0.49553209543228149 0.40991970188915727 0.3477291176115820
0.21234814128838475 0.10627820007503033 0.40991970188915727 0.3477291176115820
0.21234814128838475 0.49553209543228149 0.14658478908240796 0.3477291176115820
0.21234814128838475 0.49553209543228149 0.40991970188915727 0.4247604838382870
0.16301839123480022 0.10627820007503033 0.14658478908240796 0.4247604838382870
0.32623423631303006 0.24381137825548649 0.12326106987893581 0.1392223515063420
0.32409517248161135 0.24381137825548649 0.12326106987893581 0.1392223515063420
0.32623423631303006 0.20752550363540651 0.12326106987893581 0.1392223515063420
0.32623423631303006 0.24381137825548649 0.43912952318787579 0.1392223515063420
0.32623423631303006 0.24381137825548649 0.12326106987893581 0.4486472143984720
0.32409517248161135 0.20752550363540651 0.43912952318787579 0.4486472143984720
0.68903989107348018 0.38550743125379083 0.34595759548246863 0.4647070241097420
0.46833787402138105 0.38550743125379083 0.34595759548246863 0.4647070241097420
0.68903989107348018 0.41073314100503922 0.34595759548246863 0.4647070241097420
0.68903989107348018 0.38550743125379083 0.25590549223124981 0.4647070241097420
0.68903989107348018 0.38550743125379083 0.34595759548246863 0.0928482200935359
0.46833787402138105 0.41073314100503922 0.25590549223124981 0.0928482200935359
0.54030017470940939 0.2602126017212868 0.47769705355167391 0.4876546041398910
0.43223824934102589 0.2602126017212868 0.47769705355167391 0.4876546041398910
0.54030017470940939 0.3984364293515682 0.47769705355167391 0.4876546041398910
0.54030017470940939 0.2602126017212868 0.46751705519855025 0.4876546041398910
0.54030017470940939 0.2602126017212868 0.47769705355167391 0.4934448306065140
0.43223824934102589 0.3984364293515682 0.46751705519855025 0.4934448306065140
0.26962479706853626 0.31910849586129186 0.25343790277838707 0.0614653917881791
0.27782434420660135 0.31910849586129186 0.25343790277838707 0.0614653917881791
0.26962479706853626 0.19522507265210154 0.25343790277838707 0.0614653917881791
0.26962479706853626 0.31910849586129186 0.22807950749993325 0.0614653917881791
0.26962479706853626 0.31910849586129186 0.25343790277838707 0.1360454185493640
0.27782434420660135 0.19522507265210154 0.22807950749993325 0.1360454185493640
0.06337038055062294 0.17043019644916058 0.36646379381418226 0.4000044473288620
0.12818334233015777 0.17043019644916058 0.36646379381418226 0.4000044473288620
0.06337038055062294 0.29398062862455843 0.36646379381418226 0.4000044473288620
0.06337038055062294 0.17043019644916058 0.33302010111510755 0.4000044473288620
0.06337038055062294 0.17043019644916058 0.36646379381418226 0.2610943414243990
0.12818334233015777 0.29398062862455843 0.33302010111510755 0.2610943414243990
0.42103872308507556 0.41191900856792929 0.18908565416932108 0.2468672174546610
0.58315869583748281 0.41191900856792929 0.18908565416932108 0.2468672174546610
0.42103872308507556 0.49714182205498225 0.18908565416932108 0.2468672174546610
0.42103872308507556 0.41191900856792929 0.17489905431866648 0.2468672174546610
0.42103872308507556 0.41191900856792929 0.18908565416932108 0.3600665151963430
0.58315869583748281 0.49714182205498225 0.17489905431866648 0.3600665151963430
0.38861723835580048 0.21003859713673592 0.39646338075399401 0.0756152557342084
0.17612585318274793 0.21003859713673592 0.39646338075399401 0.0756152557342084
0.38861723835580048 0.42572417370975024 0.39646338075399401 0.0756152557342084
0.38861723835580048 0.21003859713673592 0.47800823971629147 0.0756152557342084
0.38861723835580048 0.21003859713673592 0.39646338075399401 0.4753570364745390
0.17612585318274793 0.42572417370975024 0.47800823971629147 0.4753570364745390
0.096270536491647352 0.37011257857084279 0.17220558598637581 0.4766459425238970
0.69648756636306641 0.37011257857084279 0.17220558598637581 0.4766459425238970
0.096270536491647352 0.2288625743240118 0.17220558598637581 0.4766459425238970
0.096270536491647352 0.37011257857084279 0.21739301346242429 0.4766459425238970
0.096270536491647352 0.37011257857084279 0.17220558598637581 0.2037639021095450
0.69648756636306641 0.2288625743240118 0.21739301346242429 0.2037639021095450
0.2150657255668193 0.12181878872215748 0.46022949814796454 0.2363528308381040
0.52208086922764774 0.12181878872215748 0.46022949814796454 0.2363528308381040
0.2150657255668193 0.12917929440736772 0.46022949814796454 0.2363528308381040
0.2150657255668193 0.12181878872215748 0.32497032508254053 0.2363528308381040
0.2150657255668193 0.12181878872215748 0.46022949814796454 0.2312639613018320
0.52208086922764774 0.12917929440736772 0.32497032508254053 0.2312639613018320
0.59438553652726112 0.46136049441993243 0.28285310193896296 0.4137931849247480
0.35179216819815334 0.46136049441993243 0.28285310193896296 0.4137931849247480
0.59438553652726112 0.32599340081214906 0.28285310193896296 0.4137931849247480
0.59438553652726112 0.46136049441993243 0.18314414583146574 0.4137931849247480
0.59438553652726112 0.46136049441993243 0.28285310193896296 0.3690004327847050
0.35179216819815334 0.32599340081214906 0.18314414583146574 0.3690004327847050
0.65131979361176484 0.18665770590305331 0.14037449620664122 0.3842831818390870
0.22414225060492754 0.18665770590305331 0.14037449620664122 0.3842831818390870
0.65131979361176484 0.46330313161015513 0.14037449620664122 0.3842831818390870
0.65131979361176484 0.18665770590305331 0.39650971852242944 0.3842831818390870
0.65131979361176484 0.18665770590305331 0.14037449620664122 0.3364299808124250
0.22414225060492754 0.46330313161015513 0.39650971852242944 0.3364299808124250
0.3641104281879961 0.4465238653123379 0.31618851758539679 0.2896051104912420
0.40456217727623872 0.4465238653123379 0.31618851758539679 0.2896051104912420
0.3641104281879961 0.26649121865630154 0.31618851758539679 0.2896051104912420
0.3641104281879961 0.4465238653123379 0.11099442467093468 0.2896051104912420
0.3641104281879961 0.4465238653123379 0.31618851758539679 0.3957812249312010
0.40456217727623872 0.26649121865630154 0.11099442467093468 0.3957812249312010
0.15296676373109219 0.29521209560334682 0.20453172139823439 0.4379160675611520
0.57007246264256539 0.29521209560334682 0.20453172139823439 0.4379160675611520
0.15296676373109219 0.16617163605988028 0.20453172139823439 0.4379160675611520
0.15296676373109219 0.29521209560334682 0.40598056577146058 0.4379160675611520
0.15296676373109219 0.29521209560334682 0.20453172139823439 0.4507092311603950
0.57007246264256539 0.16617163605988028 0.40598056577146058 0.4507092311603950
0.537265214882791 0.33493679203093052 0.42722693867981432 0.2064878558315820
0.059891563747078186 0.33493679203093052 0.42722693867981432 0.2064878558315820
0.537265214882791 0.36303676404058938 0.42722693867981432 0.2064878558315820
0.537265214882791 0.33493679203093052 0.28924976512789724 0.2064878558315820
0.537265214882791 0.33493679203093052 0.42722693867981432 0.0611729184369570
0.059891563747078186 0.36303676404058938 0.28924976512789724 0.0611729184369570
