0.51776621537283063 0.27592871785163881 0.28895129114389417 0.4491149379750310
0.67133130393922325 0.27592871785163881 0.28895129114389417 0.4491149379750310
0.51776621537283063 0.10503128953278065 0.28895129114389417 0.4491149379750310
0.51776621537283063 0.27592871785163881 0.28369470126926899 0.4491149379750310
0.51776621537283063 0.27592871785163881 0.28895129114389417 0.4008969695878070
0.67133130393922325 0.10503128953278065 0.28369470126926899 0.4008969695878070
0.1702843327075243 0.34089161679148672 0.46781847849488256 0.1878931395748380
0.2011160000693053 0.34089161679148672 0.46781847849488256 0.1878931395748380
0.1702843327075243 0.30189317502081392 0.46781847849488256 0.1878931395748380
0.1702843327075243 0.34089161679148672 0.42401121407747266 0.1878931395748380
0.1702843327075243 0.34089161679148672 0.46781847849488256 0.3156721880813700
0.2011160000693053 0.30189317502081392 0.42401121407747266 0.3156721880813700
0.36583660040050742 0.19220186136662962 0.15603810846805574 0.3700463689479680
0.36727080945856866 0.19220186136662962 0.15603810846805574 0.3700463689479680
0.36583660040050742 0.40294365361332896 0.15603810846805574 0.3700463689479680
0.36583660040050742 0.19220186136662962 0.1180143315345049 0.3700463689479680
0.36583660040050742 0.19220186136662962 0.15603810846805574 0.0472497036052936
0.36727080945856866 0.40294365361332896 0.1180143315345049 0.0472497036052936
0.64669816670939317 0.42764810658991337 0.37553668245673177 0.3036719226219270
0.50645591979846349 0.42764810658991337 0.37553668245673177 0.3036719226219270
0.64669816670939317 0.20612926110625268 0.37553668245673177 0.3036719226219270
0.64669816670939317 0.42764810658991337 0.3770142242312432 0.3036719226219270
0.64669816670939317 0.42764810658991337 0.37553668245673177 0.4645760178550160
0.50645591979846349 0.20612926110625268 0.3770142242312432 0.4645760178550160
0.58246409767307339 0.10235251560807229 0.4445785041898489 0.2150427236079280
0.37892982126213604 0.10235251560807229 0.4445785041898489 0.2150427236079280
0.58246409767307339 0.19344101697206498 0.4445785041898489 0.2150427236079280
0.58246409767307339 0.10235251560807229 0.19018827527761462 0.2150427236079280
0.58246409767307339 0.10235251560807229 0.4445785041898489 0.1740351069429180
0.37892982126213604 0.19344101697206498 0.19018827527761462 0.1740351069429180
0.22980459067039188 0.46749821454286578 0.2235174957662821 0.4237462407419940
0.2499258351512253 0.46749821454286578 0.2235174957662821 0.4237462407419940
0.22980459067039188 0.39025340676307685 0.2235174957662821 0.4237462407419940
0.22980459067039188 0.46749821454286578 0.3054017800837755 0.4237462407419940
0.22980459067039188 0.46749821454286578 0.2235174957662821 0.4790804307316610
0.2499258351512253 0.39025340676307685 0.3054017800837755 0.4790804307316610
0.10565354241989552 0.21579047925770284 0.31205565445125105 0.1062227890386160
0.074894150160253053 0.21579047925770284 0.31205565445125105 0.1062227890386160
0.10565354241989552 0.48920579068362713 0.31205565445125105 0.1062227890386160
0.10565354241989552 0.21579047925770284 0.21200903803110124 0.1062227890386160
0.10565354241989552 0.21579047925770284 0.31205565445125105 0.3873995026667490
0.074894150160253053 0.48920579068362713 0.21200903803110124 0.3873995026667490
0.38149617095477872 0.35102909319102771 0.13162585385143757 0.4688379303413770
0.55524098961614066 0.35102909319102771 0.13162585385143757 0.4688379303413770
0.38149617095477872 0.29234018586575983 0.13162585385143757 0.4688379303413770
0.38149617095477872 0.35102909319102771 0.49591662771999834 0.4688379303413770
0.38149617095477872 0.35102909319102771 0.13162585385143757 0.2216820569323310
0.55524098961614066 0.29234018586575983 0.49591662771999834 0.2216820569323310
0.43073898348957296 0.15217851251363756 0.32579842023551464 0.3890279304782450
0.14818691578693688 0.15217851251363756 0.32579842023551464 0.3890279304782450
0.43073898348957296 0.23322804607450964 0.32579842023551464 0.3890279304782450
0.43073898348957296 0.15217851251363756 0.15528150238096716 0.3890279304782450
0.43073898348957296 0.15217851251363756 0.32579842023551464 0.1682080819033880
0.14818691578693688 0.23322804607450964 0.15528150238096716 0.1682080819033880
0.056566901784390215 0.41850229576230047 0.10473915524780751 0.2662482289339300
0.64313778011128298 0.41850229576230047 0.10473915524780751 0.2662482289339300
0.056566901784390215 0.43639171905815599 0.10473915524780751 0.2662482289339300
0.056566901784390215 0.41850229576230047 0.34011323750019073 0.2662482289339300
0.056566901784390215 0.41850229576230047 0.10473915524780751 0.4895432183249150
0.64313778011128298 0.43639171905815599 0.34011323750019073 0.4895432183249150
0.25738608436658977 0.26717907004058361 0.41827619336545474 0.4948012525100300
0.49412145614624015 0.26717907004058361 0.41827619336545474 0.4948012525100300
0.25738608436658977 0.33690221533179288 0.41827619336545474 0.4948012525100300
0.25738608436658977 0.26717907004058361 0.24603690244257451 0.4948012525100300
0.25738608436658977 0.26717907004058361 0.41827619336545474 0.3405735900192120
0.49412145614624015 0.33690221533179288 0.24603690244257451 0.3405735900192120
0.55472147054970267 0.3004705805331469 0.23784774877130987 0.0272063847169820
0.29846281888894732 0.3004705805331469 0.23784774877130987 0.0272063847169820
0.55472147054970267 0.13369410112500191 0.23784774877130987 0.0272063847169820
0.55472147054970267 0.3004705805331469 0.46208407282829289 0.0272063847169820
0.55472147054970267 0.3004705805331469 0.23784774877130987 0.2700066004768740
0.29846281888894732 0.13369410112500191 0.46208407282829289 0.2700066004768740
0.69108326449058943 0.22576703056693079 0.18267007470130922 0.1610952180967120
0.26219939235597844 0.22576703056693079 0.18267007470130922 0.1610952180967120
0.69108326449058943 0.27139374017715456 0.18267007470130922 0.1610952180967120
0.69108326449058943 0.22576703056693079 0.27388710975646974 0.1610952180967120
0.69108326449058943 0.22576703056693079 0.18267007470130922 0.4198950208602860
0.26219939235597844 0.27139374017715456 0.27388710975646974 0.4198950208602860
0.32193009634502229 0.39188338220119479 0.36153595373034475 0.4545664691500740
0.44771689302287987 0.39188338220119479 0.36153595373034475 0.4545664691500740
0.32193009634502229 0.47460538297891619 0.36153595373034475 0.4545664691500740
0.32193009634502229 0.39188338220119479 0.43362349011003976 0.4545664691500740
0.32193009634502229 0.39188338220119479 0.36153595373034475 0.3043394591347330
0.44771689302287987 0.47460538297891619 0.43362349011003976 0.3043394591347330
0.19253195994533595 0.14360257424414158 0.27475675195455551 0.3230856125164770
0.60814884030260141 0.14360257424414158 0.27475675195455551 0.3230856125164770
0.19253195994533595 0.37409202717244627 0.27475675195455551 0.3230856125164770
0.19253195994533595 0.14360257424414158 0.12713832557201388 0.3230856125164770
0.19253195994533595 0.14360257424414158 0.27475675195455551 0.1066024451970900
0.60814884030260141 0.37409202717244627 0.12713832557201388 0.1066024451970900
0.49504495593719178 0.47707747183740146 0.4942536301910877 0.3635628897874160
0.1030270823277533 0.47707747183740146 0.4942536301910877 0.3635628897874160
0.49504495593719178 0.17093054763972759 0.4942536301910877 0.3635628897874160
0.49504495593719178 0.47707747183740146 0.368085539713502 0.3635628897874160
0.49504495593719178 0.47707747183740146 0.4942536301910877 0.4340944429532960
0.1030270823277533 0.17093054763972759 0.368085539713502 0.4340944429532960
0.45719265337102111 0.12922885194420816 0.12289861366152764 0.0800566531566474
0.51882390524260691 0.12922885194420816 0.12289861366152764 0.0800566531566474
0.45719265337102111 0.45478838309645653 0.12289861366152764 0.0800566531566474
0.45719265337102111 0.12922885194420816 0.4042505461722613 0.0800566531566474
0.45719265337102111 0.12922885194420816 0.12289861366152764 0.0862540985458405
0.51882390524260691 0.45478838309645653 0.4042505461722613 0.0862540985458405
0.19023161740042266 0.48754494339227683 0.34558762907981877 0.4770133337939360
0.35363331697881217 0.48754494339227683 0.34558762907981877 0.4770133337939360
0.19023161740042266 0.25175154879689221 0.34558762907981877 0.4770133337939360
0.19023161740042266 0.48754494339227683 0.28821481913328173 0.4770133337939360
0.19023161740042266 0.48754494339227683 0.34558762907981877 0.4420414194914440
0.35363331697881217 0.25175154879689221 0.28821481913328173 0.4420414194914440
0.30391900432296093 0.23934731371700765 0.23373552039265633 0.2327674306268790
0.17414832776412364 0.23934731371700765 0.23373552039265633 0.2327674306268790
0.30391900432296093 0.15279915370047092 0.23373552039265633 0.2327674306268790
0.30391900432296093 0.23934731371700765 0.39482167251408107 0.2327674306268790
0.30391900432296093 0.23934731371700765 0.23373552039265633 0.4267924248873310
0.17414832776412364 0.15279915370047092 0.39482167251408107 0.4267924248873310
0.66798956296406686 0.38064684979617602 0.40955574363470082 0.4129815149066470
0.69956848328001797 0.38064684979617602 0.40955574363470082 0.4129815149066470
0.66798956296406686 0.35588920302689075 0.40955574363470082 0.4129815149066470
0.66798956296406686 0.38064684979617602 0.10997849255800247 0.4129815149066470
0.66798956296406686 0.38064684979617602 0.40955574363470082 0.2940372511585890
0.69956848328001797 0.35588920302689075 0.10997849255800247 0.2940372511585890
0.5624163813889026 0.25574712753295903 0.36688115783035757 0.3822427546278000
0.57207214059308165 0.25574712753295903 0.36688115783035757 0.3822427546278000
0.5624163813889026 0.44358951114118106 0.36688115783035757 0.3822427546278000
0.5624163813889026 0.25574712753295903 0.32275735288858415 0.3822427546278000
0.5624163813889026 0.25574712753295903 0.36688115783035757 0.3559980523040520
0.57207214059308165 0.44358951114118106 0.32275735288858415 0.3559980523040520
0.29047610471025104 0.31424627229571345 0.18949836902320386 0.2888630349072850
0.056793434033170345 0.31424627229571345 0.18949836902320386 0.2888630349072850
0.29047610471025104 0.2405016552656889 0.18949836902320386 0.2888630349072850
0.29047610471025104 0.31424627229571345 0.18182310946285726 0.2888630349072850
0.29047610471025104 0.31424627229571345 0.18949836902320386 0.2502573282481890
0.056793434033170345 0.2405016552656889 0.18182310946285726 0.2502573282481890
0.084420405980199564 0.16284139417111876 0.47810821868479259 0.4398875443679400
0.22738171606324609 0.16284139417111876 0.47810821868479259 0.4398875443679400
0.084420405980199564 0.13945118784904481 0.47810821868479259 0.4398875443679400
0.084420405980199564 0.16284139417111876 0.47582658380270004 0.4398875443679400
0.084420405980199564 0.16284139417111876 0.47810821868479259 0.1392014007284790
0.22738171606324609 0.13945118784904481 0.47582658380270004 0.1392014007284790
0.44335302766412488 0.4039331648498774 0.25385681651532654 0.2080502842088930
0.40274350550025695 0.4039331648498774 0.25385681651532654 0.2080502842088930
0.44335302766412488 0.34249155074357984 0.25385681651532654 0.2080502842088930
0.44335302766412488 0.4039331648498774 0.21607723422348502 0.2080502842088930
0.44335302766412488 0.4039331648498774 0.25385681651532654 0.4998243389966190
0.40274350550025695 0.34249155074357984 0.21607723422348502 0.4998243389966190
0.40950109255500133 0.20512768849730492 0.46059958375990395 0.3363058424355280
0.32098698047921059 0.20512768849730492 0.46059958375990395 0.3363058424355280
0.40950109255500133 0.38347629383206372 0.46059958375990395 0.3363058424355280
0.40950109255500133 0.20512768849730492 0.33169976808130741 0.3363058424355280
0.40950109255500133 0.20512768849730492 0.46059958375990395 0.3718229863728780
0.32098698047921059 0.38347629383206372 0.33169976808130741 0.3718229863728780
0.11842859289608895 0.36559813320636747 0.28321543894708157 0.3504077555082590
0.47032779720611861 0.36559813320636747 0.28321543894708157 0.3504077555082590
0.11842859289608895 0.18654021248221397 0.28321543894708157 0.3504077555082590
0.11842859289608895 0.36559813320636747 0.17268537878990176 0.3504077555082590
0.11842859289608895 0.36559813320636747 0.28321543894708157 0.2453198345787990
0.47032779720611861 0.18654021248221397 0.17268537878990176 0.2453198345787990
0.23734314437024295 0.11378435529768467 0.39682726748287678 0.1380881555202830
0.62632627668790519 0.11378435529768467 0.39682726748287678 0.1380881555202830
0.23734314437024295 0.28705358095467093 0.39682726748287678 0.1380881555202830
0.23734314437024295 0.11378435529768467 0.46620057262480263 0.1380881555202830
0.23734314437024295 0.11378435529768467 0.39682726748287678 0.1980747368087220
0.62632627668790519 0.28705358095467093 0.46620057262480263 0.1980747368087220
0.61538813323713837 0.45372262559831145 0.17257412187755108 0.4631827183654860
0.16626791656017303 0.45372262559831145 0.17257412187755108 0.4631827183654860
0.61538813323713837 0.48393949903547762 0.17257412187755108 0.4631827183654860
0.61538813323713837 0.45372262559831145 0.22589855492115021 0.4631827183654860
0.61538813323713837 0.45372262559831145 0.17257412187755108 0.4691102952645780
0.16626791656017303 0.48393949903547762 0.22589855492115021 0.4691102952645780
0.62916081463918083 0.17862148731946947 0.20411893501877787 0.4870504370740320
0.13001441187225282 0.17862148731946947 0.20411893501877787 0.4870504370740320
0.62916081463918083 0.32125211469829085 0.20411893501877787 0.4870504370740320
0.62916081463918083 0.17862148731946947 0.43809377849102027 0.4870504370740320
0.62916081463918083 0.17862148731946947 0.20411893501877787 0.0657357494130433
0.13001441187225282 0.32125211469829085 0.43809377849102027 0.0657357494130433
0.34322626646608106 0.43888472989201543 0.4268096461892128 0.0559905944833538
0.57989195529371496 0.43888472989201543 0.4268096461892128 0.0559905944833538
0.34322626646608106 0.12436247728765011 0.4268096461892128 0.0559905944833538
0.34322626646608106 0.43888472989201543 0.25417627133429055 0.0559905944833538
0.34322626646608106 0.43888472989201543 0.4268096461892128 0.4584837958473620
0.57989195529371496 0.12436247728765011 0.25417627133429055 0.4584837958473620
0.13196322992444037 0.29030254296958447 0.13995570167899132 0.4005087650977250
0.43532894039526576 0.29030254296958447 0.13995570167899132 0.4005087650977250
0.13196322992444037 0.22385196834802629 0.13995570167899132 0.4005087650977250
0.13196322992444037 0.29030254296958447 0.36009953022003172 0.4005087650977250
0.13196322992444037 0.29030254296958447 0.13995570167899132 0.3918025590942440
0.43532894039526576 0.22385196834802629 0.36009953022003172 0.3918025590942440
0.51498748371377578 0.33042404241859913 0.31577723324298856 0.2497843761835310
0.27585690044797956 0.33042404241859913 0.31577723324298856 0.2497843761835310
0.51498748371377578 0.42078604698181155 0.31577723324298856 0.2497843761835310
0.51498748371377578 0.33042404241859913 0.14489594437181952 0.2497843761835310
0.51498748371377578 0.33042404241859913 0.31577723324298856 0.3272713756930610
0.27585690044797956 0.42078604698181155 0.14489594437181952 0.3272713756930610
0.49745246348902578 0.197637639939785 0.42489122636616228 0.1936690342044310
0.54224795456975694 0.197637639939785 0.42489122636616228 0.1936690342044310
0.49745246348902578 0.47849364131689076 0.42489122636616228 0.1936690342044310
0.49745246348902578 0.197637639939785 0.388161676004529 0.1936690342044310
0.49745246348902578 0.197637639939785 0.42489122636616228 0.2320181043095390
0.54224795456975694 0.47849364131689076 0.388161676004529 0.2320181043095390
0.14997553024441002 0.43251620605587959 0.24436366669833662 0.4315167147798030
0.087927206745371217 0.43251620605587959 0.24436366669833662 0.4315167147798030
0.14997553024441002 0.27530584037303929 0.24436366669833662 0.4315167147798030
0.14997553024441002 0.43251620605587959 0.10410837680101395 0.4315167147798030
0.14997553024441002 0.43251620605587959 0.24436366669833662 0.3687795863214540
0.087927206745371217 0.27530584037303929 0.10410837680101395 0.3687795863214540
0.34552784152328964 0.28421937040984635 0.33260885514318944 0.2832380199516270
0.23693342120386657 0.28421937040984635 0.33260885514318944 0.2832380199516270
0.34552784152328964 0.1764068525284529 0.33260885514318944 0.2832380199516270
0.34552784152328964 0.28421937040984635 0.41012929268181331 0.2832380199516270
0.34552784152328964 0.28421937040984635 0.33260885514318944 0.4755008688675750
0.23693342120386657 0.1764068525284529 0.41012929268181331 0.4755008688675750
0.62638443903997532 0.34895647950470449 0.11145029626786709 0.3795029877153440
0.39196225674822921 0.34895647950470449 0.11145029626786709 0.3795029877153440
0.62638443903997532 0.37954105697572238 0.11145029626786709 0.3795029877153440
0.62638443903997532 0.34895647950470449 0.29486618489027028 0.3795029877153440
0.62638443903997532 0.34895647950470449 0.11145029626786709 0.2029805287200760
0.39196225674822921 0.37954105697572238 0.29486618489027028 0.2029805287200760
0.60277289529331024 0.22405828461050989 0.26799525842070582 0.4154545186322140
0.50933171664364629 0.22405828461050989 0.26799525842070582 0.4154545186322140
0.60277289529331024 0.41685386188328266 0.26799525842070582 0.4154545186322140
0.60277289529331024 0.22405828461050989 0.48166849464178085 0.4154545186322140
0.60277289529331024 0.22405828461050989 0.26799525842070582 0.4516693329527310
0.50933171664364629 0.41685386188328266 0.48166849464178085 0.4516693329527310
0.25011835708282887 0.3591198533773422 0.48759120404720313 0.2391739874908370
0.36443441426381462 0.3591198533773422 0.48759120404720313 0.2391739874908370
0.25011835708282887 0.2137155566364527 0.48759120404720313 0.2391739874908370
0.25011835708282887 0.3591198533773422 0.22271665520966055 0.2391739874908370
0.25011835708282887 0.3591198533773422 0.48759120404720313 0.0589888493612627
0.36443441426381462 0.2137155566364527 0.22271665520966055 0.0589888493612627
0.12596725556068122 0.10781112946569921 0.17610380426049232 0.4841221037413620
0.20399241559207437 0.10781112946569921 0.17610380426049232 0.4841221037413620
0.12596725556068122 0.11261778846383096 0.17610380426049232 0.4841221037413620
0.12596725556068122 0.10781112946569921 0.31613419204950333 0.4841221037413620
0.12596725556068122 0.10781112946569921 0.17610380426049232 0.3374995485496280
0.20399241559207437 0.11261778846383096 0.31613419204950333 0.3374995485496280
0.40180493467487388 0.47234042845666413 0.35506892949342728 0.0986800796554846
0.66849429006688288 0.47234042845666413 0.35506892949342728 0.0986800796554846
0.40180493467487388 0.31580320522189143 0.35506892949342728 0.0986800796554846
0.40180493467487388 0.47234042845666413 0.17596493847668171 0.0986800796554846
0.40180493467487388 0.47234042845666413 0.35506892949342728 0.3946282422407300
0.66849429006688288 0.31580320522189143 0.17596493847668171 0.3946282422407300
0.45105026550590988 0.27422006726264958 0.16172623708844186 0.2612049912045270
0.10015023821033536 0.27422006726264958 0.16172623708844186 0.2612049912045270
0.45105026550590988 0.35664146244525907 0.16172623708844186 0.2612049912045270
0.45105026550590988 0.27422006726264958 0.47283746637403967 0.2612049912045270
0.45105026550590988 0.27422006726264958 0.16172623708844186 0.4491050224713870
0.10015023821033536 0.35664146244525907 0.47283746637403967 0.4491050224713870
0.076883133221417668 0.30812799260020257 0.38132087439298634 0.4091422893040810
0.61098574036732312 0.30812799260020257 0.38132087439298634 0.4091422893040810
0.076883133221417668 0.15985329598188402 0.38132087439298634 0.4091422893040810
0.076883133221417668 0.30812799260020257 0.23174299299716949 0.4091422893040810
0.076883133221417668 0.30812799260020257 0.38132087439298634 0.0925934130455702
0.61098574036732312 0.15985329598188402 0.23174299299716949 0.0925934130455702
0.27770229158923027 0.1564103212207556 0.2948346428573132 0.0640501924340253
0.4448406675830483 0.1564103212207556 0.2948346428573132 0.0640501924340253
0.27770229158923027 0.26031631194055083 0.2948346428573132 0.0640501924340253
0.27770229158923027 0.1564103212207556 0.32584412433207033 0.0640501924340253
0.27770229158923027 0.1564103212207556 0.2948346428573132 0.2823952331877410
0.4448406675830483 0.26031631194055083 0.32584412433207033 0.2823952331877410
0.57503270898014303 0.42291115857660777 0.47379807233810423 0.4884239211220020
0.26503567374311388 0.42291115857660777 0.47379807233810423 0.4884239211220020
0.57503270898014303 0.4571550231426954 0.47379807233810423 0.4884239211220020
0.57503270898014303 0.42291115857660777 0.16605969071388244 0.4884239211220020
0.57503270898014303 0.42291115857660777 0.47379807233810423 0.4242693555193720
0.26503567374311388 0.4571550231426954 0.16605969071388244 0.4242693555193720
0.67076701852492981 0.14781154766678811 0.30612336136400697 0.4616527204799420
0.31145542412996285 0.14781154766678811 0.30612336136400697 0.4616527204799420
0.67076701852492981 0.34485513903200626 0.30612336136400697 0.4616527204799420
0.67076701852492981 0.14781154766678811 0.35423146486282353 0.4616527204799420
0.67076701852492981 0.14781154766678811 0.30612336136400697 0.2629556060844930
0.31145542412996285 0.34485513903200626 0.35423146486282353 0.2629556060844930
0.30161881917156275 0.48151222020387652 0.12559754513204099 0.1313025850750470
0.48108952674083405 0.48151222020387652 0.12559754513204099 0.1313025850750470
0.30161881917156275 0.14801900275051594 0.12559754513204099 0.1313025850750470
0.30161881917156275 0.48151222020387652 0.13823389746248724 0.1313025850750470
0.30161881917156275 0.48151222020387652 0.12559754513204099 0.3591530570493980
0.48108952674083405 0.14801900275051594 0.13823389746248724 0.3591530570493980
0.17222071667201816 0.23283087499439717 0.43884161300957203 0.3399310906960780
0.65613100645132361 0.23283087499439717 0.43884161300957203 0.3399310906960780
0.17222071667201816 0.24755274578928949 0.43884161300957203 0.3399310906960780
0.17222071667201816 0.23283087499439717 0.44474309384822852 0.3399310906960780
0.17222071667201816 0.23283087499439717 0.43884161300957203 0.4940085569094980
0.65613100645132361 0.24755274578928949 0.44474309384822852 0.4940085569094980
0.47472876324318342 0.39951489679515362 0.21768441013991835 0.3271303789292910
0.13515436528250574 0.39951489679515362 0.21768441013991835 0.3271303789292910
0.47472876324318342 0.44434482231736183 0.21768441013991835 0.3271303789292910
0.47472876324318342 0.39951489679515362 0.26005706824362279 0.3271303789292910
0.47472876324318342 0.39951489679515362 0.21768441013991835 0.1334995149838230
0.13515436528250574 0.44434482231736183 0.26005706824362279 0.1334995149838230
0.47750888965092592 0.24423830136656763 0.39006575010716915 0.4756430956673870
0.41006297408603126 0.24423830136656763 0.39006575010716915 0.4756430956673870
0.47750888965092592 0.12825129590928555 0.39006575010716915 0.4756430956673870
0.47750888965092592 0.24423830136656763 0.12385583706200123 0.4756430956673870
0.47750888965092592 0.24423830136656763 0.39006575010716915 0.4875452397492930
0.41006297408603126 0.12825129590928555 0.12385583706200123 0.4875452397492930
0.21054290425963695 0.38576371967792511 0.16591171957552434 0.1223394501315130
0.22010226901620622 0.38576371967792511 0.16591171957552434 0.1223394501315130
0.21054290425963695 0.32516363076865673 0.16591171957552434 0.1223394501315130
0.21054290425963695 0.38576371967792511 0.38365476578474045 0.1223394501315130
0.21054290425963695 0.38576371967792511 0.16591171957552434 0.1519931399099520
0.22010226901620622 0.32516363076865673 0.38365476578474045 0.1519931399099520
0.32423023791052397 0.13717317022383213 0.4540332894772291 0.4254987818336970
0.064113521296530959 0.13717317022383213 0.4540332894772291 0.4254987818336970
0.32423023791052397 0.42626141011714935 0.4540332894772291 0.4254987818336970
0.32423023791052397 0.13717317022383213 0.27707194574177263 0.4254987818336970
0.32423023791052397 0.13717317022383213 0.4540332894772291 0.2740543139136330
0.064113521296530959 0.42626141011714935 0.27707194574177263 0.2740543139136330
0.68830576534382992 0.49605684839189057 0.27674843855202202 0.2205870175387110
0.56479207486845551 0.49605684839189057 0.27674843855202202 0.2205870175387110
0.68830576534382992 0.22930196374654771 0.27674843855202202 0.2205870175387110
0.68830576534382992 0.49605684839189057 0.41815192252397537 0.2205870175387110
0.68830576534382992 0.49605684839189057 0.27674843855202202 0.3504204233574300
0.56479207486845551 0.22930196374654771 0.41815192252397537 0.3504204233574300
0.54210510905832043 0.17075973004102707 0.14657071083784104 0.2992204668643540
0.68213178133592001 0.17075973004102707 0.14657071083784104 0.2992204668643540
0.54210510905832043 0.16700141355395318 0.14657071083784104 0.2992204668643540
0.54210510905832043 0.17075973004102707 0.20534939914941788 0.2992204668643540
0.54210510905832043 0.17075973004102707 0.14657071083784104 0.3006238670573440
0.68213178133592001 0.16700141355395318 0.20534939914941788 0.3006238670573440
0.27015986358746885 0.41246799901127817 0.32229317501187327 0.3679622182268940
0.19162443135865032 0.41246799901127817 0.32229317501187327 0.3679622182268940
0.27015986358746885 0.36396476998925209 0.32229317501187327 0.3679622182268940
0.27015986358746885 0.41246799901127817 0.49004534371197228 0.3679622182268940
0.27015986358746885 0.41246799901127817 0.32229317501187327 0.4120548012942860
0.19162443135865032 0.36396476998925209 0.49004534371197228 0.4120548012942860
0.06410420844331384 0.26066410951316354 0.21092934608459474 0.1740719741066520
0.33619723613373931 0.26066410951316354 0.21092934608459474 0.1740719741066520
0.06410420844331384 0.46286374665796759 0.21092934608459474 0.1740719741066520
0.06410420844331384 0.26066410951316354 0.19606666415929797 0.1740719741066520
0.06410420844331384 0.26066410951316354 0.21092934608459474 0.4365297393852460
0.33619723613373931 0.46286374665796759 0.19606666415929797 0.4365297393852460
0.42304177954792971 0.31934020109474659 0.43352081105113027 0.4416173144186880
0.53629938773810859 0.31934020109474659 0.43352081105113027 0.4416173144186880
0.42304177954792971 0.26595398671925069 0.43352081105113027 0.4416173144186880
0.42304177954792971 0.31934020109474659 0.31205431409180162 0.4416173144186880
0.42304177954792971 0.31934020109474659 0.43352081105113027 0.1245803946970790
0.53629938773810859 0.26595398671925069 0.31205431409180162 0.1245803946970790
0.38919228524900967 0.12136699929833412 0.22780325114727021 0.3527081285778050
0.29329255754128097 0.12136699929833412 0.22780325114727021 0.3527081285778050
0.38919228524900967 0.20689067654311658 0.22780325114727021 0.3527081285778050
0.38919228524900967 0.12136699929833412 0.24016919471323492 0.3527081285778050
0.38919228524900967 0.12136699929833412 0.22780325114727021 0.3192444371798260
0.29329255754128097 0.20689067654311658 0.24016919471323492 0.3192444371798260
0.098114836169406777 0.46112830787897108 0.40352741107344625 0.3126348048543970
0.4178533392492681 0.46112830787897108 0.40352741107344625 0.3126348048543970
0.098114836169406777 0.41000084839761264 0.40352741107344625 0.3126348048543970
0.098114836169406777 0.46112830787897108 0.45542085766792295 0.3126348048543970
0.098114836169406777 0.46112830787897108 0.40352741107344625 0.4090253032775540
0.4178533392492681 0.41000084839761264 0.45542085766792295 0.4090253032775540
0.21702942154370247 0.20970897562801838 0.11716174632310868 0.4524138005725570
0.59732823348604136 0.20970897562801838 0.11716174632310868 0.4524138005725570
0.21702942154370247 0.310467092692852 0.11716174632310868 0.4524138005725570
0.21702942154370247 0.20970897562801838 0.16193046011030676 0.4524138005725570
0.21702942154370247 0.20970897562801838 0.11716174632310868 0.4623687669640210
0.59732823348604136 0.310467092692852 0.16193046011030676 0.4623687669640210
0.59507937920279796 0.36956291310489175 0.33975451961159708 0.1532991892288050
0.11253818962723017 0.36956291310489175 0.33975451961159708 0.1532991892288050
0.59507937920279796 0.107400980591774 0.33975451961159708 0.1532991892288050
0.59507937920279796 0.36956291310489175 0.34599520266056061 0.1532991892288050
0.59507937920279796 0.36956291310489175 0.33975451961159708 0.0259438032967286
0.11253818962723017 0.107400980591774 0.34599520266056061 0.0259438032967286
0.64947457620874038 0.2948578357696533 0.48379637114703655 0.0375383095982891
0.15894802543334663 0.2948578357696533 0.48379637114703655 0.0375383095982891
0.64947457620874038 0.29471292868256571 0.48379637114703655 0.0375383095982891
0.64947457620874038 0.2948578357696533 0.13377481400966645 0.0375383095982891
0.64947457620874038 0.2948578357696533 0.48379637114703655 0.4811526721905670
0.15894802543334663 0.29471292868256571 0.13377481400966645 0.4811526721905670
0.36353505924344059 0.33441176339983941 0.25964098460972307 0.4966188048746690
0.63360684365034103 0.33441176339983941 0.25964098460972307 0.4966188048746690
0.36353505924344059 0.49777665659785275 0.25964098460972307 0.4966188048746690
0.36353505924344059 0.33441176339983941 0.37393109835684302 0.4966188048746690
0.36353505924344059 0.33441176339983941 0.25964098460972307 0.1894053198655980
0.63360684365034103 0.49777665659785275 0.37393109835684302 0.1894053198655980
0.15227199848741291 0.18623011372983456 0.37276453338563442 0.2781759422963860
0.46300852475687854 0.18623011372983456 0.37276453338563442 0.2781759422963860
0.15227199848741291 0.39731365330517299 0.37276453338563442 0.2781759422963860
0.15227199848741291 0.18623011372983456 0.26803187131881712 0.2781759422963860
0.15227199848741291 0.18623011372983456 0.37276453338563442 0.2170097305898290
0.46300852475687854 0.39731365330517299 0.26803187131881712 0.2170097305898290
0.53530120169743889 0.44626748301088814 0.19547793902456762 0.3986860042804690
0.32826692876406011 0.44626748301088814 0.19547793902456762 0.3986860042804690
0.53530120169743889 0.19419938065111639 0.19547793902456762 0.3986860042804690
0.53530120169743889 0.44626748301088814 0.42699668146669867 0.3986860042804690
0.53530120169743889 0.44626748301088814 0.19547793902456762 0.3786612666180960
0.32826692876406011 0.19419938065111639 0.42699668146669867 0.3786612666180960
