0.53135312641970811 0.22050039172172547 0.21547063104808331 0.4790277759354280
0.30082519506104288 0.22050039172172547 0.21547063104808331 0.4790277759354280
0.53135312641970811 0.49337759912014012 0.21547063104808331 0.4790277759354280
0.53135312641970811 0.22050039172172547 0.24085138328373434 0.4790277759354280
0.53135312641970811 0.22050039172172547 0.21547063104808331 0.0951065886423171
0.30082519506104288 0.49337759912014012 0.24085138328373434 0.0951065886423171
0.15904052318073808 0.3619952969253063 0.44128465540707118 0.0832150144005810
0.49171821093186729 0.3619952969253063 0.44128465540707118 0.0832150144005810
0.15904052318073808 0.29031072705984118 0.44128465540707118 0.0832150144005810
0.15904052318073808 0.3619952969253063 0.45141835957765586 0.0832150144005810
0.15904052318073808 0.3619952969253063 0.44128465540707118 0.4458326853950290
0.49171821093186729 0.29031072705984118 0.45141835957765586 0.4458326853950290
0.3592349116224795 0.11018514297902585 0.12943254671990873 0.4115219140447700
0.64549519233405583 0.11018514297902585 0.12943254671990873 0.4115219140447700
0.3592349116224795 0.18921447359025478 0.12943254671990873 0.4115219140447700
0.3592349116224795 0.11018514297902585 0.15656077452003958 0.4115219140447700
0.3592349116224795 0.11018514297902585 0.12943254671990873 0.4201719636499590
0.64549519233405583 0.18921447359025478 0.15656077452003958 0.4201719636499590
0.6560398404952138 0.4690871272236109 0.30212776102125649 0.2326393255584030
0.14578862483613192 0.4690871272236109 0.30212776102125649 0.2326393255584030
0.6560398404952138 0.39232540540397165 0.30212776102125649 0.2326393255584030
0.6560398404952138 0.4690871272236109 0.34843520373106007 0.2326393255584030
0.6560398404952138 0.4690871272236109 0.30212776102125649 0.2847644123346490
0.14578862483613192 0.39232540540397165 0.34843520373106007 0.2847644123346490
0.58855011686682701 0.19379611387848855 0.47117193043231964 0.2931508957694570
0.11078000720590353 0.19379611387848855 0.47117193043231964 0.2931508957694570
0.58855011686682701 0.40502814389765263 0.47117193043231964 0.2931508957694570
0.58855011686682701 0.19379611387848855 0.13446005433797836 0.2931508957694570
0.58855011686682701 0.19379611387848855 0.47117193043231964 0.3611911809231390
0.11078000720590353 0.40502814389765263 0.13446005433797836 0.3611911809231390
0.221375469956547 0.43547386676073074 0.29691413864493371 0.3868558017733070
0.60035504638217385 0.43547386676073074 0.29691413864493371 0.3868558017733070
0.221375469956547 0.20191463716328145 0.29691413864493371 0.3868558017733070
0.221375469956547 0.43547386676073074 0.36992554850876336 0.3868558017733070
0.221375469956547 0.43547386676073074 0.29691413864493371 0.2560305095225060
0.60035504638217385 0.20191463716328145 0.36992554850876336 0.2560305095225060
0.091312769707292324 0.28690178878605366 0.38552398830652235 0.2012532427718850
0.45547477216459803 0.28690178878605366 0.38552398830652235 0.2012532427718850
0.091312769707292324 0.10301413461565972 0.38552398830652235 0.2012532427718850
0.091312769707292324 0.28690178878605366 0.26265913397073748 0.2012532427718850
0.091312769707292324 0.28690178878605366 0.38552398830652235 0.1256534171870970
0.45547477216459803 0.10301413461565972 0.26265913397073748 0.1256534171870970
0.39309695865958921 0.34559618942439557 0.1581475891172886 0.4352206367402590
0.25440063448622818 0.34559618942439557 0.1581475891172886 0.4352206367402590
0.39309695865958921 0.30607709661126137 0.1581475891172886 0.4352206367402590
0.39309695865958921 0.34559618942439557 0.42943973429501059 0.4352206367402590
0.39309695865958921 0.34559618942439557 0.1581475891172886 0.4947003155999420
0.25440063448622818 0.30607709661126137 0.42943973429501059 0.4947003155999420
0.41655466598458579 0.14512970298528671 0.35240256637334821 0.3449197486228020
0.49901297539472572 0.14512970298528671 0.35240256637334821 0.3449197486228020
0.41655466598458579 0.37147661894559858 0.35240256637334821 0.3449197486228020
0.41655466598458579 0.14512970298528671 0.12004888691008092 0.3449197486228020
0.41655466598458579 0.14512970298528671 0.35240256637334821 0.3638622902159440
0.49901297539472572 0.37147661894559858 0.12004888691008092 0.3638622902159440
0.068333733594045043 0.48487269952893264 0.17814341261982919 0.3324203797698840
0.37474974128417665 0.48487269952893264 0.17814341261982919 0.3324203797698840
0.068333733594045043 0.1745164066553116 0.17814341261982919 0.3324203797698840
0.068333733594045043 0.48487269952893264 0.38453202545642851 0.3324203797698840
0.068333733594045043 0.48487269952893264 0.17814341261982919 0.2347123191991040
0.37474974128417665 0.1745164066553116 0.38453202545642851 0.2347123191991040
0.26332062925212085 0.23667297177016736 0.49175524115562441 0.4671969830897920
0.19367801961489017 0.23667297177016736 0.49175524115562441 0.4671969830897920
0.26332062925212085 0.27405168823897841 0.49175524115562441 0.4671969830897920
0.26332062925212085 0.23667297177016736 0.27931639291346078 0.4671969830897920
0.26332062925212085 0.23667297177016736 0.49175524115562441 0.2049000467186970
0.19367801961489017 0.27405168823897841 0.27931639291346078 0.2049000467186970
0.54613124788738787 0.39655742831528185 0.26437710449099538 0.1458229317298240
0.67880528150126329 0.39655742831528185 0.26437710449099538 0.1458229317298240
0.54613124788738787 0.47096478901803496 0.26437710449099538 0.1458229317298240
0.54613124788738787 0.39655742831528185 0.41258715987205508 0.1458229317298240
0.54613124788738787 0.39655742831528185 0.26437710449099538 0.4725432362306160
0.67880528150126329 0.47096478901803496 0.41258715987205508 0.4725432362306160
0.68431551223620768 0.27184624895453458 0.10920316241681577 0.0541423088869491
0.55256374650634821 0.27184624895453458 0.10920316241681577 0.0541423088869491
0.68431551223620768 0.33327354080975058 0.10920316241681577 0.0541423088869491
0.68431551223620768 0.27184624895453458 0.20153939723968506 0.0541423088869491
0.68431551223620768 0.27184624895453458 0.10920316241681577 0.0497533992176023
0.55256374650634821 0.33327354080975058 0.20153939723968506 0.0497533992176023
0.33111533429473633 0.31138186156749725 0.33501887656748297 0.4854146286915370
0.077607380691915751 0.31138186156749725 0.33501887656748297 0.4854146286915370
0.33111533429473633 0.13636454083025457 0.33501887656748297 0.4854146286915370
0.33111533429473633 0.31138186156749725 0.49092565514147279 0.4854146286915370
0.33111533429473633 0.31138186156749725 0.33501887656748297 0.4524720961915000
0.077607380691915751 0.13636454083025457 0.49092565514147279 0.4524720961915000
0.20627995356917378 0.15996840037405491 0.24816493205726148 0.2508479956951760
0.2472436377778649 0.15996840037405491 0.24816493205726148 0.2508479956951760
0.20627995356917378 0.2368260182440281 0.24816493205726148 0.2508479956951760
0.20627995356917378 0.15996840037405491 0.19831416308879854 0.2508479956951760
0.20627995356917378 0.15996840037405491 0.24816493205726148 0.3964356926476680
0.2472436377778649 0.2368260182440281 0.19831416308879854 0.3964356926476680
0.48395264009013766 0.42003629170358181 0.42086146064102647 0.4024508840353250
0.38164801574312146 0.42003629170358181 0.42086146064102647 0.4024508840353250
0.48395264009013766 0.4337886147201061 0.42086146064102647 0.4024508840353250
0.48395264009013766 0.42003629170358181 0.30648649968206887 0.4024508840353250
0.48395264009013766 0.42003629170358181 0.42086146064102647 0.3319222682126710
0.38164801574312146 0.4337886147201061 0.30648649968206887 0.3319222682126710
0.47133985506370657 0.17374409213662148 0.19949206449091436 0.1817064539250730
0.16894767796620724 0.17374409213662148 0.19949206449091436 0.1817064539250730
0.47133985506370657 0.14361669234931471 0.19949206449091436 0.1817064539250730
0.47133985506370657 0.17374409213662148 0.47039770670235159 0.1817064539250730
0.47133985506370657 0.17374409213662148 0.19949206449091436 0.4052651450392330
0.16894767796620724 0.14361669234931471 0.47039770670235159 0.4052651450392330
0.17842766977846619 0.40860434919595723 0.36898424886167047 0.4450436288613590
0.62360564623959358 0.40860434919595723 0.36898424886167047 0.4450436288613590
0.17842766977846619 0.34045616947114465 0.36898424886167047 0.4450436288613590
0.17842766977846619 0.40860434919595723 0.23711244314908983 0.4450436288613590
0.17842766977846619 0.40860434919595723 0.36898424886167047 0.3206487034732840
0.62360564623959358 0.34045616947114465 0.23711244314908983 0.3206487034732840
0.29802653435617682 0.2572771180421114 0.25720387883484364 0.3084707307564170
0.47300259466283018 0.2572771180421114 0.25720387883484364 0.3084707307564170
0.29802653435617682 0.43935668319463728 0.25720387883484364 0.3084707307564170
0.29802653435617682 0.2572771180421114 0.32984638698399071 0.3084707307564170
0.29802653435617682 0.2572771180421114 0.25720387883484364 0.0302809067259734
0.47300259466283018 0.43935668319463728 0.32984638698399071 0.0302809067259734
0.67662186054512852 0.32204474322497845 0.48607745580375195 0.3754032233860730
0.31827130429446693 0.32204474322497845 0.48607745580375195 0.3754032233860730
0.67662186054512852 0.24256775081157686 0.48607745580375195 0.3754032233860730
0.67662186054512852 0.32204474322497845 0.16537774354219437 0.3754032233860730
0.67662186054512852 0.32204474322497845 0.48607745580375195 0.4588034277100540
0.31827130429446693 0.24256775081157686 0.16537774354219437 0.4588034277100540
0.56922124945558605 0.24714044332504273 0.34340052083134653 0.4215402699762270
0.28329244493506844 0.24714044332504273 0.34340052083134653 0.4215402699762270
0.56922124945558605 0.15487736240029337 0.34340052083134653 0.4215402699762270
0.56922124945558605 0.24714044332504273 0.35178865343332288 0.4215402699762270
0.56922124945558605 0.24714044332504273 0.34340052083134653 0.1810350787096400
0.28329244493506844 0.15487736240029337 0.35178865343332288 0.1810350787096400
0.28132798257283864 0.38218370601534846 0.11296452134847641 0.2134310959731560
0.42785252686589947 0.38218370601534846 0.11296452134847641 0.2134310959731560
0.28132798257283864 0.35166867896914489 0.11296452134847641 0.2134310959731560
0.28132798257283864 0.38218370601534846 0.14360639937222006 0.2134310959731560
0.28132798257283864 0.38218370601534846 0.11296452134847641 0.4824829610804920
0.42785252686589947 0.35166867896914489 0.14360639937222006 0.4824829610804920
0.070630337437614793 0.13389317058026792 0.40150268003344536 0.4702451344623760
0.58733245404437184 0.13389317058026792 0.40150268003344536 0.4702451344623760
0.070630337437614793 0.45276492126286028 0.40150268003344536 0.4702451344623760
0.070630337437614793 0.13389317058026792 0.44874840825796125 0.4702451344623760
0.070630337437614793 0.13389317058026792 0.40150268003344536 0.3796946842292720
0.58733245404437184 0.45276492126286028 0.44874840825796125 0.3796946842292720
0.45440326859243207 0.4984529826790095 0.23044787049293519 0.1073016817795540
0.12253303439356386 0.4984529826790095 0.23044787049293519 0.1073016817795540
0.45440326859243207 0.25592954494059084 0.23044787049293519 0.1073016817795540
0.45440326859243207 0.4984529826790095 0.25937206931412221 0.1073016817795540
0.45440326859243207 0.4984529826790095 0.23044787049293519 0.2106215018774780
0.12253303439356386 0.25592954494059084 0.25937206931412221 0.2106215018774780
0.39587691072374576 0.29813841208815572 0.43713264688849451 0.2680356005871420
0.69180815848521882 0.29813841208815572 0.43713264688849451 0.2680356005871420
0.39587691072374576 0.22123066149652004 0.43713264688849451 0.2680356005871420
0.39587691072374576 0.29813841208815572 0.39372667409479623 0.2680356005871420
0.39587691072374576 0.29813841208815572 0.43713264688849451 0.1553049102052040
0.69180815848521882 0.22123066149652004 0.39372667409479623 0.1553049102052040
0.1296351316384971 0.33201581537723546 0.2066983848810196 0.3915769103588780
0.18194463998079297 0.33201581537723546 0.2066983848810196 0.3915769103588780
0.1296351316384971 0.42436562590301041 0.2066983848810196 0.3915769103588780
0.1296351316384971 0.33201581537723546 0.10186368823051453 0.3915769103588780
0.1296351316384971 0.33201581537723546 0.2066983848810196 0.4842995696409920
0.18194463998079297 0.42436562590301041 0.10186368823051453 0.4842995696409920
0.24398706303909418 0.18332853950560093 0.32023542299866681 0.0266055804082171
0.34587795613333577 0.18332853950560093 0.32023542299866681 0.0266055804082171
0.24398706303909418 0.32390413582324984 0.32023542299866681 0.0266055804082171
0.24398706303909418 0.18332853950560093 0.40925179161131386 0.0266055804082171
0.24398706303909418 0.18332853950560093 0.32023542299866681 0.3458626278801380
0.34587795613333577 0.32390413582324984 0.40925179161131386 0.3458626278801380
0.60608868934214111 0.44984769187867646 0.14918197542428971 0.4935830245832990
0.52661526319570839 0.44984769187867646 0.14918197542428971 0.4935830245832990
0.60608868934214111 0.12071557492017747 0.14918197542428971 0.4935830245832990
0.60608868934214111 0.44984769187867646 0.29867337048053744 0.4935830245832990
0.60608868934214111 0.44984769187867646 0.14918197542428971 0.2756676815943450
0.52661526319570839 0.12071557492017747 0.29867337048053744 0.2756676815943450
0.62311206622980531 0.12475418299436569 0.28072305805981157 0.4580082224805260
0.4003836476244032 0.12475418299436569 0.28072305805981157 0.4580082224805260
0.62311206622980531 0.28341898247599606 0.28072305805981157 0.4580082224805260
0.62311206622980531 0.12475418299436569 0.48723654448986053 0.4580082224805260
0.62311206622980531 0.12475418299436569 0.28072305805981157 0.4129911804787610
0.4003836476244032 0.28341898247599606 0.48723654448986053 0.4129911804787610
0.35169265796430405 0.45842433646321301 0.45021392814815042 0.1667664662480990
0.22977756136097011 0.45842433646321301 0.45021392814815042 0.1667664662480990
0.35169265796430405 0.48660363331437118 0.45021392814815042 0.1667664662480990
0.35169265796430405 0.45842433646321301 0.22046891488134862 0.1667664662480990
0.35169265796430405 0.45842433646321301 0.45021392814815042 0.2955176639609410
0.22977756136097011 0.48660363331437118 0.22046891488134862 0.2955176639609410
0.14626177274622021 0.20672480277717115 0.16343472637236117 0.3573090988128310
0.054428621893748641 0.20672480277717115 0.16343472637236117 0.3573090988128310
0.14626177274622021 0.38706836439669134 0.16343472637236117 0.3573090988128310
0.14626177274622021 0.20672480277717115 0.31525363922119143 0.3573090988128310
0.14626177274622021 0.20672480277717115 0.16343472637236117 0.1147878463140710
0.054428621893748641 0.38706836439669134 0.31525363922119143 0.1147878463140710
0.50334446611814199 0.37342713661491878 0.39230661354959018 0.3179320690680610
0.57447294984012842 0.37342713661491878 0.39230661354959018 0.3179320690680610
0.50334446611814199 0.18393082506954672 0.39230661354959018 0.3179320690680610
0.50334446611814199 0.37342713661491878 0.17977517582476141 0.3179320690680610
0.50334446611814199 0.37342713661491878 0.39230661354959018 0.4381083520275680
0.57447294984012842 0.18393082506954672 0.17977517582476141 0.4381083520275680
0.51104192188940933 0.10621383041143417 0.49827497974038126 0.1152614092506130
0.27251084507443007 0.10621383041143417 0.49827497974038126 0.1152614092506130
0.51104192188940933 0.11683831252157689 0.49827497974038126 0.1152614092506130
0.51104192188940933 0.10621383041143417 0.33726782090961938 0.1152614092506130
0.51104192188940933 0.10621383041143417 0.49827497974038126 0.4903414683465860
0.27251084507443007 0.11683831252157689 0.33726782090961938 0.4903414683465860
0.13872436922974885 0.46451160982251172 0.2709959462285042 0.4719766307574830
0.4374038857407867 0.46451160982251172 0.2709959462285042 0.4719766307574830
0.13872436922974885 0.31372499652206898 0.2709959462285042 0.4719766307574830
0.13872436922974885 0.46451160982251172 0.17043764144182205 0.4719766307574830
0.13872436922974885 0.46451160982251172 0.2709959462285042 0.1607198755333210
0.4374038857407867 0.31372499652206898 0.17043764144182205 0.1607198755333210
0.33891862691380076 0.21308827213943005 0.35911751613020904 0.2265496680154150
0.61846587564796207 0.21308827213943005 0.35911751613020904 0.2265496680154150
0.33891862691380076 0.41267586573958404 0.35911751613020904 0.2265496680154150
0.33891862691380076 0.21308827213943005 0.46532002277672291 0.2265496680154150
0.33891862691380076 0.21308827213943005 0.35911751613020904 0.2634026106228400
0.61846587564796207 0.41267586573958404 0.46532002277672291 0.2634026106228400
0.63572852457873519 0.35441832728683953 0.18495766818523407 0.4298942071054060
0.092708502104505902 0.35441832728683953 0.18495766818523407 0.4298942071054060
0.63572852457873519 0.21573901847004892 0.18495766818523407 0.4298942071054060
0.63572852457873519 0.35441832728683953 0.22970879524946214 0.4298942071054060
0.63572852457873519 0.35441832728683953 0.18495766818523407 0.3425780030328640
0.092708502104505902 0.21573901847004892 0.22970879524946214 0.3425780030328640
0.60886628534644838 0.27951250299811364 0.24149868525564672 0.3653376332528280
0.13787375353276729 0.27951250299811364 0.24149868525564672 0.3653376332528280
0.60886628534644838 0.17844223380088808 0.24149868525564672 0.3653376332528280
0.60886628534644838 0.27951250299811364 0.44365877956151967 0.3653376332528280
0.60886628534644838 0.27951250299811364 0.24149868525564672 0.3067441475683470
0.13787375353276729 0.17844223380088808 0.44365877956151967 0.3067441475683470
0.24168666964396834 0.33799333274364474 0.41409615837037561 0.2980320458815330
0.65345000769011674 0.33799333274364474 0.41409615837037561 0.2980320458815330
0.24168666964396834 0.3753755524754524 0.41409615837037561 0.2980320458815330
0.24168666964396834 0.33799333274364474 0.2519315857440233 0.2980320458815330
0.24168666964396834 0.33799333274364474 0.41409615837037561 0.4156110455949900
0.65345000769011674 0.3753755524754524 0.2519315857440233 0.4156110455949900
0.11162409046664834 0.18980195559561253 0.10273232944309713 0.4431119419192770
0.48380396072752768 0.18980195559561253 0.10273232944309713 0.4431119419192770
0.11162409046664834 0.47642754577100277 0.10273232944309713 0.4431119419192770
0.11162409046664834 0.18980195559561253 0.35922203212976456 0.4431119419192770
0.11162409046664834 0.18980195559561253 0.10273232944309713 0.4307558625795900
0.48380396072752768 0.47642754577100277 0.35922203212976456 0.4307558625795900
0.41341322883963577 0.43092424832284448 0.32844878546893597 0.1749424869512510
0.30877938931807869 0.43092424832284448 0.32844878546893597 0.1749424869512510
0.41341322883963577 0.27953866831958296 0.32844878546893597 0.1749424869512510
0.41341322883963577 0.43092424832284448 0.14870313294231893 0.1749424869512510
0.41341322883963577 0.43092424832284448 0.32844878546893597 0.1087627575221170
0.30877938931807869 0.27953866831958296 0.14870313294231893 0.1087627575221170
0.43686834038235239 0.22816674113273622 0.13521902151405812 0.3141121557606060
0.38956268969923252 0.22816674113273622 0.13521902151405812 0.3141121557606060
0.43686834038235239 0.24488861151039601 0.13521902151405812 0.3141121557606060
0.43686834038235239 0.22816674113273622 0.40180773176252849 0.3141121557606060
0.43686834038235239 0.22816674113273622 0.13521902151405812 0.3098852525641620
0.38956268969923252 0.24488861151039601 0.40180773176252849 0.3098852525641620
0.088642458571121102 0.38860667273402216 0.30781818442046643 0.3555374045446650
0.23928956217132508 0.38860667273402216 0.30781818442046643 0.3555374045446650
0.088642458571121102 0.4479794207960367 0.30781818442046643 0.3555374045446650
0.088642458571121102 0.38860667273402216 0.29358731806278227 0.3555374045446650
0.088642458571121102 0.38860667273402216 0.30781818442046643 0.4025405260246530
0.23928956217132508 0.4479794207960367 0.29358731806278227 0.4025405260246530
0.28362946561537677 0.14001860283315182 0.22145251967012883 0.1528977082236430
0.08552267574705183 0.14001860283315182 0.22145251967012883 0.1528977082236430
0.28362946561537677 0.34746452644467352 0.22145251967012883 0.1528977082236430
0.28362946561537677 0.14001860283315182 0.39882698394358163 0.1528977082236430
0.28362946561537677 0.14001860283315182 0.22145251967012883 0.4654451385173130
0.08552267574705183 0.34746452644467352 0.39882698394358163 0.4654451385173130
0.56644505304284387 0.47997517921030519 0.44717028997838504 0.4510408779074390
0.5446090498007834 0.47997517921030519 0.44717028997838504 0.4510408779074390
0.56644505304284387 0.14442693218588831 0.44717028997838504 0.4510408779074390
0.56644505304284387 0.47997517921030519 0.10929349064826965 0.4510408779074390
0.56644505304284387 0.47997517921030519 0.44717028997838504 0.0374383506173612
0.5446090498007834 0.14442693218588831 0.10929349064826965 0.0374383506173612
0.66400679210200897 0.15488014593720437 0.37949339672923088 0.4995330047038230
0.66069425609894095 0.15488014593720437 0.37949339672923088 0.4995330047038230
0.66400679210200897 0.25673673301935196 0.37949339672923088 0.4995330047038230
0.66400679210200897 0.15488014593720437 0.32031759023666384 0.4995330047038230
0.66400679210200897 0.15488014593720437 0.37949339672923088 0.4762605429751690
0.66069425609894095 0.25673673301935196 0.32031759023666384 0.4762605429751690
0.3108016453683376 0.41511287242174155 0.15221300125122073 0.0448184366528572
0.21174902347847818 0.41511287242174155 0.15221300125122073 0.0448184366528572
0.3108016453683376 0.4597763299942017 0.15221300125122073 0.0448184366528572
0.3108016453683376 0.41511287242174155 0.18719255663454534 0.0448184366528572
0.3108016453683376 0.41511287242174155 0.15221300125122073 0.1758603953745330
0.21174902347847818 0.4597763299942017 0.18719255663454534 0.1758603953745330
0.18596616294234991 0.26331718452274799 0.46533655002713203 0.3931780493262370
0.35663933455944058 0.26331718452274799 0.46533655002713203 0.3931780493262370
0.18596616294234991 0.36028836481273174 0.46533655002713203 0.3931780493262370
0.18596616294234991 0.26331718452274799 0.47982884347438814 0.3931780493262370
0.18596616294234991 0.26331718452274799 0.46533655002713203 0.2246717742308250
0.35663933455944058 0.36028836481273174 0.47982884347438814 0.2246717742308250
0.46364379888400431 0.30345699302852158 0.29117496460676195 0.2723525034380790
0.51708336058072746 0.30345699302852158 0.29117496460676195 0.2723525034380790
0.46364379888400431 0.15720127485692503 0.29117496460676195 0.2723525034380790
0.46364379888400431 0.30345699302852158 0.21539528407156469 0.2723525034380790
0.46364379888400431 0.30345699302852158 0.29117496460676195 0.3826308747544520
0.51708336058072746 0.15720127485692503 0.21539528407156469 0.3826308747544520
0.49164858488366003 0.25287402495741845 0.31356920003890992 0.4338337799229110
0.12033074619248509 0.25287402495741845 0.31356920003890992 0.4338337799229110
0.49164858488366003 0.46707837060093882 0.31356920003890992 0.4338337799229110
0.49164858488366003 0.25287402495741845 0.15147150345146657 0.4338337799229110
0.49164858488366003 0.25287402495741845 0.31356920003890992 0.2391813759718940
0.12033074619248509 0.46707837060093882 0.15147150345146657 0.2391813759718940
0.19874134901911017 0.31780640184879305 0.14241664931178094 0.1960481863365040
0.58957406640984111 0.31780640184879305 0.14241664931178094 0.1960481863365040
0.19874134901911017 0.26386949643492696 0.14241664931178094 0.1960481863365040
0.19874134901911017 0.31780640184879305 0.34099355190992353 0.1960481863365040
0.19874134901911017 0.31780640184879305 0.14241664931178094 0.3730160110922910
0.58957406640984111 0.26386949643492696 0.34099355190992353 0.3730160110922910
0.3183403346687555 0.16609235443174841 0.4306618377566338 0.3779008616726430
0.42565085976384576 0.16609235443174841 0.4306618377566338 0.3779008616726430
0.3183403346687555 0.16281749196350576 0.4306618377566338 0.3779008616726430
0.3183403346687555 0.16609235443174841 0.24828440435230734 0.3779008616726430
0.3183403346687555 0.16609235443174841 0.4306618377566338 0.4703992134819950
0.42565085976384576 0.16281749196350576 0.24828440435230734 0.4703992134819950
0.69693069206550717 0.40155691467225552 0.20012826994061472 0.2832260779203640
0.28553343620151278 0.40155691467225552 0.20012826994061472 0.2832260779203640
0.69693069206550717 0.36598192490637305 0.20012826994061472 0.2832260779203640
0.69693069206550717 0.40155691467225552 0.45651626139879231 0.2832260779203640
0.69693069206550717 0.40155691467225552 0.20012826994061472 0.1901213152078770
0.28553343620151278 0.36598192490637305 0.45651626139879231 0.1901213152078770
0.54890756537206464 0.12626742571592331 0.16995448879897596 0.2440372191484320
0.33066893662326036 0.12626742571592331 0.16995448879897596 0.2440372191484320
0.54890756537206464 0.42829086892306811 0.16995448879897596 0.2440372191484320
0.54890756537206464 0.12626742571592331 0.27008016258478162 0.2440372191484320
0.54890756537206464 0.12626742571592331 0.16995448879897596 0.4547632024934940
0.33066893662326036 0.42829086892306811 0.27008016258478162 0.4547632024934940
0.26101926728151736 0.49138260558247571 0.39892543144524095 0.4195210429282050
0.460644906386733 0.49138260558247571 0.39892543144524095 0.4195210429282050
0.26101926728151736 0.22513015531003477 0.39892543144524095 0.4195210429282050
0.26101926728151736 0.49138260558247571 0.4345007527619601 0.4195210429282050
0.26101926728151736 0.49138260558247571 0.39892543144524095 0.0700338205159450
0.460644906386733 0.22513015531003477 0.4345007527619601 0.0700338205159450
0.050321491388604048 0.24271136932075024 0.28743803165853021 0.0900265359479450
0.63600389724597328 0.24271136932075024 0.28743803165853021 0.0900265359479450
0.050321491388604048 0.12617929726839067 0.28743803165853021 0.0900265359479450
0.050321491388604048 0.24271136932075024 0.1293827757239342 0.0900265359479450
0.050321491388604048 0.24271136932075024 0.28743803165853021 0.3284793182577000
0.63600389724597328 0.12617929726839067 0.1293827757239342 0.3284793182577000
0.43408947312273077 0.37796829529106624 0.45702815987169743 0.4801860303944940
0.15658937101252376 0.37796829529106624 0.45702815987169743 0.4801860303944940
0.43408947312273077 0.3293901741504669 0.45702815987169743 0.4801860303944940
0.43408947312273077 0.37796829529106624 0.36252078004181387 0.4801860303944940
0.43408947312273077 0.37796829529106624 0.45702815987169743 0.3879579252023220
0.15658937101252376 0.3293901741504669 0.36252078004181387 0.3879579252023220
0.37556075192987914 0.17525723949074745 0.25117326341569424 0.4046742237324440
0.56207512742839749 0.17525723949074745 0.25117326341569424 0.4046742237324440
0.37556075192987914 0.39464321359992027 0.25117326341569424 0.4046742237324440
0.37556075192987914 0.17525723949074745 0.28437993861734867 0.4046742237324440
0.37556075192987914 0.17525723949074745 0.25117326341569424 0.4434747788671110
0.56207512742839749 0.39464321359992027 0.28437993861734867 0.4434747788671110
0.10932392226532101 0.44156271368265154 0.48014289177954195 0.2564285906253890
0.066787042655050755 0.44156271368265154 0.48014289177954195 0.2564285906253890
0.10932392226532101 0.19782805517315866 0.48014289177954195 0.2564285906253890
0.10932392226532101 0.44156271368265154 0.42000566124916083 0.2564285906253890
0.10932392226532101 0.44156271368265154 0.48014289177954195 0.0758897989393825
0.066787042655050755 0.19782805517315866 0.42000566124916083 0.0758897989393825
0.22367575196549294 0.29326377995312214 0.19365666024386885 0.4920515374926060
0.21738035762682556 0.29326377995312214 0.19365666024386885 0.4920515374926060
0.22367575196549294 0.2973160330206156 0.19365666024386885 0.4920515374926060
0.22367575196549294 0.29326377995312214 0.11264159120619298 0.4920515374926060
0.22367575196549294 0.29326377995312214 0.19365666024386885 0.2886543279053260
0.21738035762682556 0.2973160330206156 0.11264159120619298 0.2886543279053260
0.58577240947633979 0.32658580653369429 0.3632450986653567 0.0729968303930802
0.41274144970811899 0.32658580653369429 0.3632450986653567 0.0729968303930802
0.58577240947633979 0.49417868442833424 0.3632450986653567 0.0729968303930802
0.58577240947633979 0.32658580653369429 0.37945727407932284 0.0729968303930802
0.58577240947633979 0.32658580653369429 0.3632450986653567 0.4277963744779400
0.41274144970811899 0.49417868442833424 0.37945727407932284 0.4277963744779400
0.64342326107434922 0.20187615156173708 0.40728913098573682 0.1297942942250770
0.52881673900410531 0.20187615156173708 0.40728913098573682 0.1297942942250770
0.64342326107434922 0.30688123367726805 0.40728913098573682 0.1297942942250770
0.64342326107434922 0.20187615156173708 0.19087046086788179 0.1297942942250770
0.64342326107434922 0.20187615156173708 0.40728913098573682 0.2517751952210380
0.52881673900410531 0.30688123367726805 0.19087046086788179 0.2517751952210380
0.37200882160104803 0.36797419711947443 0.23613831773400307 0.4599073516598940
0.34363645878620441 0.36797419711947443 0.23613831773400307 0.4599073516598940
0.37200882160104803 0.11001638881862164 0.23613831773400307 0.4599073516598940
0.37200882160104803 0.36797419711947443 0.30139927901327612 0.4599073516598940
0.37200882160104803 0.36797419711947443 0.23613831773400307 0.3516740199148820
0.34363645878620441 0.11001638881862164 0.30139927901327612 0.3516740199148820
0.16657804776914414 0.11665689013898373 0.34938238561153412 0.3278983158000250
0.18414673688821492 0.11665689013898373 0.34938238561153412 0.3278983158000250
0.16657804776914414 0.21053127050399781 0.34938238561153412 0.3278983158000250
0.16657804776914414 0.11665689013898373 0.20663934946060181 0.3278983158000250
0.16657804776914414 0.11665689013898373 0.34938238561153412 0.4966447095343510
0.18414673688821492 0.21053127050399781 0.20663934946060181 0.4966447095343510
0.52365579172037535 0.45016230084002018 0.11885017976164819 0.3422523984551540
0.68956604003906241 0.45016230084002018 0.11885017976164819 0.3422523984551540
0.52365579172037535 0.40734290033578879 0.11885017976164819 0.3422523984551540
0.52365579172037535 0.45016230084002018 0.49835662581026552 0.3422523984551540
0.52365579172037535 0.45016230084002018 0.11885017976164819 0.1428747054057660
0.68956604003906241 0.40734290033578879 0.49835662581026552 0.1428747054057660
