0.53650930044241241 0.18700895048677924 0.24500757530331613 0.0997384479017913
0.20759868058376013 0.18700895048677924 0.24500757530331613 0.0997384479017913
0.53650930044241241 0.4103668350726366 0.24500757530331613 0.0997384479017913
0.53650930044241241 0.18700895048677924 0.21325533986091616 0.0997384479017913
0.53650930044241241 0.18700895048677924 0.24500757530331613 0.4304746328820220
0.20759868058376013 0.4103668350726366 0.21325533986091616 0.4304746328820220
0.15404060459695756 0.4454836871474982 0.42385664433240888 0.4834236429509230
0.66223735362291336 0.4454836871474982 0.42385664433240888 0.4834236429509230
0.15404060459695756 0.20730587281286716 0.42385664433240888 0.4834236429509230
0.15404060459695756 0.4454836871474982 0.47924013473093507 0.4834236429509230
0.15404060459695756 0.4454836871474982 0.42385664433240888 0.1095931699046230
0.66223735362291336 0.20730587281286716 0.47924013473093507 0.1095931699046230
0.36423250804655249 0.29407942220568661 0.11249098107218743 0.2376370937634380
0.51290391562506554 0.29407942220568661 0.11249098107218743 0.2376370937634380
0.36423250804655249 0.10698611214756966 0.11249098107218743 0.2376370937634380
0.36423250804655249 0.29407942220568661 0.18503562510013583 0.2376370937634380
0.36423250804655249 0.29407942220568661 0.11249098107218743 0.3062120713681610
0.51290391562506554 0.10698611214756966 0.18503562510013583 0.3062120713681610
0.65088102952577165 0.33519589900970459 0.33195884227752687 0.4158288269267950
0.35819176551885895 0.33519589900970459 0.33195884227752687 0.4158288269267950
0.65088102952577165 0.31010067090392113 0.33195884227752687 0.4158288269267950
0.65088102952577165 0.33519589900970459 0.31973442472517488 0.4158288269267950
0.65088102952577165 0.33519589900970459 0.33195884227752687 0.4158867343031350
0.35819176551885895 0.31010067090392113 0.31973442472517488 0.4158867343031350
0.59355004271492362 0.21049072854220868 0.48850366808474066 0.3792336718486270
0.24083230132237077 0.21049072854220868 0.48850366808474066 0.3792336718486270
0.59355004271492362 0.49741028100252149 0.48850366808474066 0.3792336718486270
0.59355004271492362 0.21049072854220868 0.10675795115530491 0.3792336718486270
0.59355004271492362 0.21049072854220868 0.48850366808474066 0.2640029755493600
0.24083230132237077 0.49741028100252149 0.10675795115530491 0.2640029755493600
0.21621929835528131 0.36878230459988115 0.26747337244451047 0.2848839548574550
0.38541276329196983 0.36878230459988115 0.26747337244451047 0.2848839548574550
0.21621929835528131 0.29429810643196108 0.26747337244451047 0.2848839548574550
0.21621929835528131 0.36878230459988115 0.39784117639064787 0.2848839548574550
0.21621929835528131 0.36878230459988115 0.26747337244451047 0.3422290573657220
0.38541276329196983 0.29429810643196108 0.39784117639064787 0.3422290573657220
0.096471573412418354 0.12058558613061905 0.35559691973030572 0.4324853905453650
0.54616230404935773 0.12058558613061905 0.35559691973030572 0.4324853905453650
0.096471573412418354 0.19461462609469893 0.35559691973030572 0.4324853905453650
0.096471573412418354 0.12058558613061905 0.2910447333008051 0.4324853905453650
0.096471573412418354 0.12058558613061905 0.35559691973030572 0.4905665093212180
0.54616230404935773 0.19461462609469893 0.2910447333008051 0.4905665093212180
0.38809935981407756 0.46190933957695968 0.17518523745238782 0.1931951759262380
0.081342349387705321 0.46190933957695968 0.17518523745238782 0.1931951759262380
0.38809935981407756 0.39767968915402896 0.17518523745238782 0.1931951759262380
0.38809935981407756 0.46190933957695968 0.40084041357040412 0.1931951759262380
0.38809935981407756 0.46190933957695968 0.17518523745238782 0.1599813092984130
0.081342349387705321 0.39767968915402896 0.40084041357040412 0.1599813092984130
0.42155210743658239 0.25988349504768848 0.3822333622723818 0.3259042635024910
0.6493677786551415 0.25988349504768848 0.3822333622723818 0.3259042635024910
0.42155210743658239 0.32635970748960974 0.3822333622723818 0.3259042635024910
0.42155210743658239 0.25988349504768848 0.14771788567304611 0.3259042635024910
0.42155210743658239 0.25988349504768848 0.3822333622723818 0.2240425317426670
0.6493677786551415 0.32635970748960974 0.14771788567304611 0.2240425317426670
0.063175077596679327 0.3201219599694014 0.16120442263782025 0.3404305894557750
0.13948512230999766 0.3201219599694014 0.16120442263782025 0.3404305894557750
0.063175077596679327 0.12939892597496511 0.16120442263782025 0.3404305894557750
0.063175077596679327 0.3201219599694014 0.35668593235313895 0.3404305894557750
0.063175077596679327 0.3201219599694014 0.16120442263782025 0.3829614805569800
0.13948512230999766 0.12939892597496511 0.35668593235313895 0.3829614805569800
0.2684769582469016 0.1715407557785511 0.47432599104940898 0.1322359780206460
0.30468788738362484 0.1715407557785511 0.47432599104940898 0.1322359780206460
0.2684769582469016 0.22815466150641442 0.47432599104940898 0.1322359780206460
0.2684769582469016 0.1715407557785511 0.25096370726823808 0.1322359780206460
0.2684769582469016 0.1715407557785511 0.47432599104940898 0.4760387973140240
0.30468788738362484 0.22815466150641442 0.25096370726823808 0.4760387973140240
0.54113117433153091 0.41168659180402756 0.29391605220735073 0.4609119426865330
0.48544448725879186 0.41168659180402756 0.29391605220735073 0.4609119426865330
0.54113117433153091 0.42506489828228955 0.29391605220735073 0.4609119426865330
0.54113117433153091 0.41168659180402756 0.44111675508320336 0.4609119426865330
0.54113117433153091 0.41168659180402756 0.29391605220735073 0.1766107255085040
0.48544448725879186 0.42506489828228955 0.44111675508320336 0.1766107255085040
0.68947416096925729 0.13638938032090664 0.12624147757887841 0.4892258746186050
0.43901474117301398 0.13638938032090664 0.12624147757887841 0.4892258746186050
0.68947416096925729 0.36276830434799201 0.12624147757887841 0.4892258746186050
0.68947416096925729 0.13638938032090664 0.22911914475262166 0.4892258746186050
0.68947416096925729 0.13638938032090664 0.12624147757887841 0.4656757373283000
0.43901474117301398 0.36276830434799201 0.22911914475262166 0.4656757373283000
0.32611789042130107 0.49683567918837068 0.30508885085582738 0.0633520372755610
0.2684291874989867 0.49683567918837068 0.30508885085582738 0.0633520372755610
0.32611789042130107 0.16585415750741961 0.30508885085582738 0.0633520372755610
0.32611789042130107 0.49683567918837068 0.46318102031946184 0.0633520372755610
0.32611789042130107 0.49683567918837068 0.30508885085582738 0.0364117010783582
0.2684291874989867 0.16585415750741961 0.46318102031946184 0.0364117010783582
0.21128003438934684 0.24502244293689729 0.21872502341866495 0.4089166246653310
0.094349696952849615 0.24502244293689729 0.21872502341866495 0.4089166246653310
0.21128003438934684 0.26710166595876217 0.21872502341866495 0.4089166246653310
0.21128003438934684 0.24502244293689729 0.16985541768372059 0.4089166246653310
0.21128003438934684 0.24502244293689729 0.21872502341866495 0.3103835690224510
0.094349696952849615 0.26710166595876217 0.16985541768372059 0.3103835690224510
0.47879631351679558 0.38498530015349386 0.43819157630205152 0.2629254959241110
0.61437364728190003 0.38498530015349386 0.43819157630205152 0.2629254959241110
0.47879631351679558 0.46405987255275249 0.43819157630205152 0.2629254959241110
0.47879631351679558 0.38498530015349386 0.33510994762182233 0.2629254959241110
0.47879631351679558 0.38498530015349386 0.43819157630205152 0.4022308263915350
0.61437364728190003 0.46405987255275249 0.33510994762182233 0.4022308263915350
0.47649614531546824 0.23361492864787581 0.16643353402614594 0.4418071304847520
0.33945636004209512 0.23361492864787581 0.16643353402614594 0.4418071304847520
0.47649614531546824 0.16021929606795313 0.16643353402614594 0.4418071304847520
0.47649614531546824 0.23361492864787581 0.49894494116306309 0.4418071304847520
0.47649614531546824 0.23361492864787581 0.16643353402614594 0.3288428988044600
0.33945636004209512 0.16021929606795313 0.49894494116306309 0.3288428988044600
0.17342755747959016 0.3987365651875735 0.38915326222777369 0.1719368425463600
0.53036975595168767 0.3987365651875735 0.38915326222777369 0.1719368425463600
0.17342755747959016 0.35705667212605474 0.38915326222777369 0.1719368425463600
0.17342755747959016 0.3987365651875735 0.20877892412245275 0.1719368425463600
0.17342755747959016 0.3987365651875735 0.38915326222777369 0.3875428973368870
0.53036975595168767 0.35705667212605474 0.20877892412245275 0.3875428973368870
0.30302401455119249 0.14702785760164261 0.27766702920198438 0.3667251044360350
0.68541635093279174 0.14702785760164261 0.27766702920198438 0.3667251044360350
0.30302401455119249 0.456740141287446 0.27766702920198438 0.3667251044360350
0.30302401455119249 0.14702785760164261 0.30198283791542058 0.3667251044360350
0.30302401455119249 0.14702785760164261 0.27766702920198438 0.4550743899569860
0.68541635093279174 0.456740141287446 0.30198283791542058 0.4550743899569860
0.67146324329078189 0.4822909511625767 0.45350537076592445 0.2996226945914270
0.1856892484240234 0.4822909511625767 0.45350537076592445 0.2996226945914270
0.67146324329078189 0.25994987674057485 0.45350537076592445 0.2996226945914270
0.67146324329078189 0.4822909511625767 0.19302776195108892 0.2996226945914270
0.67146324329078189 0.4822909511625767 0.45350537076592445 0.0692838126782320
0.1856892484240234 0.25994987674057485 0.19302776195108892 0.0692838126782320
0.57422136901877818 0.15719143487513065 0.32332768552005292 0.2198481750918910
0.068339701229706409 0.15719143487513065 0.32332768552005292 0.2198481750918910
0.57422136901877818 0.14765261672437191 0.32332768552005292 0.2198481750918910
0.57422136901877818 0.15719143487513065 0.38044347502291209 0.2198481750918910
0.57422136901877818 0.15719143487513065 0.32332768552005292 0.4701054864062480
0.068339701229706409 0.14765261672437191 0.38044347502291209 0.4701054864062480
0.27617169474251563 0.42212966345250613 0.14592677839100363 0.4263328546827200
0.55789544517174361 0.42212966345250613 0.14592677839100363 0.4263328546827200
0.27617169474251563 0.34444030635058881 0.14592677839100363 0.4263328546827200
0.27617169474251563 0.42212966345250613 0.11517750024795533 0.4263328546827200
0.27617169474251563 0.42212966345250613 0.14592677839100363 0.1906900341647280
0.55789544517174361 0.34444030635058881 0.11517750024795533 0.1906900341647280
0.075788947427645331 0.27343935295939448 0.43417084775865078 0.1244456074761250
0.41428478453308337 0.27343935295939448 0.43417084775865078 0.1244456074761250
0.075788947427645331 0.44476007819175722 0.43417084775865078 0.1244456074761250
0.075788947427645331 0.27343935295939448 0.42097258605062959 0.1244456074761250
0.075788947427645331 0.27343935295939448 0.43417084775865078 0.2387134567396290
0.41428478453308337 0.44476007819175722 0.42097258605062959 0.2387134567396290
0.44940578597597769 0.30890985131263737 0.20988873280584813 0.4753172223962840
0.21322978711687024 0.30890985131263737 0.20988873280584813 0.4753172223962840
0.44940578597597769 0.24791879206895828 0.20988873280584813 0.4753172223962840
0.44940578597597769 0.30890985131263737 0.28692215383052827 0.4753172223962840
0.44940578597597769 0.30890985131263737 0.20988873280584813 0.3734506755379610
0.21322978711687024 0.24791879206895828 0.28692215383052827 0.3734506755379610
0.40087454589083787 0.10702964030206204 0.40456199310719965 0.3975849184184250
0.45655276034958653 0.10702964030206204 0.40456199310719965 0.3975849184184250
0.40087454589083787 0.27650190666317942 0.40456199310719965 0.3975849184184250
0.40087454589083787 0.10702964030206204 0.36505727320909498 0.3975849184184250
0.40087454589083787 0.10702964030206204 0.40456199310719965 0.4969249434840820
0.45655276034958653 0.27650190666317942 0.36505727320909498 0.4969249434840820
0.12447635941207408 0.47312153615057473 0.2271593425422907 0.2785748360830030
0.33231005882844322 0.47312153615057473 0.2271593425422907 0.2785748360830030
0.12447635941207408 0.47964126095175741 0.2271593425422907 0.2785748360830030
0.12447635941207408 0.47312153615057473 0.13036839254200461 0.2785748360830030
0.12447635941207408 0.47312153615057473 0.2271593425422907 0.1422813330871580
0.33231005882844322 0.47964126095175741 0.13036839254200461 0.1422813330871580
0.24914319831877946 0.22484014928340912 0.34040453247725966 0.4967904089413430
0.15250778608024118 0.22484014928340912 0.34040453247725966 0.4967904089413430
0.24914319831877946 0.37839376516640189 0.34040453247725966 0.4967904089413430
0.24914319831877946 0.22484014928340912 0.4370423838496208 0.4967904089413430
0.24914319831877946 0.22484014928340912 0.34040453247725966 0.2522602244743010
0.15250778608024118 0.37839376516640189 0.4370423838496208 0.2522602244743010
0.60108873201534152 0.35833913311362264 0.11612106151878834 0.0345760527993212
0.63761467034928498 0.35833913311362264 0.11612106151878834 0.0345760527993212
0.60108873201534152 0.17521035112440586 0.11612106151878834 0.0345760527993212
0.60108873201534152 0.35833913311362264 0.27104767151176934 0.0345760527993212
0.60108873201534152 0.35833913311362264 0.11612106151878834 0.3512337042520120
0.63761467034928498 0.17521035112440586 0.27104767151176934 0.3512337042520120
0.62827083119191229 0.28344103284180167 0.26016287058591847 0.1552110202376620
0.59121467527002092 0.28344103284180167 0.26016287058591847 0.1552110202376620
0.62827083119191229 0.21251910440623761 0.26016287058591847 0.1552110202376620
0.62827083119191229 0.28344103284180167 0.45865487046539788 0.1552110202376620
0.62827083119191229 0.28344103284180167 0.26016287058591847 0.2882147901401500
0.59121467527002092 0.21251910440623761 0.45865487046539788 0.2882147901401500
0.34669502037577327 0.34974053911864755 0.48288390710949902 0.4520783981454540
0.11623917161487042 0.34974053911864755 0.48288390710949902 0.4520783981454540
0.34669502037577327 0.41570661924779417 0.48288390710949902 0.4520783981454540
0.34669502037577327 0.34974053911864755 0.2488736853003502 0.4520783981454540
0.34669502037577327 0.34974053911864755 0.48288390710949902 0.4281386925459960
0.11623917161487042 0.41570661924779417 0.2488736853003502 0.4281386925459960
0.15126173733733594 0.19841636493802073 0.19639650583267212 0.3120357971052370
0.28714487762190399 0.19841636493802073 0.19639650583267212 0.3120357971052370
0.15126173733733594 0.3169508710503578 0.19639650583267212 0.3120357971052370
0.15126173733733594 0.19841636493802073 0.34315181858837607 0.3120357971052370
0.15126173733733594 0.19841636493802073 0.19639650583267212 0.4431320328796730
0.28714487762190399 0.3169508710503578 0.34315181858837607 0.4431320328796730
0.49818833325989537 0.4317325219511986 0.37223654314875609 0.3537889027662010
0.42156854839995495 0.4317325219511986 0.37223654314875609 0.3537889027662010
0.49818833325989537 0.11381390094757081 0.37223654314875609 0.3537889027662010
0.49818833325989537 0.4317325219511986 0.15205409675836565 0.3537889027662010
0.49818833325989537 0.4317325219511986 0.37223654314875609 0.0765795392369235
0.42156854839995495 0.11381390094757081 0.15205409675836565 0.0765795392369235
0.51620053187943993 0.28952221460640432 0.46844407729804516 0.4690601569375540
0.079140759771689773 0.28952221460640432 0.46844407729804516 0.4690601569375540
0.51620053187943993 0.18695504516363146 0.46844407729804516 0.4690601569375540
0.51620053187943993 0.28952221460640432 0.30863732695579527 0.4690601569375540
0.51620053187943993 0.28952221460640432 0.46844407729804516 0.1250350192742610
0.079140759771689773 0.18695504516363146 0.30863732695579527 0.1250350192742610
0.13372688661329446 0.33120627813041215 0.28793502040207386 0.1037695635837400
0.54840321782976387 0.33120627813041215 0.28793502040207386 0.1037695635837400
0.13372688661329446 0.38384267985820775 0.28793502040207386 0.1037695635837400
0.13372688661329446 0.33120627813041215 0.19889122582972052 0.1037695635837400
0.13372688661329446 0.33120627813041215 0.28793502040207386 0.4949825523994470
0.54840321782976387 0.38384267985820775 0.19889122582972052 0.4949825523994470
0.34391874647699289 0.17940146401524545 0.37654685042798519 0.4226979428936240
0.38321055257692926 0.17940146401524545 0.37654685042798519 0.4226979428936240
0.34391874647699289 0.48357345275580887 0.37654685042798519 0.4226979428936240
0.34391874647699289 0.17940146401524545 0.49307170212268836 0.4226979428936240
0.34391874647699289 0.17940146401524545 0.37654685042798519 0.3607639674864140
0.38321055257692926 0.48357345275580887 0.49307170212268836 0.3607639674864140
0.63057223674841223 0.43810208290815356 0.15541861392557621 0.2154366373746320
0.2430738362018019 0.43810208290815356 0.15541861392557621 0.2154366373746320
0.63057223674841223 0.28663832508027554 0.15541861392557621 0.2154366373746320
0.63057223674841223 0.43810208290815356 0.20213421024382117 0.2154366373746320
0.63057223674841223 0.43810208290815356 0.15541861392557621 0.2565107133367300
0.2430738362018019 0.28663832508027554 0.20213421024382117 0.2565107133367300
0.61386376554146405 0.11300104223191738 0.22446047663688662 0.3031110707505680
0.3705900940112769 0.11300104223191738 0.22446047663688662 0.3031110707505680
0.61386376554146405 0.12394726760685444 0.22446047663688662 0.3031110707505680
0.61386376554146405 0.11300104223191738 0.41513584889471533 0.3031110707505680
0.61386376554146405 0.11300104223191738 0.22446047663688662 0.4205237196681770
0.3705900940112769 0.12394726760685444 0.41513584889471533 0.4205237196681770
0.23652805238962171 0.45450174249708652 0.44402609989047048 0.3711198851600150
0.50054553118534384 0.45450174249708652 0.44402609989047048 0.3711198851600150
0.23652805238962171 0.32088611461222172 0.44402609989047048 0.3711198851600150
0.23652805238962171 0.45450174249708652 0.28028981387615204 0.3711198851600150
0.23652805238962171 0.45450174249708652 0.44402609989047048 0.2843206175130740
0.50054553118534384 0.32088611461222172 0.28028981387615204 0.2843206175130740
0.11678038071841002 0.20591059029102327 0.13217215389013293 0.1895786145626250
0.67463506343774493 0.20591059029102327 0.13217215389013293 0.1895786145626250
0.11678038071841002 0.42115248218178747 0.13217215389013293 0.1895786145626250
0.11678038071841002 0.20591059029102327 0.38706146217882631 0.1895786145626250
0.11678038071841002 0.20591059029102327 0.13217215389013293 0.0957670498170947
0.67463506343774493 0.42115248218178747 0.38706146217882631 0.0957670498170947
0.40841311654075974 0.36481866464018819 0.31111877635121343 0.4487369172722670
0.19524091482162476 0.36481866464018819 0.31111877635121343 0.4487369172722670
0.40841311654075974 0.22426685020327569 0.31111877635121343 0.4487369172722670
0.40841311654075974 0.36481866464018819 0.12102859020233155 0.4487369172722670
0.40841311654075974 0.36481866464018819 0.31111877635121343 0.4454926027266290
0.19524091482162476 0.22426685020327569 0.12102859020233155 0.4454926027266290
0.44186830497346813 0.16362051703035832 0.10568215996026993 0.3622561051491510
0.60197636606171723 0.16362051703035832 0.10568215996026993 0.3622561051491510
0.44186830497346813 0.2528987914323807 0.10568215996026993 0.3622561051491510
0.44186830497346813 0.16362051703035832 0.43041371554136276 0.3622561051491510
0.44186830497346813 0.16362051703035832 0.10568215996026993 0.3960323662121170
0.60197636606171723 0.2528987914323807 0.43041371554136276 0.3960323662121170
0.083486325712874537 0.40314984582364566 0.32524608746171002 0.3234088430467560
0.10670757652260363 0.40314984582364566 0.32524608746171002 0.3234088430467560
0.083486325712874537 0.45598483532667167 0.32524608746171002 0.3234088430467560
0.083486325712874537 0.40314984582364566 0.26520726270973682 0.3234088430467560
0.083486325712874537 0.40314984582364566 0.32524608746171002 0.3322826226548550
0.10670757652260363 0.45598483532667167 0.26520726270973682 0.3322826226548550
0.28878823057748376 0.25496766492724421 0.23839397728443146 0.4547855856902970
0.25603128760121763 0.25496766492724421 0.23839397728443146 0.4547855856902970
0.28878823057748376 0.3546930905431509 0.23839397728443146 0.4547855856902970
0.28878823057748376 0.25496766492724421 0.37090469151735306 0.4547855856902970
0.28878823057748376 0.25496766492724421 0.23839397728443146 0.0489693118344964
0.25603128760121763 0.3546930905431509 0.37090469151735306 0.0489693118344964
0.56144741545431309 0.31502916812896731 0.41733929142355919 0.1589721826263310
0.45137323942035429 0.31502916812896731 0.41733929142355919 0.1589721826263310
0.56144741545431309 0.15165148787200453 0.41733929142355919 0.1589721826263310
0.56144741545431309 0.31502916812896731 0.13699005134403708 0.1589721826263310
0.56144741545431309 0.31502916812896731 0.41733929142355919 0.4527856740681180
0.45137323942035429 0.15165148787200453 0.13699005134403708 0.4527856740681180
0.66916292738169425 0.24012954346835613 0.36216157637536528 0.0296724653837394
0.48764650668017562 0.24012954346835613 0.36216157637536528 0.0296724653837394
0.66916292738169425 0.23935403563082219 0.36216157637536528 0.0296724653837394
0.66916292738169425 0.24012954346835613 0.34901132471859453 0.0296724653837394
0.66916292738169425 0.24012954346835613 0.36216157637536528 0.2054474362209280
0.48764650668017562 0.23935403563082219 0.34901132471859453 0.2054474362209280
0.30580168804153796 0.37986652739346027 0.18165387548506262 0.4944697957125030
0.30244584642350669 0.37986652739346027 0.18165387548506262 0.4944697957125030
0.30580168804153796 0.44239344485104082 0.18165387548506262 0.4944697957125030
0.30580168804153796 0.37986652739346027 0.15871254354715347 0.4944697957125030
0.30580168804153796 0.37986652739346027 0.18165387548506262 0.4722517022377880
0.30244584642350669 0.44239344485104082 0.15871254354715347 0.4722517022377880
0.19096379810944197 0.12844619899988174 0.49526372663676743 0.2656621106710180
0.1416865206323564 0.12844619899988174 0.49526372663676743 0.2656621106710180
0.19096379810944197 0.34368805214762688 0.49526372663676743 0.2656621106710180
0.19096379810944197 0.12844619899988174 0.45201411433517935 0.2656621106710180
0.19096379810944197 0.12844619899988174 0.49526372663676743 0.3643099972440510
0.1416865206323564 0.34368805214762688 0.45201411433517935 0.3643099972440510
0.45848502665758128 0.48832492604851729 0.27413723357021813 0.3900130040018230
0.64712635879404834 0.48832492604851729 0.27413723357021813 0.3900130040018230
0.45848502665758128 0.14059847965836525 0.27413723357021813 0.3900130040018230
0.45848502665758128 0.48832492604851729 0.24299648851156236 0.3900130040018230
0.45848502665758128 0.48832492604851729 0.27413723357021813 0.2342396000073400
0.64712635879404834 0.14059847965836525 0.24299648851156236 0.2342396000073400
0.49680738858878604 0.14282003603875637 0.34613996185362339 0.2087548998058090
0.23134069386869666 0.14282003603875637 0.34613996185362339 0.2087548998058090
0.49680738858878604 0.43680654130876062 0.34613996185362339 0.2087548998058090
0.49680738858878604 0.14282003603875637 0.1791977196931839 0.2087548998058090
0.49680738858878604 0.14282003603875637 0.34613996185362339 0.3800281915884400
0.23134069386869666 0.43680654130876062 0.1791977196931839 0.3800281915884400
0.19374375017359852 0.47785733975470068 0.12195560894906521 0.4390450973582380
0.39621320194564752 0.47785733975470068 0.12195560894906521 0.4390450973582380
0.19374375017359852 0.23359442166984082 0.12195560894906521 0.4390450973582380
0.19374375017359852 0.47785733975470068 0.31310244239866736 0.4390450973582380
0.19374375017359852 0.47785733975470068 0.12195560894906521 0.2099684761932320
0.39621320194564752 0.23359442166984082 0.31310244239866736 0.2099684761932320
0.32334026051685211 0.22654918134212496 0.41049264557659626 0.2875506247600700
0.5760057332459837 0.22654918134212496 0.41049264557659626 0.2875506247600700
0.32334026051685211 0.13332806527614594 0.41049264557659626 0.2875506247600700
0.32334026051685211 0.22654918134212496 0.21987449526786806 0.2875506247600700
0.32334026051685211 0.22654918134212496 0.41049264557659626 0.1817768365277510
0.5760057332459837 0.13332806527614594 0.21987449526786806 0.1817768365277510
0.69177452046424148 0.39110313877463343 0.23318929187953474 0.3827290045445400
0.050268737319856885 0.39110313877463343 0.23318929187953474 0.3827290045445400
0.69177452046424148 0.33648696988821031 0.23318929187953474 0.3827290045445400
0.69177452046424148 0.39110313877463343 0.48509086705744264 0.3827290045445400
0.69177452046424148 0.39110313877463343 0.23318929187953474 0.4822666284066850
0.050268737319856885 0.33648696988821031 0.48509086705744264 0.4822666284066850
0.55390516179613769 0.26639949269592766 0.19051456823945045 0.4127196849681280
0.17777507570572199 0.26639949269592766 0.19051456823945045 0.4127196849681280
0.55390516179613769 0.47419018670916557 0.19051456823945045 0.4127196849681280
0.55390516179613769 0.26639949269592766 0.29770034290850167 0.4127196849681280
0.55390516179613769 0.26639949269592766 0.19051456823945045 0.0292399631814768
0.17777507570572199 0.47419018670916557 0.29770034290850167 0.0292399631814768
0.25586045631207521 0.30125359110534189 0.36625553518533704 0.2345476396946830
0.69337046770378941 0.30125359110534189 0.36625553518533704 0.2345476396946830
0.25586045631207521 0.27102775350213049 0.36625553518533704 0.2345476396946830
0.25586045631207521 0.30125359110534189 0.40670347213745117 0.2345476396946830
0.25586045631207521 0.30125359110534189 0.36625553518533704 0.4590400154732380
0.69337046770378941 0.27102775350213049 0.40670347213745117 0.4590400154732380
0.055477665411308413 0.15295771434903147 0.25447633489966393 0.4778820806457590
0.52245496213436127 0.15295771434903147 0.25447633489966393 0.4778820806457590
0.055477665411308413 0.17129696942865849 0.25447633489966393 0.4778820806457590
0.055477665411308413 0.15295771434903147 0.10088359154760838 0.4778820806457590
0.055477665411308413 0.15295771434903147 0.25447633489966393 0.4049579929060800
0.52245496213436127 0.17129696942865849 0.10088359154760838 0.4049579929060800
0.42908955453895026 0.41771889775991444 0.47709812223911285 0.0794900755135437
0.34741109791211777 0.41771889775991444 0.47709812223911285 0.0794900755135437
0.42908955453895026 0.37450689561665063 0.47709812223911285 0.0794900755135437
0.42908955453895026 0.41771889775991444 0.39119686782360075 0.0794900755135437
0.42908955453895026 0.41771889775991444 0.47709812223911285 0.3211310943740830
0.34741109791211777 0.37450689561665063 0.39119686782360075 0.3211310943740830
0.38056083275005215 0.21657348386943343 0.28423170968890188 0.2483609724023170
0.42948376596905286 0.21657348386943343 0.28423170968890188 0.2483609724023170
0.38056083275005215 0.30304043106734757 0.28423170968890188 0.2483609724023170
0.38056083275005215 0.21657348386943343 0.25682433396577836 0.2483609724023170
0.38056083275005215 0.21657348386943343 0.28423170968890188 0.1156079363770600
0.42948376596905286 0.30304043106734757 0.25682433396577836 0.1156079363770600
0.10416759569197892 0.35024952180683611 0.45997398495674136 0.4009421292334900
0.27919025840237732 0.35024952180683611 0.45997398495674136 0.4009421292334900
0.10416759569197892 0.1062277551740408 0.45997398495674136 0.4009421292334900
0.10416759569197892 0.35024952180683611 0.44777479656040675 0.4009421292334900
0.10416759569197892 0.35024952180683611 0.45997398495674136 0.4378345843064830
0.27919025840237732 0.1062277551740408 0.44777479656040675 0.4378345843064830
0.22883440069854255 0.10156911164522171 0.17319361642003062 0.0570391778867196
0.12415376808494329 0.10156911164522171 0.17319361642003062 0.0570391778867196
0.22883440069854255 0.20493313521146775 0.17319361642003062 0.0570391778867196
0.22883440069854255 0.10156911164522171 0.14107600897550585 0.0570391778867196
0.22883440069854255 0.10156911164522171 0.17319361642003062 0.4132690820843620
0.12415376808494329 0.20493313521146775 0.14107600897550585 0.4132690820843620
0.58077496560290454 0.46827742233872416 0.39581709951162336 0.4863304773896910
0.58326067714951935 0.46827742233872416 0.39581709951162336 0.4863304773896910
0.58077496560290454 0.40179597437381742 0.39581709951162336 0.4863304773896910
0.58077496560290454 0.46827742233872416 0.35080914087593562 0.4863304773896910
0.58077496560290454 0.46827742233872416 0.39581709951162336 0.2949676606333570
0.58326067714951935 0.40179597437381742 0.35080914087593562 0.2949676606333570
0.64857959006913002 0.19298173524439335 0.42736205048859122 0.4640827492588720
0.61950418613851066 0.19298173524439335 0.42736205048859122 0.4640827492588720
0.64857959006913002 0.38910577669739721 0.42736205048859122 0.4640827492588720
0.64857959006913002 0.19298173524439335 0.16322558112442492 0.4640827492588720
0.64857959006913002 0.19298173524439335 0.42736205048859122 0.3455168828797440
0.61950418613851066 0.38910577669739721 0.16322558112442492 0.3455168828797440
0.36700874804519112 0.4268655624240637 0.20317595414817335 0.1376292255800210
0.17057824875228106 0.4268655624240637 0.20317595414817335 0.1376292255800210
0.36700874804519112 0.192244940251112 0.20317595414817335 0.1376292255800210
0.36700874804519112 0.4268655624240637 0.32926989644765858 0.1376292255800210
0.36700874804519112 0.4268655624240637 0.20317595414817335 0.2762475887983930
0.17057824875228106 0.192244940251112 0.32926989644765858 0.2762475887983930
0.17157548922114074 0.27514848038554196 0.31671411134302618 0.3500589863886410
0.31419895594008262 0.27514848038554196 0.31671411134302618 0.3500589863886410
0.17157548922114074 0.29353669770061974 0.31671411134302618 0.3500589863886410
0.17157548922114074 0.27514848038554196 0.23496773131191731 0.3500589863886410
0.17157548922114074 0.27514848038554196 0.31671411134302618 0.1545576502104060
0.31419895594008262 0.29353669770061974 0.23496773131191731 0.1545576502104060
0.51849713572300971 0.34167376160621643 0.139409401640296 0.3376682383023410
0.47462384169921273 0.34167376160621643 0.139409401640296 0.3376682383023410
0.51849713572300971 0.49035309292376039 0.139409401640296 0.3376682383023410
0.51849713572300971 0.34167376160621643 0.46980232149362566 0.3376682383023410
0.51849713572300971 0.34167376160621643 0.139409401640296 0.4845301493347540
0.47462384169921273 0.49035309292376039 0.46980232149362566 0.4845301493347540
