0.5280449084471911 0.25405800901353359 0.11518940180540085 0.1349653948495390
0.37610951410606497 0.25405800901353359 0.11518940180540085 0.1349653948495390
0.5280449084471911 0.28502896577119829 0.11518940180540085 0.1349653948495390
0.5280449084471911 0.25405800901353359 0.34747230783104899 0.1349653948495390
0.5280449084471911 0.25405800901353359 0.11518940180540085 0.4746899974474390
0.37610951410606497 0.28502896577119829 0.34747230783104899 0.4746899974474390
0.15953146503306925 0.31276461519300935 0.34093034341931344 0.4619048803416430
0.25152409062720832 0.31276461519300935 0.34093034341931344 0.4619048803416430
0.15953146503306925 0.48186863064765928 0.34093034341931344 0.4619048803416430
0.15953146503306925 0.31276461519300935 0.15730384700000288 0.4619048803416430
0.15953146503306925 0.31276461519300935 0.34093034341931344 0.1998591237467530
0.25152409062720832 0.48186863064765928 0.15730384700000288 0.1998591237467530
0.35493493047542862 0.16407885849475862 0.22895618677139284 0.3241258686796810
0.070769579848274589 0.16407885849475862 0.22895618677139284 0.3241258686796810
0.35493493047542862 0.38233182542026045 0.22895618677139284 0.3241258686796810
0.35493493047542862 0.16407885849475862 0.45072100237011914 0.3241258686796810
0.35493493047542862 0.16407885849475862 0.22895618677139284 0.2303979243861630
0.070769579848274589 0.38233182542026045 0.45072100237011914 0.2303979243861630
0.65807773298583916 0.40576881989836699 0.40157795473933222 0.3386382032368670
0.55558457057923072 0.40576881989836699 0.40157795473933222 0.3386382032368670
0.65807773298583916 0.18554232381284239 0.40157795473933222 0.3386382032368670
0.65807773298583916 0.40576881989836699 0.24176837019622327 0.3386382032368670
0.65807773298583916 0.40576881989836699 0.40157795473933222 0.3669342969267600
0.55558457057923072 0.18554232381284239 0.24176837019622327 0.3669342969267600
0.592819607257843 0.13047856874763966 0.37159948013722899 0.4074352060759210
0.67292923252098258 0.13047856874763966 0.37159948013722899 0.4074352060759210
0.592819607257843 0.22283989377319813 0.37159948013722899 0.4074352060759210
0.592819607257843 0.13047856874763966 0.42857143096625805 0.4074352060759210
0.592819607257843 0.13047856874763966 0.37159948013722899 0.3353344539495340
0.67292923252098258 0.22283989377319813 0.42857143096625805 0.3353344539495340
0.21928725028410551 0.48936834745109081 0.19741509892046452 0.2607328946084310
0.19829536117613311 0.48936834745109081 0.19741509892046452 0.2607328946084310
0.21928725028410551 0.41963139809668071 0.19741509892046452 0.2607328946084310
0.21928725028410551 0.48936834745109081 0.26330761387944224 0.2607328946084310
0.21928725028410551 0.48936834745109081 0.19741509892046452 0.3935119958366220
0.19829536117613311 0.41963139809668071 0.26330761387944224 0.3935119958366220
0.094670075085014099 0.23767034485936167 0.48575641922652724 0.4901486821109700
0.3676141022704541 0.23767034485936167 0.48575641922652724 0.4901486821109700
0.094670075085014099 0.31916534379124639 0.48575641922652724 0.4901486821109700
0.094670075085014099 0.23767034485936167 0.36932891122996814 0.4901486821109700
0.094670075085014099 0.23767034485936167 0.48575641922652724 0.4502479734499390
0.3676141022704541 0.31916534379124639 0.36932891122996814 0.4502479734499390
0.39263526778668162 0.37915304154157636 0.25845304317772388 0.0666361898868471
0.50233105649240306 0.37915304154157636 0.25845304317772388 0.0666361898868471
0.39263526778668162 0.12232939824461937 0.25845304317772388 0.0666361898868471
0.39263526778668162 0.37915304154157636 0.13527632132172585 0.0666361898868471
0.39263526778668162 0.37915304154157636 0.25845304317772388 0.0565353164913631
0.50233105649240306 0.12232939824461937 0.13527632132172585 0.0565353164913631
0.41958439913578327 0.18029844872653486 0.4528790961951018 0.2398125785627780
0.2593242262955755 0.18029844872653486 0.4528790961951018 0.2398125785627780
0.41958439913578327 0.15014275312423708 0.4528790961951018 0.2398125785627780
0.41958439913578327 0.18029844872653486 0.41337901577353475 0.2398125785627780
0.41958439913578327 0.18029844872653486 0.4528790961951018 0.2809663295279280
0.2593242262955755 0.15014275312423708 0.41337901577353475 0.2809663295279280
0.067564616864547136 0.44037854559719569 0.27869302518665795 0.4170346382274210
0.44927020538598295 0.44037854559719569 0.27869302518665795 0.4170346382274210
0.067564616864547136 0.35327829271554945 0.27869302518665795 0.4170346382274210
0.067564616864547136 0.44037854559719569 0.27869534455239775 0.4170346382274210
0.067564616864547136 0.44037854559719569 0.27869302518665795 0.4227053511324840
0.44927020538598295 0.35327829271554945 0.27869534455239775 0.4227053511324840
0.26789785544387995 0.2890528216958046 0.39203627668321139 0.0964645628720697
0.60399916330352421 0.2890528216958046 0.39203627668321139 0.0964645628720697
0.26789785544387995 0.45437912605702879 0.39203627668321139 0.0964645628720697
0.26789785544387995 0.2890528216958046 0.38520492240786552 0.0964645628720697
0.26789785544387995 0.2890528216958046 0.39203627668321139 0.4481836678968810
0.60399916330352421 0.45437912605702879 0.38520492240786552 0.4481836678968810
0.54437029049731789 0.32860064283013346 0.1647315863519907 0.4822922599462240
0.10333564081229268 0.32860064283013346 0.1647315863519907 0.4822922599462240
0.54437029049731789 0.25119037143886092 0.1647315863519907 0.4822922599462240
0.54437029049731789 0.32860064283013346 0.11920500062406064 0.4822922599462240
0.54437029049731789 0.32860064283013346 0.1647315863519907 0.0885220302902842
0.10333564081229268 0.25119037143886092 0.11920500062406064 0.0885220302902842
0.67968819132074709 0.20389022566378118 0.2089709371328354 0.4311580096124000
0.14974052114412187 0.20389022566378118 0.2089709371328354 0.4311580096124000
0.67968819132074709 0.13888130821287634 0.2089709371328354 0.4311580096124000
0.67968819132074709 0.20389022566378118 0.30737907551229005 0.4311580096124000
0.67968819132074709 0.20389022566378118 0.2089709371328354 0.4928220364766840
0.14974052114412187 0.13888130821287634 0.30737907551229005 0.4928220364766840
0.33284603338688606 0.36376247666776185 0.43471324071288109 0.1906444804288610
0.64026290220208459 0.36376247666776185 0.43471324071288109 0.1906444804288610
0.33284603338688606 0.34206653423607347 0.43471324071288109 0.1906444804288610
0.33284603338688606 0.36376247666776185 0.19759239479899407 0.1906444804288610
0.33284603338688606 0.36376247666776185 0.43471324071288109 0.1314435801534150
0.64026290220208459 0.34206653423607347 0.19759239479899407 0.1314435801534150
0.20327923893928523 0.11547348424792291 0.14773720055818559 0.3805495561938140
0.49443034636788064 0.11547348424792291 0.14773720055818559 0.3805495561938140
0.20327923893928523 0.44096856340765955 0.14773720055818559 0.3805495561938140
0.20327923893928523 0.11547348424792291 0.49169314466416836 0.3805495561938140
0.20327923893928523 0.11547348424792291 0.14773720055818559 0.2602922510077600
0.49443034636788064 0.44096856340765955 0.49169314466416836 0.2602922510077600
0.4847706117667257 0.45520427227020266 0.32036070600152017 0.2867381125983140
0.29431346878409381 0.45520427227020266 0.32036070600152017 0.2867381125983140
0.4847706117667257 0.23783083036541941 0.32036070600152017 0.2867381125983140
0.4847706117667257 0.45520427227020266 0.20060091838240623 0.2867381125983140
0.4847706117667257 0.45520427227020266 0.32036070600152017 0.3579397598914370
0.29431346878409381 0.23783083036541941 0.20060091838240623 0.3579397598914370
0.46676214458420867 0.10109974332153798 0.29991958960890774 0.4978056423585470
0.56922207758761945 0.10109974332153798 0.29991958960890774 0.4978056423585470
0.46676214458420867 0.33478969596326352 0.29991958960890774 0.4978056423585470
0.46676214458420867 0.10109974332153798 0.1645095355808735 0.4978056423585470
0.46676214458420867 0.10109974332153798 0.29991958960890774 0.2716134778956180
0.56922207758761945 0.33478969596326352 0.1645095355808735 0.2716134778956180
0.18018787167966366 0.46567176394164567 0.46948523223400118 0.0385098977437727
0.058401608932763339 0.46567176394164567 0.46948523223400118 0.0385098977437727
0.18018787167966366 0.1317233931273222 0.46948523223400118 0.0385098977437727
0.18018787167966366 0.46567176394164567 0.33049496226012709 0.0385098977437727
0.18018787167966366 0.46567176394164567 0.46948523223400118 0.3492625152638760
0.058401608932763339 0.1317233931273222 0.33049496226012709 0.3492625152638760
0.29499604571610688 0.21747049167752266 0.15743628516793251 0.3962222692816740
0.22328689675778146 0.21747049167752266 0.15743628516793251 0.3962222692816740
0.29499604571610688 0.23218945860862733 0.15743628516793251 0.3962222692816740
0.29499604571610688 0.21747049167752266 0.23651590123772623 0.3962222692816740
0.29499604571610688 0.21747049167752266 0.15743628516793251 0.4862571765244860
0.22328689675778146 0.23218945860862733 0.23651590123772623 0.4862571765244860
0.67739049298688769 0.35252595990896229 0.38638293296098714 0.2767234171557140
0.40307717188261444 0.35252595990896229 0.38638293296098714 0.2767234171557140
0.67739049298688769 0.43530020266771319 0.38638293296098714 0.2767234171557140
0.67739049298688769 0.35252595990896229 0.47121406905353069 0.2767234171557140
0.67739049298688769 0.35252595990896229 0.38638293296098714 0.1498727688955830
0.40307717188261444 0.43530020266771319 0.47121406905353069 0.1498727688955830
0.57222147979773574 0.27762089930474759 0.44311926849186423 0.3104087799905790
0.52043174840509887 0.27762089930474759 0.44311926849186423 0.3104087799905790
0.57222147979773574 0.37299047335982327 0.44311926849186423 0.3104087799905790
0.57222147979773574 0.27762089930474759 0.2584092687815428 0.3104087799905790
0.57222147979773574 0.27762089930474759 0.44311926849186423 0.4356515063538040
0.52043174840509887 0.37299047335982327 0.2584092687815428 0.4356515063538040
0.28050925540737803 0.34237631596624851 0.2126102339476347 0.3522704840170420
0.35078292707912617 0.34237631596624851 0.2126102339476347 0.3522704840170420
0.28050925540737803 0.16987753584980964 0.2126102339476347 0.3522704840170420
0.28050925540737803 0.34237631596624851 0.44949157610535628 0.3522704840170420
0.28050925540737803 0.34237631596624851 0.2126102339476347 0.1209534825718730
0.35078292707912617 0.16987753584980964 0.44949157610535628 0.1209534825718730
0.075256902864202863 0.19096134603023529 0.30102629698812966 0.1581406097003730
0.17448170115239917 0.19096134603023529 0.30102629698812966 0.1581406097003730
0.075256902864202863 0.26941432990133762 0.30102629698812966 0.1581406097003730
0.075256902864202863 0.19096134603023529 0.14290913753211498 0.1581406097003730
0.075256902864202863 0.19096134603023529 0.30102629698812966 0.2991345693050300
0.17448170115239917 0.26941432990133762 0.14290913753211498 0.2991345693050300
0.45267208521254354 0.42580939754843716 0.12989808879792691 0.4532463517044170
0.69547337582334867 0.42580939754843716 0.12989808879792691 0.4532463517044170
0.45267208521254354 0.47247710414230826 0.12989808879792691 0.4532463517044170
0.45267208521254354 0.42580939754843716 0.35270573571324348 0.4532463517044170
0.45267208521254354 0.42580939754843716 0.12989808879792691 0.4103508159661580
0.69547337582334867 0.47247710414230826 0.35270573571324348 0.4103508159661580
0.40017644632607691 0.2270075473934412 0.33690044619143011 0.3682836490515560
0.12712932396680116 0.2270075473934412 0.33690044619143011 0.3682836490515560
0.40017644632607691 0.40038889162242419 0.33690044619143011 0.3682836490515560
0.40017644632607691 0.2270075473934412 0.29956604167819023 0.3682836490515560
0.40017644632607691 0.2270075473934412 0.33690044619143011 0.4609416115167070
0.12712932396680116 0.40038889162242419 0.29956604167819023 0.4609416115167070
0.1275964449159801 0.39372208975255496 0.10639272592961789 0.3016361333855100
0.58147502592764788 0.39372208975255496 0.10639272592961789 0.3016361333855100
0.1275964449159801 0.20342887304723264 0.10639272592961789 0.3016361333855100
0.1275964449159801 0.39372208975255496 0.40853011868894107 0.3016361333855100
0.1275964449159801 0.39372208975255496 0.10639272592961789 0.0230577455870925
0.58147502592764788 0.20342887304723264 0.40853011868894107 0.0230577455870925
0.24729448677971955 0.14191040322184564 0.41980771608650691 0.4406742439840730
0.43118918039835985 0.14191040322184564 0.41980771608650691 0.4406742439840730
0.24729448677971955 0.10452683120965958 0.41980771608650691 0.4406742439840730
0.24729448677971955 0.14191040322184564 0.10263127312064171 0.4406742439840730
0.24729448677971955 0.14191040322184564 0.41980771608650691 0.3170557782753610
0.43118918039835985 0.10452683120965958 0.10263127312064171 0.3170557782753610
0.60559730194509032 0.47559276223182678 0.24868119768798352 0.1695779026806420
0.2761357055045664 0.47559276223182678 0.24868119768798352 0.1695779026806420
0.60559730194509032 0.30143935680389405 0.24868119768798352 0.1695779026806420
0.60559730194509032 0.47559276223182678 0.39278829060494902 0.1695779026806420
0.60559730194509032 0.47559276223182678 0.24868119768798352 0.4080559365380480
0.2761357055045664 0.30143935680389405 0.39278829060494902 0.4080559365380480
0.6197543153073638 0.15049849264323711 0.18119961097836496 0.1217149381129570
0.32257033926434808 0.15049849264323711 0.18119961097836496 0.1217149381129570
0.6197543153073638 0.4887360699474812 0.18119961097836496 0.1217149381129570
0.6197543153073638 0.15049849264323711 0.18056712709367276 0.1217149381129570
0.6197543153073638 0.15049849264323711 0.18119961097836496 0.2151966880465840
0.32257033926434808 0.4887360699474812 0.18056712709367276 0.2151966880465840
0.35215355460532005 0.41700543649494648 0.35076351612806322 0.4742830739334290
0.46744300229474894 0.41700543649494648 0.35076351612806322 0.4742830739334290
0.35215355460532005 0.29182726368308065 0.35076351612806322 0.4742830739334290
0.35215355460532005 0.41700543649494648 0.31463268622756002 0.4742830739334290
0.35215355460532005 0.41700543649494648 0.35076351612806322 0.3767688062459430
0.46744300229474894 0.29182726368308065 0.31463268622756002 0.3767688062459430
0.14199148812331258 0.26843183785676961 0.26371578499674797 0.2224184662579030
0.62660540863871572 0.26843183785676961 0.26371578499674797 0.2224184662579030
0.14199148812331258 0.1907264430075884 0.26371578499674797 0.2224184662579030
0.14199148812331258 0.26843183785676961 0.22114190720021726 0.2224184662579030
0.14199148812331258 0.26843183785676961 0.26371578499674797 0.4804156876517610
0.62660540863871572 0.1907264430075884 0.22114190720021726 0.4804156876517610
0.50543224024586375 0.30229703560471533 0.4926610708236695 0.4276516056482410
0.16212848830036819 0.30229703560471533 0.4926610708236695 0.4276516056482410
0.50543224024586375 0.3876884642988444 0.4926610708236695 0.4276516056482410
0.50543224024586375 0.30229703560471533 0.48639275357127187 0.4276516056482410
0.50543224024586375 0.30229703560471533 0.4926610708236695 0.1863547721722690
0.16212848830036819 0.3876884642988444 0.48639275357127187 0.1863547721722690
0.50773358768783505 0.16950700394809248 0.39801815934479234 0.4559417641407080
0.50961081227287641 0.16950700394809248 0.39801815934479234 0.4559417641407080
0.50773358768783505 0.3116154480725527 0.39801815934479234 0.4559417641407080
0.50773358768783505 0.16950700394809248 0.23064723983407021 0.4559417641407080
0.50773358768783505 0.16950700394809248 0.39801815934479234 0.0445091915910587
0.50961081227287641 0.3116154480725527 0.23064723983407021 0.0445091915910587
0.13921519485302269 0.41064150221645834 0.17061722688376904 0.1618751374185060
0.36029494483955199 0.41064150221645834 0.17061722688376904 0.1618751374185060
0.13921519485302269 0.10840714313089848 0.17061722688376904 0.1618751374185060
0.13921519485302269 0.41064150221645834 0.46455257050693033 0.1618751374185060
0.13921519485302269 0.41064150221645834 0.17061722688376904 0.4631541119436950
0.36029494483955199 0.10840714313089848 0.46455257050693033 0.4631541119436950
0.33461876199580726 0.26234407573938368 0.45866557694971566 0.3607776473124090
0.20557573805563151 0.26234407573938368 0.45866557694971566 0.3607776473124090
0.33461876199580726 0.20891746059060098 0.45866557694971566 0.3607776473124090
0.33461876199580726 0.26234407573938368 0.17115944698452951 0.3607776473124090
0.33461876199580726 0.26234407573938368 0.45866557694971566 0.3998926484384080
0.20557573805563151 0.20891746059060098 0.17115944698452951 0.3998926484384080
0.63776653329841793 0.3208371140062809 0.28438344262540338 0.3218356699012550
0.66560945399105542 0.3208371140062809 0.28438344262540338 0.3218356699012550
0.63776653329841793 0.41208170577883718 0.28438344262540338 0.3218356699012550
0.63776653329841793 0.3208371140062809 0.33637521080672739 0.3218356699012550
0.63776653329841793 0.3208371140062809 0.28438344262540338 0.3134710269529610
0.66560945399105542 0.41208170577883718 0.33637521080672739 0.3134710269529610
0.61313589196652174 0.24593052603304388 0.14190182611346247 0.2637432310499720
0.53810815825127056 0.24593052603304388 0.14190182611346247 0.2637432310499720
0.61313589196652174 0.39937822669744494 0.14190182611346247 0.2637432310499720
0.61313589196652174 0.24593052603304388 0.14954696111381055 0.2637432310499720
0.61313589196652174 0.24593052603304388 0.14190182611346247 0.3855684499604270
0.53810815825127056 0.39937822669744494 0.14954696111381055 0.3855684499604270
0.23959856620058417 0.38724837563931946 0.31462152600288396 0.3886154982514600
0.088205970637500283 0.38724837563931946 0.31462152600288396 0.3886154982514600
0.23959856620058417 0.19621808230876925 0.31462152600288396 0.3886154982514600
0.23959856620058417 0.38724837563931946 0.35854919627308846 0.3886154982514600
0.23959856620058417 0.38724837563931946 0.31462152600288396 0.2198769706200230
0.088205970637500283 0.19621808230876925 0.35854919627308846 0.2198769706200230
0.11498127961531281 0.13593261167407036 0.20294033959507943 0.0336471707759941
0.23404829697683449 0.13593261167407036 0.20294033959507943 0.0336471707759941
0.11498127961531281 0.29570452384650708 0.20294033959507943 0.0336471707759941
0.11498127961531281 0.13593261167407036 0.25255269519984724 0.0336471707759941
0.11498127961531281 0.13593261167407036 0.20294033959507943 0.1708521192141470
0.23404829697683449 0.29570452384650708 0.25255269519984724 0.1708521192141470
0.41295142173767085 0.4942181825637818 0.42877865880727772 0.4954946446749820
0.39354528621770435 0.4942181825637818 0.42877865880727772 0.4954946446749820
0.41295142173767085 0.49891521297395236 0.42877865880727772 0.4954946446749820
0.41295142173767085 0.4942181825637818 0.44286686554551125 0.4954946446749820
0.41295142173767085 0.4942181825637818 0.42877865880727772 0.4783436432720730
0.39354528621770435 0.49891521297395236 0.44286686554551125 0.4783436432720730
0.43989818976260714 0.29609840475022797 0.23567114248871804 0.4240331316650100
0.31178876119665799 0.29609840475022797 0.23567114248871804 0.4240331316650100
0.43989818976260714 0.42668051458895206 0.23567114248871804 0.4240331316650100
0.43989818976260714 0.29609840475022797 0.10847716554999352 0.4240331316650100
0.43989818976260714 0.29609840475022797 0.23567114248871804 0.3393965997110840
0.31178876119665799 0.42668051458895206 0.10847716554999352 0.3393965997110840
0.087873458070680505 0.33625041879713535 0.40839220434427259 0.2180354638249200
0.47699437811970702 0.33625041879713535 0.40839220434427259 0.2180354638249200
0.087873458070680505 0.22986554987728597 0.40839220434427259 0.2180354638249200
0.087873458070680505 0.33625041879713535 0.39942368231713776 0.2180354638249200
0.087873458070680505 0.33625041879713535 0.40839220434427259 0.2675183739272420
0.47699437811970702 0.22986554987728597 0.39942368231713776 0.2675183739272420
0.28820657557807861 0.18453789055347444 0.12170913442969322 0.4680014377694770
0.65773881329223505 0.18453789055347444 0.12170913442969322 0.4680014377694770
0.28820657557807861 0.13091620728373529 0.12170913442969322 0.4680014377694770
0.28820657557807861 0.18453789055347444 0.29293889924883842 0.4680014377694770
0.28820657557807861 0.18453789055347444 0.12170913442969322 0.1661421182402220
0.65773881329223505 0.13091620728373529 0.29293889924883842 0.1661421182402220
0.56468397942371662 0.44478282555937765 0.34754919111728666 0.1009089536666470
0.13230393421836195 0.44478282555937765 0.34754919111728666 0.1009089536666470
0.56468397942371662 0.32777828350663185 0.34754919111728666 0.1009089536666470
0.56468397942371662 0.44478282555937765 0.40267597697675228 0.1009089536666470
0.56468397942371662 0.44478282555937765 0.34754919111728666 0.4882749777863010
0.13230393421836195 0.32777828350663185 0.40267597697675228 0.4882749777863010
0.65937935495749112 0.11968702860176564 0.47928558029234414 0.1873186424514850
0.096055382583290327 0.11968702860176564 0.47928558029234414 0.1873186424514850
0.65937935495749112 0.4654687434434891 0.47928558029234414 0.1873186424514850
0.65937935495749112 0.11968702860176564 0.21447826288640501 0.1873186424514850
0.65937935495749112 0.11968702860176564 0.47928558029234414 0.1028548167665900
0.096055382583290327 0.4654687434434891 0.21447826288640501 0.1028548167665900
0.31253222823143001 0.45963139943778519 0.25188295803964139 0.4476317299275580
0.61131936558522282 0.45963139943778519 0.25188295803964139 0.4476317299275580
0.31253222823143001 0.2686040922999382 0.25188295803964139 0.4476317299275580
0.31253222823143001 0.45963139943778519 0.48052623793482785 0.4476317299275580
0.31253222823143001 0.45963139943778519 0.25188295803964139 0.4331965908951520
0.61131936558522282 0.2686040922999382 0.48052623793482785 0.4331965908951520
0.18296556454151869 0.2109616942703724 0.36493323929607868 0.3051049861526510
0.44199056825600558 0.2109616942703724 0.36493323929607868 0.3051049861526510
0.18296556454151869 0.16755667887628078 0.36493323929607868 0.3051049861526510
0.18296556454151869 0.2109616942703724 0.18644952140748502 0.3051049861526510
0.18296556454151869 0.2109616942703724 0.36493323929607868 0.4182235839431870
0.44199056825600558 0.16755667887628078 0.18644952140748502 0.4182235839431870
0.46446188678964967 0.37138941735029218 0.19064979068934917 0.3726572699057090
0.26664380747824906 0.37138941735029218 0.19064979068934917 0.3726572699057090
0.46446188678964967 0.36436773352324969 0.19064979068934917 0.3726572699057090
0.46446188678964967 0.37138941735029218 0.32128045186400411 0.3726572699057090
0.46446188678964967 0.37138941735029218 0.19064979068934917 0.3028841213871370
0.26664380747824906 0.36436773352324969 0.32128045186400411 0.3028841213871370
0.4870709906332194 0.2223691139370203 0.41397231779992583 0.0603668387493660
0.68244063039310277 0.2223691139370203 0.41397231779992583 0.0603668387493660
0.4870709906332194 0.26137561723589897 0.41397231779992583 0.0603668387493660
0.4870709906332194 0.2223691139370203 0.45735999420285223 0.0603668387493660
0.4870709906332194 0.2223691139370203 0.41397231779992583 0.4252495219308860
0.68244063039310277 0.26137561723589897 0.45735999420285223 0.4252495219308860
0.2005016671493649 0.3576382484287024 0.24294204153120519 0.4872635194883780
0.18747504493221639 0.3576382484287024 0.24294204153120519 0.4872635194883780
0.2005016671493649 0.45826248899102218 0.24294204153120519 0.4872635194883780
0.2005016671493649 0.3576382484287024 0.24761147312819959 0.4872635194883780
0.2005016671493649 0.3576382484287024 0.24294204153120519 0.2926431492776400
0.18747504493221639 0.45826248899102218 0.24761147312819959 0.2926431492776400
0.31530972979962824 0.10904864594340324 0.33086982481181626 0.2460812568189140
0.33775080032646648 0.10904864594340324 0.33086982481181626 0.2460812568189140
0.31530972979962824 0.35877603627741339 0.33086982481181626 0.2460812568189140
0.31530972979962824 0.10904864594340324 0.34161456599831586 0.2460812568189140
0.31530972979962824 0.10904864594340324 0.33086982481181626 0.0821066151899595
0.33775080032646648 0.35877603627741339 0.34161456599831586 0.0821066151899595
0.69769920827820897 0.47417603135108954 0.10045816786587239 0.3994207514349100
0.5334244735073298 0.47417603135108954 0.10045816786587239 0.3994207514349100
0.69769920827820897 0.16183861978352071 0.10045816786587239 0.3994207514349100
0.69769920827820897 0.47417603135108954 0.15067949406802655 0.3994207514349100
0.69769920827820897 0.47417603135108954 0.10045816786587239 0.4411032770042440
0.5334244735073298 0.16183861978352071 0.15067949406802655 0.4411032770042440
0.55190767948515707 0.19888730756938458 0.2696976438164711 0.3483182177570630
0.40591325592249627 0.19888730756938458 0.2696976438164711 0.3483182177570630
0.55190767948515707 0.24952974878251555 0.2696976438164711 0.3483182177570630
0.55190767948515707 0.19888730756938458 0.36345912925899027 0.3483182177570630
0.55190767948515707 0.19888730756938458 0.2696976438164711 0.1371891537480230
0.40591325592249627 0.24952974878251555 0.36345912925899027 0.1371891537480230
0.26020042388699949 0.43433965928852558 0.49854673519730575 0.3359510368387870
0.22041079117916523 0.43433965928852558 0.49854673519730575 0.3359510368387870
0.26020042388699949 0.44646325521171093 0.49854673519730575 0.3359510368387870
0.26020042388699949 0.43433965928852558 0.12861522808671 0.3359510368387870
0.26020042388699949 0.43433965928852558 0.49854673519730575 0.4986593270782280
0.22041079117916523 0.44646325521171093 0.12861522808671 0.4986593270782280
0.05494817304424942 0.28254245072603223 0.18698606789112093 0.4650643167331270
0.061238314071670172 0.28254245072603223 0.18698606789112093 0.4650643167331270
0.05494817304424942 0.34595294892787931 0.18698606789112093 0.4650643167331270
0.05494817304424942 0.28254245072603223 0.43522246293723588 0.4650643167331270
0.05494817304424942 0.28254245072603223 0.18698606789112093 0.3547634355105370
0.061238314071670172 0.34595294892787931 0.43522246293723588 0.3547634355105370
0.43235840597189956 0.34746262207627299 0.35645395740866659 0.1403255586043530
0.56634535090997817 0.34746262207627299 0.35645395740866659 0.1403255586043530
0.43235840597189956 0.14906350225210191 0.35645395740866659 0.1403255586043530
0.43235840597189956 0.34746262207627299 0.26918745711445813 0.1403255586043530
0.43235840597189956 0.34746262207627299 0.35645395740866659 0.2475139484005300
0.56634535090997817 0.14906350225210191 0.26918745711445813 0.2475139484005300
0.37986017130315297 0.1494884628802538 0.15096547007560732 0.2893905221297600
0.15929127708077429 0.1494884628802538 0.15096547007560732 0.2893905221297600
0.37986017130315297 0.17692568674683573 0.15096547007560732 0.2893905221297600
0.37986017130315297 0.1494884628802538 0.37854015752673154 0.2893905221297600
0.37986017130315297 0.1494884628802538 0.15096547007560732 0.1949389325615310
0.15929127708077429 0.17692568674683573 0.37854015752673154 0.1949389325615310
0.10728511931374668 0.48300608210265639 0.37981282398104665 0.3840297701322910
0.62948194402270019 0.48300608210265639 0.37981282398104665 0.3840297701322910
0.10728511931374668 0.38001707121729855 0.37981282398104665 0.3840297701322910
0.10728511931374668 0.48300608210265639 0.11333889029920102 0.3840297701322910
0.10728511931374668 0.48300608210265639 0.37981282398104665 0.4682689544668570
0.62948194402270019 0.38001707121729855 0.11333889029920102 0.4682689544668570
0.22698329193517564 0.231581199914217 0.29325337260961537 0.2063023727844390
0.46460641217418008 0.231581199914217 0.29325337260961537 0.2063023727844390
0.22698329193517564 0.48106449730694301 0.29325337260961537 0.2063023727844390
0.22698329193517564 0.231581199914217 0.41926253065466879 0.2063023727844390
0.22698329193517564 0.231581199914217 0.29325337260961537 0.3699806413063460
0.46460641217418008 0.48106449730694301 0.41926253065466879 0.3699806413063460
0.58528113830834627 0.39769145101308823 0.46271990016102793 0.4377485527702490
0.32544625354930756 0.39769145101308823 0.46271990016102793 0.4377485527702490
0.58528113830834627 0.27802670933306217 0.46271990016102793 0.4377485527702490
0.58528113830834627 0.39769145101308823 0.28534270487725732 0.4377485527702490
0.58528113830834627 0.39769145101308823 0.46271990016102793 0.2437767379042540
0.32544625354930756 0.27802670933306217 0.28534270487725732 0.2437767379042540
0.64006562638096509 0.27298256121575837 0.30774127654731276 0.4767260086035560
0.28916794606484469 0.27298256121575837 0.30774127654731276 0.4767260086035560
0.64006562638096509 0.11532409004867078 0.30774127654731276 0.4767260086035560
0.64006562638096509 0.27298256121575837 0.49754020534455778 0.4767260086035560
0.64006562638096509 0.27298256121575837 0.30774127654731276 0.3906897321586230
0.28916794606484469 0.11532409004867078 0.49754020534455778 0.3906897321586230
0.37246983447112136 0.30629237927496433 0.13671231456100941 0.0760661800797366
0.41819688389077775 0.30629237927496433 0.13671231456100941 0.0760661800797366
0.37246983447112136 0.31836426220834257 0.13671231456100941 0.0760661800797366
0.37246983447112136 0.30629237927496433 0.20723595246672633 0.0760661800797366
0.37246983447112136 0.30629237927496433 0.13671231456100941 0.3250217614939700
0.41819688389077775 0.31836426220834257 0.20723595246672633 0.3250217614939700
0.16230764691717919 0.15809949338436127 0.44963902495801455 0.4139386709460530
0.59450788516551256 0.15809949338436127 0.44963902495801455 0.4139386709460530
0.16230764691717919 0.41731359213590624 0.44963902495801455 0.4139386709460530
0.16230764691717919 0.15809949338436127 0.30075076483190061 0.4139386709460530
0.16230764691717919 0.15809949338436127 0.44963902495801455 0.0632845303749229
0.59450788516551256 0.41731359213590624 0.30075076483190061 0.0632845303749229
0.52574344961903985 0.42439276203513143 0.21922905780375004 0.2367413072516590
0.11413640878163278 0.42439276203513143 0.21922905780375004 0.2367413072516590
0.52574344961903985 0.21422630846500398 0.21922905780375004 0.2367413072516590
0.52574344961903985 0.42439276203513143 0.19173861071467402 0.2367413072516590
0.52574344961903985 0.42439276203513143 0.21922905780375004 0.4571086125633150
0.11413640878163278 0.21422630846500398 0.19173861071467402 0.4571086125633150
