0.49235015860758713 0.16319792792201043 0.17573657035827639 0.0094639556862413897 37.701596843078732 930.3958747535944
0.06641117664985359 0.16319792792201043 0.17573657035827639 0.0094639556862413897 37.701596843078732 930.3958747535944
0.49235015860758713 0.14468478709459306 0.17573657035827639 0.0094639556862413897 37.701596843078732 930.3958747535944
0.49235015860758713 0.16319792792201043 0.33950821086764338 0.0094639556862413897 37.701596843078732 930.3958747535944
0.49235015860758713 0.16319792792201043 0.17573657035827639 0.01167348529621959 37.701596843078732 930.3958747535944
0.49235015860758713 0.16319792792201043 0.17573657035827639 0.0094639556862413897 10.765521919354796 930.3958747535944
0.49235015860758713 0.16319792792201043 0.17573657035827639 0.0094639556862413897 37.701596843078732 426.99789358302951
0.06641117664985359 0.14468478709459306 0.33950821086764338 0.01167348529621959 10.765521919354796 426.99789358302951
0.23652302548289295 0.35531000494956977 0.37608897238969807 0.015477117271907629 10.078945562243462 128.8623015396297
0.47860354217700651 0.35531000494956977 0.37608897238969807 0.015477117271907629 10.078945562243462 128.8623015396297
0.23652302548289295 0.45660224221646784 0.37608897238969807 0.015477117271907629 10.078945562243462 128.8623015396297
0.23652302548289295 0.35531000494956977 0.10668241083621979 0.015477117271907629 10.078945562243462 128.8623015396297
0.23652302548289295 0.35531000494956977 0.37608897238969807 0.0014901705401018264 10.078945562243462 128.8623015396297
0.23652302548289295 0.35531000494956977 0.37608897238969807 0.015477117271907629 37.146015159785748 128.8623015396297
0.23652302548289295 0.35531000494956977 0.37608897238969807 0.015477117271907629 10.078945562243462 899.18346023187041
0.47860354217700651 0.45660224221646784 0.10668241083621979 0.0014901705401018264 37.146015159785748 899.18346023187041
0.18386409808881582 0.27566077895462515 0.28393860422074796 0.0050731479391455652 16.70406161993742 335.35826457664371
0.37339485310949377 0.27566077895462515 0.28393860422074796 0.0050731479391455652 16.70406161993742 335.35826457664371
0.18386409808881582 0.32931534722447398 0.28393860422074796 0.0050731479391455652 16.70406161993742 335.35826457664371
0.18386409808881582 0.27566077895462515 0.26215585134923458 0.0050731479391455652 16.70406161993742 335.35826457664371
0.18386409808881582 0.27566077895462515 0.28393860422074796 0.007058512145280838 16.70406161993742 335.35826457664371
0.18386409808881582 0.27566077895462515 0.28393860422074796 0.0050731479391455652 24.420092405751348 335.35826457664371
0.18386409808881582 0.27566077895462515 0.28393860422074796 0.0050731479391455652 16.70406161993742 683.37248703464866
0.37339485310949377 0.32931534722447398 0.26215585134923458 0.007058512145280838 24.420092405751348 683.37248703464866
0.58821305381134148 0.49294376187026501 0.4835099440068007 0.01112566191647202 27.519025841727853 686.94980032742023
0.58293806039728224 0.49294376187026501 0.4835099440068007 0.01112566191647202 27.519025841727853 686.94980032742023
0.58821305381134148 0.26623284853994844 0.4835099440068007 0.01112566191647202 27.519025841727853 686.94980032742023
0.58821305381134148 0.49294376187026501 0.49184731282293803 0.01112566191647202 27.519025841727853 686.94980032742023
0.58821305381134148 0.49294376187026501 0.4835099440068007 0.017243040228821338 27.519025841727853 686.94980032742023
0.58821305381134148 0.49294376187026501 0.4835099440068007 0.01112566191647202 19.624028403311968 686.94980032742023
0.58821305381134148 0.49294376187026501 0.4835099440068007 0.01112566191647202 27.519025841727853 197.53642110154033
0.58293806039728224 0.26623284853994844 0.49184731282293803 0.017243040228821338 19.624028403311968 197.53642110154033
0.63895507166162124 0.20003452338278294 0.33512046001851559 0.013746104318089784 25.968754293397069 775.35732472315431
0.27123895897530015 0.20003452338278294 0.33512046001851559 0.013746104318089784 25.968754293397069 775.35732472315431
0.63895507166162124 0.36400463506579406 0.33512046001851559 0.013746104318089784 25.968754293397069 775.35732472315431
0.63895507166162124 0.20003452338278294 0.24467304684221747 0.013746104318089784 25.968754293397069 775.35732472315431
0.63895507166162124 0.20003452338278294 0.33512046001851559 0.0027575366357341412 25.968754293397069 775.35732472315431
0.63895507166162124 0.20003452338278294 0.33512046001851559 0.013746104318089784 29.488973554223776 775.35732472315431
0.63895507166162124 0.20003452338278294 0.33512046001851559 0.013746104318089784 25.968754293397069 236.8131929077208
0.27123895897530015 0.36400463506579406 0.24467304684221747 0.0027575366357341412 29.488973554223776 236.8131929077208
0.051795165659859782 0.41729767285287378 0.13545470349490643 0.0024741752259433273 21.782780915498734 226.94875653833151
0.68374630524776869 0.41729767285287378 0.13545470349490643 0.0024741752259433273 21.782780915498734 226.94875653833151
0.051795165659859782 0.22552540786564351 0.13545470349490643 0.0024741752259433273 21.782780915498734 226.94875653833151
0.051795165659859782 0.41729767285287378 0.40249571166932585 0.0024741752259433273 21.782780915498734 226.94875653833151
0.051795165659859782 0.41729767285287378 0.13545470349490643 0.013031648954749109 21.782780915498734 226.94875653833151
0.051795165659859782 0.41729767285287378 0.13545470349490643 0.0024741752259433273 18.363912442699075 226.94875653833151
0.051795165659859782 0.41729767285287378 0.13545470349490643 0.0024741752259433273 21.782780915498734 636.95588605478406
0.68374630524776869 0.22552540786564351 0.40249571166932585 0.013031648954749109 18.363912442699075 636.95588605478406
0.36859438903629776 0.13766904249787332 0.43082306087017064 0.018135099321044981 13.437845177948475 489.7376349195838
0.1669045351911336 0.13766904249787332 0.43082306087017064 0.018135099321044981 13.437845177948475 489.7376349195838
0.36859438903629776 0.16042875945568086 0.43082306087017064 0.018135099321044981 13.437845177948475 489.7376349195838
0.36859438903629776 0.13766904249787332 0.3532814085483551 0.018135099321044981 13.437845177948475 489.7376349195838
0.36859438903629776 0.13766904249787332 0.43082306087017064 0.018599910418875515 13.437845177948475 489.7376349195838
0.36859438903629776 0.13766904249787332 0.43082306087017064 0.018135099321044981 13.255133658647537 489.7376349195838
0.36859438903629776 0.13766904249787332 0.43082306087017064 0.018135099321044981 13.437845177948475 880.56225599721074
0.1669045351911336 0.16042875945568086 0.3532814085483551 0.018599910418875515 13.255133658647537 880.56225599721074
0.44161057188175612 0.32976128607988359 0.23037586659193041 0.0068226093411445617 30.814256632700562 588.20416564121842
0.37676256825216109 0.32976128607988359 0.23037586659193041 0.0068226093411445617 30.814256632700562 588.20416564121842
0.44161057188175612 0.44694948606193063 0.23037586659193041 0.0068226093411445617 30.814256632700562 588.20416564121842
0.44161057188175612 0.32976128607988359 0.19857479557394983 0.0068226093411445617 30.814256632700562 588.20416564121842
0.44161057188175612 0.32976128607988359 0.23037586659193041 0.0083270206473767764 30.814256632700562 588.20416564121842
0.44161057188175612 0.32976128607988359 0.23037586659193041 0.0068226093411445617 30.964710844680667 588.20416564121842
0.44161057188175612 0.32976128607988359 0.23037586659193041 0.0068226093411445617 30.814256632700562 438.69899520650506
0.37676256825216109 0.44694948606193063 0.19857479557394983 0.0083270206473767764 30.964710844680667 438.69899520650506
0.41443053456023332 0.26515972800552845 0.41216327883303172 0.00088903716988861562 9.2102812435477972 766.46583620458841
0.23776855119504031 0.26515972800552845 0.41216327883303172 0.00088903716988861562 9.2102812435477972 766.46583620458841
0.41443053456023332 0.39649423509836201 0.41216327883303172 0.00088903716988861562 9.2102812435477972 766.46583620458841
0.41443053456023332 0.26515972800552845 0.21225609071552753 0.00088903716988861562 9.2102812435477972 766.46583620458841
0.41443053456023332 0.26515972800552845 0.41216327883303172 0.015664416685141624 9.2102812435477972 766.46583620458841
0.41443053456023332 0.26515972800552845 0.41216327883303172 0.00088903716988861562 33.949655957520008 766.46583620458841
0.41443053456023332 0.26515972800552845 0.41216327883303172 0.00088903716988861562 9.2102812435477972 332.79148107394576
0.23776855119504031 0.39649423509836201 0.21225609071552753 0.015664416685141624 33.949655957520008 332.79148107394576
0.31602900181896981 0.45412831120193009 0.21095009334385395 0.014637848857603969 35.023735325783491 414.93226634338498
0.63724615522660311 0.45412831120193009 0.21095009334385395 0.014637848857603969 35.023735325783491 414.93226634338498
0.31602900181896981 0.20840483568608761 0.21095009334385395 0.014637848857603969 35.023735325783491 414.93226634338498
0.31602900181896981 0.45412831120193009 0.44194239191710949 0.014637848857603969 35.023735325783491 414.93226634338498
0.31602900181896981 0.45412831120193009 0.21095009334385395 0.0053844274416565896 35.023735325783491 414.93226634338498
0.31602900181896981 0.45412831120193009 0.21095009334385395 0.014637848857603969 13.889039477333426 414.93226634338498
0.31602900181896981 0.45412831120193009 0.21095009334385395 0.014637848857603969 35.023735325783491 987.34996719285846
0.63724615522660311 0.20840483568608761 0.44194239191710949 0.0053844274416565896 13.889039477333426 987.34996719285846
0.10340533405542374 0.17762373015284538 0.30317980870604516 0.0051644333925098184 30.193109858781099 167.94178681448102
0.17404952156357467 0.17762373015284538 0.30317980870604516 0.0051644333925098184 30.193109858781099 167.94178681448102
0.10340533405542374 0.18063803985714913 0.30317980870604516 0.0051644333925098184 30.193109858781099 167.94178681448102
0.10340533405542374 0.17762373015284538 0.38959089666604996 0.0051644333925098184 30.193109858781099 167.94178681448102
0.10340533405542374 0.17762373015284538 0.30317980870604516 0.0010523678990080954 30.193109858781099 167.94178681448102
0.10340533405542374 0.17762373015284538 0.30317980870604516 0.0051644333925098184 16.309558127075434 167.94178681448102
0.10340533405542374 0.17762373015284538 0.30317980870604516 0.0051644333925098184 30.193109858781099 756.92719100043178
0.17404952156357467 0.18063803985714913 0.38959089666604996 0.0010523678990080954 16.309558127075434 756.92719100043178
0.66517989016138013 0.3917632043361664 0.10431056097149849 0.018950028237514197 17.569179220125079 969.53331921249628
0.45212719249539068 0.3917632043361664 0.10431056097149849 0.018950028237514197 17.569179220125079 969.53331921249628
0.66517989016138013 0.41754868663847444 0.10431056097149849 0.018950028237514197 17.569179220125079 969.53331921249628
0.66517989016138013 0.3917632043361664 0.15679503157734873 0.018950028237514197 17.569179220125079 969.53331921249628
0.66517989016138013 0.3917632043361664 0.10431056097149849 0.011333579690009357 17.569179220125079 969.53331921249628
0.66517989016138013 0.3917632043361664 0.10431056097149849 0.018950028237514197 27.896096037700772 969.53331921249628
0.66517989016138013 0.3917632043361664 0.10431056097149849 0.018950028237514197 17.569179220125079 115.9642725251615
0.45212719249539068 0.41754868663847444 0.15679503157734873 0.011333579690009357 27.896096037700772 115.9642725251615
0.55342316715978079 0.10276003256440164 0.25279751345515256 0.016290627326630055 20.943069702014327 612.33538156375289
0.11259642099030315 0.10276003256440164 0.25279751345515256 0.016290627326630055 20.943069702014327 612.33538156375289
0.55342316715978079 0.11512600705027581 0.25279751345515256 0.016290627326630055 20.943069702014327 612.33538156375289
0.55342316715978079 0.10276003256440164 0.30316287651658058 0.016290627326630055 20.943069702014327 612.33538156375289
0.55342316715978079 0.10276003256440164 0.25279751345515256 0.0090729434706270703 20.943069702014327 612.33538156375289
0.55342316715978079 0.10276003256440164 0.25279751345515256 0.016290627326630055 22.726195717230439 612.33538156375289
0.55342316715978079 0.10276003256440164 0.25279751345515256 0.016290627326630055 20.943069702014327 303.44576584175229
0.11259642099030315 0.11512600705027581 0.30316287651658058 0.0090729434706270703 22.726195717230439 303.44576584175229
0.13383518122136592 0.31691629439592361 0.45156624093651776 0.0078017981324344874 23.320075657218695 513.92680332064629
0.5123888507951051 0.31691629439592361 0.45156624093651776 0.0078017981324344874 23.320075657218695 513.92680332064629
0.13383518122136592 0.47665213234722614 0.45156624093651776 0.0078017981324344874 23.320075657218695 513.92680332064629
0.13383518122136592 0.31691629439592361 0.14849802106618881 0.0078017981324344874 23.320075657218695 513.92680332064629
0.13383518122136592 0.31691629439592361 0.45156624093651776 0.01925037090200931 23.320075657218695 513.92680332064629
0.13383518122136592 0.31691629439592361 0.45156624093651776 0.0078017981324344874 25.171150576323271 513.92680332064629
0.13383518122136592 0.31691629439592361 0.45156624093651776 0.0078017981324344874 23.320075657218695 576.58637845888734
0.5123888507951051 0.47665213234722614 0.14849802106618881 0.01925037090200931 25.171150576323271 576.58637845888734
0.28560162452049548 0.24039416350424292 0.15631384886801244 0.01201825234424323 33.459388438612223 323.17087426781654
0.29771532802842554 0.24039416350424292 0.15631384886801244 0.01201825234424323 33.459388438612223 323.17087426781654
0.28560162452049548 0.31242751181125639 0.15631384886801244 0.01201825234424323 33.459388438612223 323.17087426781654
0.28560162452049548 0.24039416350424292 0.2945842634886503 0.01201825234424323 33.459388438612223 323.17087426781654
0.28560162452049548 0.24039416350424292 0.15631384886801244 0.01491839150041342 33.459388438612223 323.17087426781654
0.28560162452049548 0.24039416350424292 0.15631384886801244 0.01201825234424323 34.974524138495326 323.17087426781654
0.28560162452049548 0.24039416350424292 0.15631384886801244 0.01201825234424323 33.459388438612223 779.21375790610909
0.29771532802842554 0.31242751181125639 0.2945842634886503 0.01491839150041342 34.974524138495326 779.21375790610909
0.52618972742930048 0.42937953434884546 0.35742613859474659 0.0034914314966648821 14.273779002949595 871.63741504773498
0.57610797970555716 0.42937953434884546 0.35742613859474659 0.0034914314966648821 14.273779002949595 871.63741504773498
0.52618972742930048 0.29895359091460705 0.35742613859474659 0.0034914314966648821 14.273779002949595 871.63741504773498
0.52618972742930048 0.42937953434884546 0.4523891765624285 0.0034914314966648821 14.273779002949595 871.63741504773498
0.52618972742930048 0.42937953434884546 0.35742613859474659 0.0047421773964539168 14.273779002949595 871.63741504773498
0.52618972742930048 0.42937953434884546 0.35742613859474659 0.0034914314966648821 9.0554056614637375 871.63741504773498
0.52618972742930048 0.42937953434884546 0.35742613859474659 0.0034914314966648821 14.273779002949595 547.84864457324147
0.57610797970555716 0.29895359091460705 0.4523891765624285 0.0047421773964539168 9.0554056614637375 547.84864457324147
0.51358148986473673 0.22955846786499023 0.22080426476895809 0.018356971208192407 28.213768547400832 539.57027215510607
0.4660488050896674 0.22955846786499023 0.22080426476895809 0.018356971208192407 28.213768547400832 539.57027215510607
0.51358148986473673 0.31331935934722421 0.22080426476895809 0.018356971208192407 28.213768547400832 539.57027215510607
0.51358148986473673 0.22955846786499023 0.43364901356399066 0.018356971208192407 28.213768547400832 539.57027215510607
0.51358148986473673 0.22955846786499023 0.22080426476895809 0.013618014335259797 28.213768547400832 539.57027215510607
0.51358148986473673 0.22955846786499023 0.22080426476895809 0.018356971208192407 8.1923993229866028 539.57027215510607
0.51358148986473673 0.22955846786499023 0.22080426476895809 0.018356971208192407 28.213768547400832 258.53979168459773
0.4660488050896674 0.31331935934722421 0.43364901356399066 0.013618014335259797 8.1923993229866028 258.53979168459773
0.25778380748815832 0.44060957357287411 0.42125451080501086 0.0070457661405205728 15.582398857921362 638.09160711243749
0.083965964289382106 0.44060957357287411 0.42125451080501086 0.0070457661405205728 15.582398857921362 638.09160711243749
0.25778380748815832 0.27523612082004545 0.42125451080501086 0.0070457661405205728 15.582398857921362 638.09160711243749
0.25778380748815832 0.44060957357287411 0.21332290656864644 0.0070457661405205728 15.582398857921362 638.09160711243749
0.25778380748815832 0.44060957357287411 0.42125451080501086 0.0034127915306016807 15.582398857921362 638.09160711243749
0.25778380748815832 0.44060957357287411 0.42125451080501086 0.0070457661405205728 35.954431874677539 638.09160711243749
0.25778380748815832 0.44060957357287411 0.42125451080501086 0.0070457661405205728 15.582398857921362 617.79949059709907
0.083965964289382106 0.27523612082004545 0.21332290656864644 0.0034127915306016807 35.954431874677539 617.79949059709907
0.16199087612330912 0.11711898259818554 0.11338339149951936 0.012731760822422803 11.2006093300879 844.56184776499867
0.60593048161827023 0.11711898259818554 0.11338339149951936 0.012731760822422803 11.2006093300879 844.56184776499867
0.16199087612330912 0.11071852333843708 0.11338339149951936 0.012731760822422803 11.2006093300879 844.56184776499867
0.16199087612330912 0.11711898259818554 0.16723381951451302 0.012731760822422803 11.2006093300879 844.56184776499867
0.16199087612330912 0.11711898259818554 0.11338339149951936 0.0077436379302293062 11.2006093300879 844.56184776499867
0.16199087612330912 0.11711898259818554 0.11338339149951936 0.012731760822422803 26.062981273978949 844.56184776499867
0.16199087612330912 0.11711898259818554 0.11338339149951936 0.012731760822422803 11.2006093300879 852.18079155310988
0.60593048161827023 0.11071852333843708 0.16723381951451302 0.0077436379302293062 26.062981273978949 852.18079155310988
0.56632960974238811 0.30295035429298878 0.31305219978094101 0.0014585474081337455 37.006853131577373 296.20828498154879
0.34524617916904382 0.30295035429298878 0.31305219978094101 0.0014585474081337455 37.006853131577373 296.20828498154879
0.56632960974238811 0.49763523861765868 0.31305219978094101 0.0014585474081337455 37.006853131577373 296.20828498154879
0.56632960974238811 0.30295035429298878 0.3844255462288857 0.0014585474081337455 37.006853131577373 296.20828498154879
0.56632960974238811 0.30295035429298878 0.31305219978094101 0.017950064473412932 37.006853131577373 296.20828498154879
0.56632960974238811 0.30295035429298878 0.31305219978094101 0.0014585474081337455 21.716433653607965 296.20828498154879
0.56632960974238811 0.30295035429298878 0.31305219978094101 0.0014585474081337455 37.006853131577373 478.44659192487597
0.34524617916904382 0.49763523861765868 0.3844255462288857 0.017950064473412932 21.716433653607965 478.44659192487597
0.69831944829784331 0.19158433042466641 0.4676887214183808 0.0040778382569551467 31.479989459738135 385.22009095177054
0.66587167219258836 0.19158433042466641 0.4676887214183808 0.0040778382569551467 31.479989459738135 385.22009095177054
0.69831944829784331 0.19517586864531042 0.4676887214183808 0.0040778382569551467 31.479989459738135 385.22009095177054
0.69831944829784331 0.19158433042466641 0.12553217262029648 0.0040778382569551467 31.479989459738135 385.22009095177054
0.69831944829784331 0.19158433042466641 0.4676887214183808 0.0020723834117874506 31.479989459738135 385.22009095177054
0.69831944829784331 0.19158433042466641 0.4676887214183808 0.0040778382569551467 26.912254841998219 385.22009095177054
0.69831944829784331 0.19158433042466641 0.4676887214183808 0.0040778382569551467 31.479989459738135 405.66280344501138
0.66587167219258836 0.19517586864531042 0.12553217262029648 0.0020723834117874506 26.912254841998219 405.66280344501138
0.11116914451122284 0.3774080697447062 0.26812043339014058 0.010129067912139 12.287170749157667 736.86641752719879
0.28411357537843285 0.3774080697447062 0.26812043339014058 0.010129067912139 12.287170749157667 736.86641752719879
0.11116914451122284 0.40669585540890696 0.26812043339014058 0.010129067912139 12.287170749157667 736.86641752719879
0.11116914451122284 0.3774080697447062 0.32085528746247294 0.010129067912139 12.287170749157667 736.86641752719879
0.11116914451122284 0.3774080697447062 0.26812043339014058 0.012324577208235861 12.287170749157667 736.86641752719879
0.11116914451122284 0.3774080697447062 0.26812043339014058 0.010129067912139 17.176040161401033 736.86641752719879
0.11116914451122284 0.3774080697447062 0.26812043339014058 0.010129067912139 12.287170749157667 917.82475085929036
0.28411357537843285 0.40669585540890696 0.32085528746247294 0.012324577208235861 17.176040161401033 917.82475085929036
0.3086029917467385 0.25392587333917616 0.37276728115975855 0.0097048613868653787 22.933454561978579 999.5712086558342
0.40459136287681752 0.25392587333917616 0.37276728115975855 0.0097048613868653787 22.933454561978579 999.5712086558342
0.3086029917467385 0.37922202013432982 0.37276728115975855 0.0097048613868653787 22.933454561978579 999.5712086558342
0.3086029917467385 0.25392587333917616 0.47320355959236626 0.0097048613868653787 22.933454561978579 999.5712086558342
0.3086029917467385 0.25392587333917616 0.37276728115975855 0.016655352760665119 22.933454561978579 999.5712086558342
0.3086029917467385 0.25392587333917616 0.37276728115975855 0.0097048613868653787 14.901734536513686 999.5712086558342
0.3086029917467385 0.25392587333917616 0.37276728115975855 0.0097048613868653787 22.933454561978579 712.11777972057462
0.40459136287681752 0.37922202013432982 0.47320355959236626 0.016655352760665119 14.901734536513686 712.11777972057462
0.38158910395577544 0.4649693466722965 0.17241793088614943 0.015719307884760201 25.303022248670459 198.09265425428748
0.14423195938579736 0.4649693466722965 0.17241793088614943 0.015719307884760201 25.303022248670459 198.09265425428748
0.38158910395577544 0.21574205309152605 0.17241793088614943 0.015719307884760201 25.303022248670459 198.09265425428748
0.38158910395577544 0.4649693466722965 0.28099644295871262 0.015719307884760201 25.303022248670459 198.09265425428748
0.38158910395577544 0.4649693466722965 0.17241793088614943 0.0064043533351272348 25.303022248670459 198.09265425428748
0.38158910395577544 0.4649693466722965 0.17241793088614943 0.015719307884760201 33.05351897329092 198.09265425428748
0.38158910395577544 0.4649693466722965 0.17241793088614943 0.015719307884760201 25.303022248670459 157.30139994993806
0.14423195938579736 0.21574205309152605 0.28099644295871262 0.0064043533351272348 33.05351897329092 157.30139994993806
0.43375757499597961 0.12995148114860058 0.39199774190783498 0.011796682286076249 18.705433310940862 257.01680742204189
0.65015983185730875 0.12995148114860058 0.39199774190783498 0.011796682286076249 18.705433310940862 257.01680742204189
0.43375757499597961 0.16542063169181348 0.39199774190783498 0.011796682286076249 18.705433310940862 257.01680742204189
0.43375757499597961 0.12995148114860058 0.11733403503894807 0.011796682286076249 18.705433310940862 257.01680742204189
0.43375757499597961 0.12995148114860058 0.39199774190783498 0.019909964994154872 18.705433310940862 257.01680742204189
0.43375757499597961 0.12995148114860058 0.39199774190783498 0.011796682286076249 31.827030090615153 257.01680742204189
0.43375757499597961 0.12995148114860058 0.39199774190783498 0.011796682286076249 18.705433310940862 276.39380535110831
0.65015983185730875 0.16542063169181348 0.11733403503894807 0.019909964994154872 31.827030090615153 276.39380535110831
0.33538548089563841 0.33787166662514212 0.19088240042328836 0.0032685771163553003 29.512958258390427 805.53813902661204
0.21985487244091928 0.33787166662514212 0.19088240042328836 0.0032685771163553003 29.512958258390427 805.53813902661204
0.33538548089563841 0.42733206450939176 0.19088240042328836 0.0032685771163553003 29.512958258390427 805.53813902661204
0.33538548089563841 0.33787166662514212 0.33452064916491508 0.0032685771163553003 29.512958258390427 805.53813902661204
0.33538548089563841 0.33787166662514212 0.19088240042328836 0.0096467291031032808 29.512958258390427 805.53813902661204
0.33538548089563841 0.33787166662514212 0.19088240042328836 0.0032685771163553003 12.276370778679848 805.53813902661204
0.33538548089563841 0.33787166662514212 0.19088240042328836 0.0032685771163553003 29.512958258390427 593.90557138249278
0.21985487244091928 0.42733206450939176 0.33452064916491508 0.0096467291031032808 12.276370778679848 593.90557138249278
0.084705946268513799 0.21751313209533693 0.49863755144178867 0.017305272651277483 35.703887708485126 558.4635722450912
0.42949491185136135 0.21751313209533693 0.49863755144178867 0.017305272651277483 35.703887708485126 558.4635722450912
0.084705946268513799 0.36174710281193256 0.49863755144178867 0.017305272651277483 35.703887708485126 558.4635722450912
0.084705946268513799 0.21751313209533693 0.48373167552053931 0.017305272651277483 35.703887708485126 558.4635722450912
0.084705946268513799 0.21751313209533693 0.49863755144178867 0.0040771836487576369 35.703887708485126 558.4635722450912
0.084705946268513799 0.21751313209533693 0.49863755144178867 0.017305272651277483 17.472767943516374 558.4635722450912
0.084705946268513799 0.21751313209533693 0.49863755144178867 0.017305272651277483 35.703887708485126 812.79613627120852
0.42949491185136135 0.36174710281193256 0.48373167552053931 0.0040771836487576369 17.472767943516374 812.79613627120852
0.64647026816383002 0.40021359845995907 0.29986577220261101 0.0088177283693104992 8.074026370421052 460.11001281440258
0.2018380258698016 0.40021359845995907 0.29986577220261101 0.0088177283693104992 8.074026370421052 460.11001281440258
0.64647026816383002 0.24865848943591118 0.29986577220261101 0.0088177283693104992 8.074026370421052 460.11001281440258
0.64647026816383002 0.40021359845995907 0.26343555115163331 0.0088177283693104992 8.074026370421052 460.11001281440258
0.64647026816383002 0.40021359845995907 0.29986577220261101 0.014341613910719754 8.074026370421052 460.11001281440258
0.64647026816383002 0.40021359845995907 0.29986577220261101 0.0088177283693104992 30.497591655701399 460.11001281440258
0.64647026816383002 0.40021359845995907 0.29986577220261101 0.0088177283693104992 8.074026370421052 509.81380259618163
0.2018380258698016 0.24865848943591118 0.26343555115163331 0.014341613910719754 30.497591655701399 509.81380259618163
0.61596136586740613 0.29275324493646626 0.14513178206980229 0.0061594406556338072 15.439159201458097 101.7585308291018
0.52998268897645173 0.29275324493646626 0.14513178206980229 0.0061594406556338072 15.439159201458097 101.7585308291018
0.61596136586740613 0.34639375247061255 0.14513178206980229 0.0061594406556338072 15.439159201458097 101.7585308291018
0.61596136586740613 0.29275324493646626 0.42308500371873381 0.0061594406556338072 15.439159201458097 101.7585308291018
0.61596136586740613 0.29275324493646626 0.14513178206980229 0.0060481740426272159 15.439159201458097 101.7585308291018
0.61596136586740613 0.29275324493646626 0.14513178206980229 0.0061594406556338072 20.607183400541544 101.7585308291018
0.61596136586740613 0.29275324493646626 0.14513178206980229 0.0061594406556338072 15.439159201458097 359.35580255463719
0.52998268897645173 0.34639375247061255 0.42308500371873381 0.0060481740426272159 20.607183400541544 359.35580255463719
0.19638299425132572 0.47545828595757489 0.34399797804653642 0.019946320412866772 32.808361157774925 903.40486746281385
0.10000262851826847 0.47545828595757489 0.34399797804653642 0.019946320412866772 32.808361157774925 903.40486746281385
0.19638299425132572 0.25792061761021612 0.34399797804653642 0.019946320412866772 32.808361157774925 903.40486746281385
0.19638299425132572 0.47545828595757489 0.23091969229280951 0.019946320412866772 32.808361157774925 903.40486746281385
0.19638299425132572 0.47545828595757489 0.34399797804653642 0.016242365300469099 32.808361157774925 903.40486746281385
0.19638299425132572 0.47545828595757489 0.34399797804653642 0.019946320412866772 23.5547543335706 903.40486746281385
0.19638299425132572 0.47545828595757489 0.34399797804653642 0.019946320412866772 32.808361157774925 970.39481708779931
0.10000262851826847 0.25792061761021612 0.23091969229280951 0.016242365300469099 23.5547543335706 970.39481708779931
0.22370592430233954 0.15509441457688811 0.23927178606390953 0.00064782905019819743 23.971101932227612 712.62321602553129
0.54799959124065933 0.15509441457688811 0.23927178606390953 0.00064782905019819743 23.971101932227612 712.62321602553129
0.22370592430233954 0.13112197183072569 0.23927178606390953 0.00064782905019819743 23.971101932227612 712.62321602553129
0.22370592430233954 0.15509441457688811 0.17544336542487146 0.00064782905019819743 23.971101932227612 712.62321602553129
0.22370592430233954 0.15509441457688811 0.23927178606390953 0.010672890693321826 23.971101932227612 712.62321602553129
0.22370592430233954 0.15509441457688811 0.23927178606390953 0.00064782905019819743 36.134007193148136 712.62321602553129
0.22370592430233954 0.15509441457688811 0.23927178606390953 0.00064782905019819743 23.971101932227612 722.82992238178849
0.54799959124065933 0.13112197183072569 0.17544336542487146 0.010672890693321826 36.134007193148136 722.82992238178849
0.46426396868191655 0.36301917470991618 0.44048191979527473 0.01439535641577095 19.777690509334207 361.14465156570077
0.32066744924522933 0.36301917470991618 0.44048191979527473 0.01439535641577095 19.777690509334207 361.14465156570077
0.46426396868191655 0.46764888316392905 0.44048191979527473 0.01439535641577095 19.777690509334207 361.14465156570077
0.46426396868191655 0.36301917470991618 0.37074877619743352 0.01439535641577095 19.777690509334207 361.14465156570077
0.46426396868191655 0.36301917470991618 0.44048191979527473 0.00047990317400544889 19.777690509334207 361.14465156570077
0.46426396868191655 0.36301917470991618 0.44048191979527473 0.01439535641577095 11.660514047369361 361.14465156570077
0.46426396868191655 0.36301917470991618 0.44048191979527473 0.01439535641577095 19.777690509334207 154.39040856435895
0.32066744924522933 0.46764888316392905 0.37074877619743352 0.00047990317400544889 11.660514047369361 154.39040856435895
