0.47377473334781817 0.21942427754402161 0.25543897673487664 0.014956438935361804 37.117001369595528 746.14471411332488
0.33626453941687934 0.21942427754402161 0.25543897673487664 0.014956438935361804 37.117001369595528 746.14471411332488
0.47377473334781817 0.34551585651934147 0.25543897673487664 0.014956438935361804 37.117001369595528 746.14471411332488
0.47377473334781817 0.21942427754402161 0.1834873802959919 0.014956438935361804 37.117001369595528 746.14471411332488
0.47377473334781817 0.21942427754402161 0.25543897673487664 0.0049379257161170243 37.117001369595528 746.14471411332488
0.47377473334781817 0.21942427754402161 0.25543897673487664 0.014956438935361804 32.20389087870717 746.14471411332488
0.47377473334781817 0.21942427754402161 0.25543897673487664 0.014956438935361804 37.117001369595528 793.01822436973453
0.33626453941687934 0.34551585651934147 0.1834873802959919 0.0049379257161170243 32.20389087870717 793.01822436973453
0.2166976002976298 0.4116813115775585 0.45577306523919103 0.0011695590306073428 10.431027488783002 394.61164548993111
0.61373061304911969 0.4116813115775585 0.45577306523919103 0.0011695590306073428 10.431027488783002 394.61164548993111
0.2166976002976298 0.25860444679856298 0.45577306523919103 0.0011695590306073428 10.431027488783002 394.61164548993111
0.2166976002976298 0.4116813115775585 0.36309386044740677 0.0011695590306073428 10.431027488783002 394.61164548993111
0.2166976002976298 0.4116813115775585 0.45577306523919103 0.014563061507605017 10.431027488783002 394.61164548993111
0.2166976002976298 0.4116813115775585 0.45577306523919103 0.0011695590306073428 11.942765416577458 394.61164548993111
0.2166976002976298 0.4116813115775585 0.45577306523919103 0.0011695590306073428 10.431027488783002 533.98131048306823
0.61373061304911969 0.25860444679856298 0.36309386044740677 0.014563061507605017 11.942765416577458 533.98131048306823
0.2033944467548281 0.13193596415221692 0.16051752604544164 0.019230551278404891 17.28962648846209 188.04186806082726
0.074339795671403405 0.13193596415221692 0.16051752604544164 0.019230551278404891 17.28962648846209 188.04186806082726
0.2033944467548281 0.13044091425836088 0.16051752604544164 0.019230551278404891 17.28962648846209 188.04186806082726
0.2033944467548281 0.13193596415221692 0.41855491809546952 0.019230551278404891 17.28962648846209 188.04186806082726
0.2033944467548281 0.13193596415221692 0.16051752604544164 0.018895102241262795 17.28962648846209 188.04186806082726
0.2033944467548281 0.13193596415221692 0.16051752604544164 0.019230551278404891 17.967042319476604 188.04186806082726
0.2033944467548281 0.13193596415221692 0.16051752604544164 0.019230551278404891 17.28962648846209 317.26396521553397
0.074339795671403405 0.13044091425836088 0.41855491809546952 0.018895102241262795 17.967042319476604 317.26396521553397
0.6064537297002971 0.34907092042267324 0.36007055826485157 0.0054830222900956868 27.166038893163204 989.63370388373733
0.47447362896054979 0.34907092042267324 0.36007055826485157 0.0054830222900956868 27.166038893163204 989.63370388373733
0.6064537297002971 0.46852955073118208 0.36007055826485157 0.0054830222900956868 27.166038893163204 989.63370388373733
0.6064537297002971 0.34907092042267324 0.23583887703716755 0.0054830222900956868 27.166038893163204 989.63370388373733
0.6064537297002971 0.34907092042267324 0.36007055826485157 0.0092687437547370796 27.166038893163204 989.63370388373733
0.6064537297002971 0.34907092042267324 0.36007055826485157 0.0054830222900956868 29.812655245885253 989.63370388373733
0.6064537297002971 0.34907092042267324 0.36007055826485157 0.0054830222900956868 27.166038893163204 562.70531145855784
0.47447362896054979 0.46852955073118208 0.23583887703716755 0.0092687437547370796 29.812655245885253 562.70531145855784
0.65719358762726188 0.15640584193170071 0.40855455137789254 0.0081013549868017443 26.320832252502441 648.04280791431665
0.13611428895965216 0.15640584193170071 0.40855455137789254 0.0081013549868017443 26.320832252502441 648.04280791431665
0.65719358762726188 0.16454435102641585 0.40855455137789254 0.0081013549868017443 26.320832252502441 648.04280791431665
0.65719358762726188 0.15640584193170071 0.47607840485870845 0.0081013549868017443 26.320832252502441 648.04280791431665
0.65719358762726188 0.15640584193170071 0.40855455137789254 0.010722127596847715 26.320832252502441 648.04280791431665
0.65719358762726188 0.15640584193170071 0.40855455137789254 0.0081013549868017443 20.925433171913028 648.04280791431665
0.65719358762726188 0.15640584193170071 0.40855455137789254 0.0081013549868017443 26.320832252502441 770.73079580441117
0.13611428895965216 0.16454435102641585 0.47607840485870845 0.010722127596847715 20.925433171913028 770.73079580441117
0.071322734514251349 0.37352401055395601 0.20890710838139059 0.016629458533786237 21.198182256892323 549.63474767282605
0.41389053920283908 0.37352401055395601 0.20890710838139059 0.016629458533786237 21.198182256892323 549.63474767282605
0.071322734514251349 0.42801750898361213 0.20890710838139059 0.016629458533786237 21.198182256892323 549.63474767282605
0.071322734514251349 0.37352401055395601 0.27148097269237043 0.016629458533786237 21.198182256892323 549.63474767282605
0.071322734514251349 0.37352401055395601 0.20890710838139059 0.0012046894308179619 21.198182256892323 549.63474767282605
0.071322734514251349 0.37352401055395601 0.20890710838139059 0.016629458533786237 23.16257181763649 549.63474767282605
0.071322734514251349 0.37352401055395601 0.20890710838139059 0.016629458533786237 21.198182256892323 102.09607677534223
0.41389053920283908 0.42801750898361213 0.27148097269237043 0.0012046894308179619 23.16257181763649 102.09607677534223
0.34876680392771953 0.2937962129712105 0.30113367661833768 0.0038302638839930298 13.084854597225785 286.80295394733548
0.2753715224564075 0.2937962129712105 0.30113367661833768 0.0038302638839930298 13.084854597225785 286.80295394733548
0.34876680392771953 0.36106460876762869 0.30113367661833768 0.0038302638839930298 13.084854597225785 286.80295394733548
0.34876680392771953 0.2937962129712105 0.12225467413663865 0.0038302638839930298 13.084854597225785 286.80295394733548
0.34876680392771953 0.2937962129712105 0.30113367661833768 0.0055366498759016397 13.084854597225785 286.80295394733548
0.34876680392771953 0.2937962129712105 0.30113367661833768 0.0038302638839930298 36.804051140323281 286.80295394733548
0.34876680392771953 0.2937962129712105 0.30113367661833768 0.0038302638839930298 13.084854597225785 346.60881878808141
0.2753715224564075 0.36106460876762869 0.12225467413663865 0.0055366498759016397 36.804051140323281 346.60881878808141
0.42303236681036643 0.48603645935654638 0.1007047899067402 0.012317808018438519 31.399817980825901 835.26978138834238
0.67581506744027131 0.48603645935654638 0.1007047899067402 0.012317808018438519 31.399817980825901 835.26978138834238
0.42303236681036643 0.24953772053122522 0.1007047899067402 0.012317808018438519 31.399817980825901 835.26978138834238
0.42303236681036643 0.48603645935654638 0.32999216094613076 0.012317808018438519 31.399817980825901 835.26978138834238
0.42303236681036643 0.48603645935654638 0.1007047899067402 0.015052874862030149 31.399817980825901 835.26978138834238
0.42303236681036643 0.48603645935654638 0.1007047899067402 0.012317808018438519 11.151370342820883 835.26978138834238
0.42303236681036643 0.48603645935654638 0.1007047899067402 0.012317808018438519 31.399817980825901 973.46803853288293
0.67581506744027131 0.24953772053122522 0.32999216094613076 0.015052874862030149 11.151370342820883 973.46803853288293
0.39363345382735127 0.12138608507812024 0.33249144218862059 0.015196293877251448 9.7947946302592754 910.07394129410386
0.21055187266319986 0.12138608507812024 0.33249144218862059 0.015196293877251448 9.7947946302592754 910.07394129410386
0.39363345382735127 0.19449413157999518 0.33249144218862059 0.015196293877251448 9.7947946302592754 910.07394129410386
0.39363345382735127 0.12138608507812024 0.46874764598906038 0.015196293877251448 9.7947946302592754 910.07394129410386
0.39363345382735127 0.12138608507812024 0.33249144218862059 0.0087790262339636702 9.7947946302592754 910.07394129410386
0.39363345382735127 0.12138608507812024 0.33249144218862059 0.015196293877251448 8.5257565248757601 910.07394129410386
0.39363345382735127 0.12138608507812024 0.33249144218862059 0.015196293877251448 9.7947946302592754 866.68204730376601
0.21055187266319986 0.19449413157999518 0.46874764598906038 0.0087790262339636702 8.5257565248757601 866.68204730376601
0.29398191147483882 0.31049961037933826 0.13125994317233564 0.0091450628943741327 34.671799859032035 108.54088272899389
0.41944334488362067 0.31049961037933826 0.13125994317233564 0.0091450628943741327 34.671799859032035 108.54088272899389
0.29398191147483882 0.40757739320397379 0.13125994317233564 0.0091450628943741327 34.671799859032035 108.54088272899389
0.29398191147483882 0.31049961037933826 0.28584145568311214 0.0091450628943741327 34.671799859032035 108.54088272899389
0.29398191147483882 0.31049961037933826 0.13125994317233564 0.018307486505433918 34.671799859032035 108.54088272899389
0.29398191147483882 0.31049961037933826 0.13125994317233564 0.0091450628943741327 35.577355001121759 108.54088272899389
0.29398191147483882 0.31049961037933826 0.13125994317233564 0.0091450628943741327 34.671799859032035 452.51805288717151
0.41944334488362067 0.40757739320397379 0.28584145568311214 0.018307486505433918 35.577355001121759 452.51805288717151
0.12579215224832296 0.23389890789985657 0.426631447672844 0.01080677030477673 29.607691897079349 355.46098109334707
0.22792388042435047 0.23389890789985657 0.426631447672844 0.01080677030477673 29.607691897079349 355.46098109334707
0.12579215224832296 0.37834344469010828 0.426631447672844 0.01080677030477673 29.607691897079349 355.46098109334707
0.12579215224832296 0.23389890789985657 0.13350234925746918 0.01080677030477673 29.607691897079349 355.46098109334707
0.12579215224832296 0.23389890789985657 0.426631447672844 0.012739163709245624 29.607691897079349 355.46098109334707
0.12579215224832296 0.23389890789985657 0.426631447672844 0.01080677030477673 26.748130640015006 355.46098109334707
0.12579215224832296 0.23389890789985657 0.426631447672844 0.01080677030477673 29.607691897079349 222.94671712443233
0.22792388042435047 0.37834344469010828 0.13350234925746918 0.012739163709245624 26.748130640015006 222.94671712443233
0.68627702589146788 0.44789037033915524 0.22774389237165452 0.0047923233643174168 17.922083634883165 707.05280685797334
0.64073326727375379 0.44789037033915524 0.22774389237165452 0.0047923233643174168 17.922083634883165 707.05280685797334
0.68627702589146788 0.21642675250768661 0.22774389237165452 0.0047923233643174168 17.922083634883165 707.05280685797334
0.68627702589146788 0.44789037033915524 0.31327420994639399 0.0047923233643174168 17.922083634883165 707.05280685797334
0.68627702589146788 0.44789037033915524 0.22774389237165452 0.0032094902578741315 17.922083634883165 707.05280685797334
0.68627702589146788 0.44789037033915524 0.22774389237165452 0.0047923233643174168 21.222397156059742 707.05280685797334
0.68627702589146788 0.44789037033915524 0.22774389237165452 0.0047923233643174168 17.922083634883165 650.76121082529426
0.64073326727375379 0.21642675250768661 0.31327420994639399 0.0032094902578741315 21.222397156059742 650.76121082529426
0.57451810422353444 0.25913134366273882 0.17935736179351808 0.0021356455527245998 20.591130491346121 811.0673863440752
0.33040178716182705 0.25913134366273882 0.17935736179351808 0.0021356455527245998 20.591130491346121 811.0673863440752
0.57451810422353444 0.31263599507510664 0.17935736179351808 0.0021356455527245998 20.591130491346121 811.0673863440752
0.57451810422353444 0.25913134366273882 0.1720802389085293 0.0021356455527245998 20.591130491346121 811.0673863440752
0.57451810422353444 0.25913134366273882 0.17935736179351808 0.017187402478232978 20.591130491346121 811.0673863440752
0.57451810422353444 0.25913134366273882 0.17935736179351808 0.0021356455527245998 27.304220601916313 811.0673863440752
0.57451810422353444 0.25913134366273882 0.17935736179351808 0.0021356455527245998 20.591130491346121 669.49313329532743
0.33040178716182705 0.31263599507510664 0.1720802389085293 0.017187402478232978 27.304220601916313 669.49313329532743
0.15621918085962533 0.47314263954758651 0.37814440280199058 0.013446850177831949 23.90458563528955 262.65932274982333
0.53960297107696531 0.47314263954758651 0.37814440280199058 0.013446850177831949 23.90458563528955 262.65932274982333
0.15621918085962533 0.27611603140830998 0.37814440280199058 0.013446850177831949 23.90458563528955 262.65932274982333
0.15621918085962533 0.47314263954758651 0.3799712777137757 0.013446850177831949 23.90458563528955 262.65932274982333
0.15621918085962533 0.47314263954758651 0.37814440280199058 0.007573280457220972 23.90458563528955 262.65932274982333
0.15621918085962533 0.47314263954758651 0.37814440280199058 0.013446850177831949 16.857541559264064 262.65932274982333
0.15621918085962533 0.47314263954758651 0.37814440280199058 0.013446850177831949 23.90458563528955 211.35633373633027
0.53960297107696531 0.27611603140830998 0.3799712777137757 0.007573280457220972 16.857541559264064 211.35633373633027
0.26355233551003038 0.19652134142816069 0.28599718175828459 0.0065233563810586934 33.81228899769485 453.36890323087573
0.10911165410652757 0.19652134142816069 0.28599718175828459 0.0065233563810586934 33.81228899769485 453.36890323087573
0.26355233551003038 0.10984137244522572 0.28599718175828459 0.0065233563810586934 33.81228899769485 453.36890323087573
0.26355233551003038 0.19652134142816069 0.42606953345239162 0.0065233563810586934 33.81228899769485 453.36890323087573
0.26355233551003038 0.19652134142816069 0.28599718175828459 0.0020050379496067763 33.81228899769485 453.36890323087573
0.26355233551003038 0.19652134142816069 0.28599718175828459 0.0065233563810586934 15.411115895956755 453.36890323087573
0.26355233551003038 0.19652134142816069 0.28599718175828459 0.0065233563810586934 33.81228899769485 413.13227275386453
0.10911165410652757 0.10984137244522572 0.42606953345239162 0.0020050379496067763 15.411115895956755 413.13227275386453
0.50538982814177869 0.38565470017492776 0.48712777905166149 0.017796568467654289 13.688357744365931 551.8357340246439
0.52223121756687751 0.38565470017492776 0.48712777905166149 0.017796568467654289 13.688357744365931 551.8357340246439
0.50538982814177869 0.4983213625848294 0.48712777905166149 0.017796568467654289 13.688357744365931 551.8357340246439
0.50538982814177869 0.38565470017492776 0.22129453755915166 0.017796568467654289 13.688357744365931 551.8357340246439
0.50538982814177869 0.38565470017492776 0.48712777905166149 0.011617937275581063 13.688357744365931 551.8357340246439
0.50538982814177869 0.38565470017492776 0.48712777905166149 0.017796568467654289 32.383687758818269 551.8357340246439
0.50538982814177869 0.38565470017492776 0.48712777905166149 0.017796568467654289 13.688357744365931 912.98963995650411
0.52223121756687751 0.4983213625848294 0.22129453755915166 0.011617937275581063 32.383687758818269 912.98963995650411
0.53310904419049621 0.18588248416781428 0.14738242961466314 0.002969022032245994 27.862610753625631 236.91371539607644
0.59101683162152763 0.18588248416781428 0.14738242961466314 0.002969022032245994 27.862610753625631 236.91371539607644
0.53310904419049621 0.11444265469908715 0.14738242961466314 0.002969022032245994 27.862610753625631 236.91371539607644
0.53310904419049621 0.18588248416781428 0.29012816213071346 0.002969022032245994 27.862610753625631 236.91371539607644
0.53310904419049621 0.18588248416781428 0.14738242961466314 0.00054029580056667327 27.862610753625631 236.91371539607644
0.53310904419049621 0.18588248416781428 0.14738242961466314 0.002969022032245994 33.39633990265429 236.91371539607644
0.53310904419049621 0.18588248416781428 0.14738242961466314 0.002969022032245994 27.862610753625631 737.14938638731837
0.59101683162152763 0.11444265469908715 0.29012816213071346 0.00054029580056667327 33.39633990265429 737.14938638731837
0.27602229923941191 0.39668790102005003 0.34781436808407307 0.011457849308662118 16.169793104752898 785.43561529368162
0.36397836171090597 0.39668790102005003 0.34781436808407307 0.011457849308662118 16.169793104752898 785.43561529368162
0.27602229923941191 0.47753203101456165 0.34781436808407307 0.011457849308662118 16.169793104752898 785.43561529368162
0.27602229923941191 0.39668790102005003 0.45723437704145908 0.011457849308662118 16.169793104752898 785.43561529368162
0.27602229923941191 0.39668790102005003 0.34781436808407307 0.010143541393615306 16.169793104752898 785.43561529368162
0.27602229923941191 0.39668790102005003 0.34781436808407307 0.011457849308662118 14.514907386153936 785.43561529368162
0.27602229923941191 0.39668790102005003 0.34781436808407307 0.011457849308662118 16.169793104752898 140.13167312368751
0.36397836171090597 0.47753203101456165 0.45723437704145908 0.010143541393615306 14.514907386153936 140.13167312368751
0.14341265652328727 0.27329650707542896 0.24308502897620202 0.0084788965720683351 11.550861654803157 578.78513019531965
0.48730762572959058 0.27329650707542896 0.24308502897620202 0.0084788965720683351 11.550861654803157 578.78513019531965
0.14341265652328727 0.31155037283897402 0.24308502897620202 0.0084788965720683351 11.550861654803157 578.78513019531965
0.14341265652328727 0.27329650707542896 0.31113286539912222 0.0084788965720683351 11.550861654803157 578.78513019531965
0.14341265652328727 0.27329650707542896 0.24308502897620202 0.015713067891448738 11.550861654803157 578.78513019531965
0.14341265652328727 0.27329650707542896 0.24308502897620202 0.0084788965720683351 15.873657448217273 578.78513019531965
0.14341265652328727 0.27329650707542896 0.24308502897620202 0.0084788965720683351 11.550861654803157 373.66153365001082
0.48730762572959058 0.31155037283897402 0.31113286539912222 0.015713067891448738 15.873657448217273 373.66153365001082
0.54650200041942298 0.45937048606574538 0.4427355237305165 0.01700571638699621 36.420428726822138 480.43191442266107
0.056349536497145893 0.45937048606574538 0.4427355237305165 0.01700571638699621 36.420428726822138 480.43191442266107
0.54650200041942298 0.29963970296084885 0.4427355237305165 0.01700571638699621 36.420428726822138 480.43191442266107
0.54650200041942298 0.45937048606574538 0.14091713130474093 0.01700571638699621 36.420428726822138 480.43191442266107
0.54650200041942298 0.45937048606574538 0.4427355237305165 0.0061086280750110751 36.420428726822138 480.43191442266107
0.54650200041942298 0.45937048606574538 0.4427355237305165 0.01700571638699621 28.170631110668182 480.43191442266107
0.54650200041942298 0.45937048606574538 0.4427355237305165 0.01700571638699621 36.420428726822138 956.14981455728412
0.056349536497145893 0.29963970296084885 0.14091713130474093 0.0061086280750110751 28.170631110668182 956.14981455728412
0.6784940376412123 0.24766266979277135 0.38799858018755917 0.01962773092519492 32.067379962652922 138.12688700854778
0.38586183059960599 0.24766266979277135 0.38799858018755917 0.01962773092519492 32.067379962652922 138.12688700854778
0.6784940376412123 0.39581250995397566 0.38799858018755917 0.01962773092519492 32.067379962652922 138.12688700854778
0.6784940376412123 0.24766266979277135 0.39443750381469733 0.01962773092519492 32.067379962652922 138.12688700854778
0.6784940376412123 0.24766266979277135 0.38799858018755917 0.013904189385659994 32.067379962652922 138.12688700854778
0.6784940376412123 0.24766266979277135 0.38799858018755917 0.01962773092519492 22.114270769059658 138.12688700854778
0.6784940376412123 0.24766266979277135 0.38799858018755917 0.01962773092519492 32.067379962652922 827.11473861709237
0.38586183059960599 0.39581250995397566 0.39443750381469733 0.013904189385659994 22.114270769059658 827.11473861709237
0.092593743465840816 0.4337320741266012 0.1884485997259617 0.0058789182048290967 11.936009546741843 939.77378187701106
0.15914299059659243 0.4337320741266012 0.1884485997259617 0.0058789182048290967 11.936009546741843 939.77378187701106
0.092593743465840816 0.20928636156022551 0.1884485997259617 0.0058789182048290967 11.936009546741843 939.77378187701106
0.092593743465840816 0.4337320741266012 0.15234057530760767 0.0058789182048290967 11.936009546741843 939.77378187701106
0.092593743465840816 0.4337320741266012 0.1884485997259617 0.0043648526124656197 11.936009546741843 939.77378187701106
0.092593743465840816 0.4337320741266012 0.1884485997259617 0.0058789182048290967 25.738440101966262 939.77378187701106
0.092593743465840816 0.4337320741266012 0.1884485997259617 0.0058789182048290967 11.936009546741843 495.55420549586415
0.15914299059659243 0.20928636156022551 0.15234057530760767 0.0043648526124656197 25.738440101966262 495.55420549586415
0.32684368216432624 0.11034601703286172 0.49620060361921792 0.014114835145138206 22.347026301547885 676.91277889534831
0.69349040640518067 0.11034601703286172 0.49620060361921792 0.014114835145138206 22.347026301547885 676.91277889534831
0.32684368216432624 0.17975947633385658 0.49620060361921792 0.014114835145138206 22.347026301547885 676.91277889534831
0.32684368216432624 0.11034601703286172 0.20467679835855962 0.014114835145138206 22.347026301547885 676.91277889534831
0.32684368216432624 0.11034601703286172 0.49620060361921792 0.0099343084106221814 22.347026301547885 676.91277889534831
0.32684368216432624 0.11034601703286172 0.49620060361921792 0.014114835145138206 34.714391577988863 676.91277889534831
0.32684368216432624 0.11034601703286172 0.49620060361921792 0.014114835145138206 22.347026301547885 290.69867478683591
0.69349040640518067 0.17975947633385658 0.20467679835855962 0.0099343084106221814 34.714391577988863 290.69867478683591
0.40111947683617466 0.32114685922861097 0.29586956687271593 0.00032923838235437872 25.653271276503801 325.43456815183163
0.26285241199657317 0.32114685922861097 0.29586956687271593 0.00032923838235437872 25.653271276503801 325.43456815183163
0.40111947683617466 0.41823337413370609 0.29586956687271593 0.00032923838235437872 25.653271276503801 325.43456815183163
0.40111947683617466 0.32114685922861097 0.44991383515298367 0.00032923838235437872 25.653271276503801 325.43456815183163
0.40111947683617466 0.32114685922861097 0.29586956687271593 0.019472441297769545 25.653271276503801 325.43456815183163
0.40111947683617466 0.32114685922861097 0.29586956687271593 0.00032923838235437872 9.5057357866317034 325.43456815183163
0.40111947683617466 0.32114685922861097 0.29586956687271593 0.00032923838235437872 25.653271276503801 579.65970719233155
0.26285241199657317 0.41823337413370609 0.44991383515298367 0.019472441297769545 9.5057357866317034 579.65970719233155
0.45614158916287117 0.28627549000084401 0.46545013785362244 0.0073842964038252834 19.056508123874664 519.46970811113715
0.44251109706237907 0.28627549000084401 0.46545013785362244 0.0073842964038252834 19.056508123874664 519.46970811113715
0.45614158916287117 0.36312834247946746 0.46545013785362244 0.0073842964038252834 19.056508123874664 519.46970811113715
0.45614158916287117 0.28627549000084401 0.36132561713457112 0.0073842964038252834 19.056508123874664 519.46970811113715
0.45614158916287117 0.28627549000084401 0.46545013785362244 0.0069917146148160102 19.056508123874664 519.46970811113715
0.45614158916287117 0.28627549000084401 0.46545013785362244 0.0073842964038252834 10.13940529152751 519.46970811113715
0.45614158916287117 0.28627549000084401 0.46545013785362244 0.0073842964038252834 19.056508123874664 697.87363549694419
0.44251109706237907 0.36312834247946746 0.36132561713457112 0.0069917146148160102 10.13940529152751 697.87363549694419
0.35648044217377894 0.4939500015228987 0.26431648880243303 0.018656224758364259 28.925711365416646 617.99159795045853
0.18248410867527126 0.4939500015228987 0.26431648880243303 0.018656224758364259 28.925711365416646 617.99159795045853
0.35648044217377894 0.22621086426079273 0.26431648880243303 0.018656224758364259 28.925711365416646 617.99159795045853
0.35648044217377894 0.4939500015228987 0.19091968610882759 0.018656224758364259 28.925711365416646 617.99159795045853
0.35648044217377894 0.4939500015228987 0.26431648880243303 0.016536948154121638 28.925711365416646 617.99159795045853
0.35648044217377894 0.4939500015228987 0.26431648880243303 0.018656224758364259 37.699114793911576 617.99159795045853
0.35648044217377894 0.4939500015228987 0.26431648880243303 0.018656224758364259 28.925711365416646 171.60798935219646
0.18248410867527126 0.22621086426079273 0.19091968610882759 0.016536948154121638 37.699114793911576 171.60798935219646
0.063906061509624121 0.17369066402316094 0.36896648369729523 0.001757802138477564 35.353781396523118 864.88248705863953
0.62825444228947158 0.17369066402316094 0.36896648369729523 0.001757802138477564 35.353781396523118 864.88248705863953
0.063906061509624121 0.15974625349044802 0.36896648369729523 0.001757802138477564 35.353781396523118 864.88248705863953
0.063906061509624121 0.17369066402316094 0.24014315493404867 0.001757802138477564 35.353781396523118 864.88248705863953
0.063906061509624121 0.17369066402316094 0.36896648369729523 0.012206120711006225 35.353781396523118 864.88248705863953
0.063906061509624121 0.17369066402316094 0.36896648369729523 0.001757802138477564 24.145769730210304 864.88248705863953
0.063906061509624121 0.17369066402316094 0.36896648369729523 0.001757802138477564 35.353781396523118 391.4049263112247
0.62825444228947158 0.15974625349044802 0.24014315493404867 0.012206120711006225 24.145769730210304 391.4049263112247
0.62442100336775175 0.35663372278213501 0.17017639093101025 0.013070289905555548 8.6603691354393959 316.52928134426475
0.24555891938507557 0.35663372278213501 0.17017639093101025 0.013070289905555548 8.6603691354393959 316.52928134426475
0.62442100336775175 0.44782872907817362 0.17017639093101025 0.013070289905555548 8.6603691354393959 316.52928134426475
0.62442100336775175 0.35663372278213501 0.40741470269858837 0.013070289905555548 8.6603691354393959 316.52928134426475
0.62442100336775175 0.35663372278213501 0.17017639093101025 0.0026596832856535914 8.6603691354393959 316.52928134426475
0.62442100336775175 0.35663372278213501 0.17017639093101025 0.013070289905555548 20.06016662530601 316.52928134426475
0.62442100336775175 0.35663372278213501 0.17017639093101025 0.013070289905555548 8.6603691354393959 932.14507317170501
0.24555891938507557 0.44782872907817362 0.40741470269858837 0.0026596832856535914 20.06016662530601 932.14507317170501
0.59391426099464295 0.14883159175515176 0.22481587193906308 0.010409893077053131 14.851908341050148 421.58752847462893
0.56735585359856489 0.14883159175515176 0.22481587193906308 0.010409893077053131 14.851908341050148 421.58752847462893
0.59391426099464295 0.14380687922239305 0.22481587193906308 0.010409893077053131 14.851908341050148 421.58752847462893
0.59391426099464295 0.14883159175515176 0.2545023869723082 0.010409893077053131 14.851908341050148 421.58752847462893
0.59391426099464295 0.14883159175515176 0.22481587193906308 0.017720399154722691 14.851908341050148 421.58752847462893
0.59391426099464295 0.14883159175515176 0.22481587193906308 0.010409893077053131 28.921467831358314 421.58752847462893
0.59391426099464295 0.14883159175515176 0.22481587193906308 0.010409893077053131 14.851908341050148 837.93750228360295
0.56735585359856489 0.14380687922239305 0.2545023869723082 0.017720399154722691 28.921467831358314 837.93750228360295
0.17558588930405677 0.33178228288888933 0.42370037548243999 0.004396729278564453 33.159432785585523 773.23442669585347
0.30764896003529424 0.33178228288888933 0.42370037548243999 0.004396729278564453 33.159432785585523 773.23442669585347
0.17558588930405677 0.45728608332574372 0.42370037548243999 0.004396729278564453 33.159432785585523 773.23442669585347
0.17558588930405677 0.33178228288888933 0.49989292807877062 0.004396729278564453 33.159432785585523 773.23442669585347
0.17558588930405677 0.33178228288888933 0.42370037548243999 0.0081230588102713247 33.159432785585523 773.23442669585347
0.17558588930405677 0.33178228288888933 0.42370037548243999 0.004396729278564453 18.975588895380497 773.23442669585347
0.17558588930405677 0.33178228288888933 0.42370037548243999 0.004396729278564453 33.159432785585523 492.75403628125787
0.30764896003529424 0.45728608332574372 0.49989292807877062 0.0081230588102713247 18.975588895380497 492.75403628125787
0.24480304550379511 0.21151455081999304 0.11583240330219269 0.016038200086541474 24.557441065087914 963.86329950764775
0.50428125355392694 0.21151455081999304 0.11583240330219269 0.016038200086541474 24.557441065087914 963.86329950764775
0.24480304550379511 0.3286342777311802 0.11583240330219269 0.016038200086541474 24.557441065087914 963.86329950764775
0.24480304550379511 0.21151455081999304 0.34442865625023844 0.016038200086541474 24.557441065087914 963.86329950764775
0.24480304550379511 0.21151455081999304 0.11583240330219269 0.0037923020668327811 24.557441065087914 963.86329950764775
0.24480304550379511 0.21151455081999304 0.11583240330219269 0.016038200086541474 12.805041747167706 963.86329950764775
0.24480304550379511 0.21151455081999304 0.11583240330219269 0.016038200086541474 24.557441065087914 244.28276950493455
0.50428125355392694 0.3286342777311802 0.34442865625023844 0.0037923020668327811 12.805041747167706 244.28276950493455
0.48665076266042884 0.4191966947168112 0.31706085056066513 0.0099856853716075427 19.427580676972866 162.3850854113698
0.12190536055713891 0.4191966947168112 0.31706085056066513 0.0099856853716075427 19.427580676972866 162.3850854113698
0.48665076266042884 0.26711352802813054 0.31706085056066513 0.0099856853716075427 19.427580676972866 162.3850854113698
0.48665076266042884 0.4191966947168112 0.10215411633253098 0.0099856853716075427 19.427580676972866 162.3850854113698
0.48665076266042884 0.4191966947168112 0.31706085056066513 0.01338844818789512 19.427580676972866 162.3850854113698
0.48665076266042884 0.4191966947168112 0.31706085056066513 0.0099856853716075427 31.225056473165751 162.3850854113698
0.48665076266042884 0.4191966947168112 0.31706085056066513 0.0099856853716075427 19.427580676972866 632.12066786363721
0.12190536055713891 0.26711352802813054 0.10215411633253098 0.01338844818789512 31.225056473165751 632.12066786363721
