0.49376159524545066 0.27534027323126797 0.40245719142258174 0.013949275495298209 23.743872504681349 168.62580543383956
0.51860811691731212 0.27534027323126797 0.40245719142258174 0.013949275495298209 23.743872504681349 168.62580543383956
0.49376159524545066 0.36144315339624888 0.40245719142258174 0.013949275495298209 23.743872504681349 168.62580543383956
0.49376159524545066 0.27534027323126797 0.4016621552407742 0.013949275495298209 23.743872504681349 168.62580543383956
0.49376159524545066 0.27534027323126797 0.40245719142258174 0.0078345142880454667 23.743872504681349 168.62580543383956
0.49376159524545066 0.27534027323126797 0.40245719142258174 0.013949275495298209 27.062574440613389 168.62580543383956
0.49376159524545066 0.27534027323126797 0.40245719142258174 0.013949275495298209 23.743872504681349 744.8760099709034
0.51860811691731212 0.36144315339624888 0.4016621552407742 0.0078345142880454667 27.062574440613389 744.8760099709034
0.23669809610582887 0.49238521754741671 0.2021015826612711 0.00047304510250687599 20.488089492544532 970.15886232256889
0.10637840311974286 0.49238521754741671 0.2021015826612711 0.00047304510250687599 20.488089492544532 970.15886232256889
0.23669809610582887 0.24991630092263223 0.2021015826612711 0.00047304510250687599 20.488089492544532 970.15886232256889
0.23669809610582887 0.49238521754741671 0.24394257068634034 0.00047304510250687599 20.488089492544532 970.15886232256889
0.23669809610582887 0.49238521754741671 0.2021015826612711 0.018009378865361213 20.488089492544532 970.15886232256889
0.23669809610582887 0.49238521754741671 0.2021015826612711 0.00047304510250687599 17.084768276661634 970.15886232256889
0.23669809610582887 0.49238521754741671 0.2021015826612711 0.00047304510250687599 20.488089492544532 132.51877017319202
0.10637840311974286 0.24991630092263223 0.24394257068634034 0.018009378865361213 17.084768276661634 132.51877017319202
0.18275607619434592 0.1627554465085268 0.30675487890839581 0.019459754873253406 13.791374547407031 765.40051475167274
0.54170239111408591 0.1627554465085268 0.30675487890839581 0.019459754873253406 13.791374547407031 765.40051475167274
0.18275607619434592 0.16411728225648403 0.30675487890839581 0.019459754873253406 13.791374547407031 765.40051475167274
0.18275607619434592 0.1627554465085268 0.19940664730966093 0.019459754873253406 13.791374547407031 765.40051475167274
0.18275607619434592 0.1627554465085268 0.30675487890839581 0.013677621446736159 13.791374547407031 765.40051475167274
0.18275607619434592 0.1627554465085268 0.30675487890839581 0.019459754873253406 14.700613228604198 765.40051475167274
0.18275607619434592 0.1627554465085268 0.30675487890839581 0.019459754873253406 13.791374547407031 379.53091524541378
0.54170239111408591 0.16411728225648403 0.19940664730966093 0.013677621446736159 14.700613228604198 379.53091524541378
0.5858289930503815 0.35506894104182718 0.10718071386218071 0.0060203073427081109 33.972976256161928 413.80869066342711
0.33212214550003405 0.35506894104182718 0.10718071386218071 0.0060203073427081109 33.972976256161928 413.80869066342711
0.5858289930503815 0.42759038060903554 0.10718071386218071 0.0060203073427081109 33.972976256161928 413.80869066342711
0.5858289930503815 0.35506894104182718 0.35401053763926027 0.0060203073427081109 33.972976256161928 413.80869066342711
0.5858289930503815 0.35506894104182718 0.10718071386218071 0.0035039794169366362 33.972976256161928 413.80869066342711
0.5858289930503815 0.35506894104182718 0.10718071386218071 0.0060203073427081109 33.07931299507618 413.80869066342711
0.5858289930503815 0.35506894104182718 0.10718071386218071 0.0060203073427081109 33.972976256161928 950.16756057739258
0.33212214550003405 0.42759038060903554 0.35401053763926027 0.0035039794169366362 33.07931299507618 950.16756057739258
0.63657257999293504 0.13789179660379888 0.2618170447647572 0.0083326639346778409 34.53951546177268 323.85660950094461
0.64378139972686765 0.13789179660379888 0.2618170447647572 0.0083326639346778409 34.53951546177268 323.85660950094461
0.63657257999293504 0.13006276004016401 0.2618170447647572 0.0083326639346778409 34.53951546177268 323.85660950094461
0.63657257999293504 0.13789179660379888 0.10750996507704258 0.0083326639346778409 34.53951546177268 323.85660950094461
0.63657257999293504 0.13789179660379888 0.2618170447647572 0.016905149268358947 34.53951546177268 323.85660950094461
0.63657257999293504 0.13789179660379888 0.2618170447647572 0.0083326639346778409 8.2842331305146217 323.85660950094461
0.63657257999293504 0.13789179660379888 0.2618170447647572 0.0083326639346778409 34.53951546177268 819.0463999286294
0.64378139972686765 0.13006276004016401 0.10750996507704258 0.016905149268358947 8.2842331305146217 819.0463999286294
0.050685613416135311 0.3302220787853003 0.46149211153388026 0.017168867969699204 9.7220259364694357 872.26467477157712
0.23123205602169034 0.3302220787853003 0.46149211153388026 0.017168867969699204 9.7220259364694357 872.26467477157712
0.050685613416135311 0.46815133690834043 0.46149211153388026 0.017168867969699204 9.7220259364694357 872.26467477157712
0.050685613416135311 0.3302220787853003 0.34024467729032037 0.017168867969699204 9.7220259364694357 872.26467477157712
0.050685613416135311 0.3302220787853003 0.46149211153388026 0.0066225867705419659 9.7220259364694357 872.26467477157712
0.050685613416135311 0.3302220787853003 0.46149211153388026 0.017168867969699204 35.804458728060126 872.26467477157712
0.050685613416135311 0.3302220787853003 0.46149211153388026 0.017168867969699204 9.7220259364694357 503.73197998851538
0.23123205602169034 0.46815133690834043 0.34024467729032037 0.0066225867705419659 35.804458728060126 503.73197998851538
0.36877102875150736 0.20057475641369821 0.15361454375088215 0.0028203718125820163 17.9948191922158 611.26834349706769
0.41803791159763926 0.20057475641369821 0.15361454375088215 0.0028203718125820163 17.9948191922158 611.26834349706769
0.36877102875150736 0.34594332166016106 0.15361454375088215 0.0028203718125820163 17.9948191922158 611.26834349706769
0.36877102875150736 0.20057475641369821 0.4910214871168137 0.0028203718125820163 17.9948191922158 611.26834349706769
0.36877102875150736 0.20057475641369821 0.15361454375088215 0.0022909094929695131 17.9948191922158 611.26834349706769
0.36877102875150736 0.20057475641369821 0.15361454375088215 0.0028203718125820163 26.037505988031626 611.26834349706769
0.36877102875150736 0.20057475641369821 0.15361454375088215 0.0028203718125820163 17.9948191922158 284.2955319210887
0.41803791159763926 0.34594332166016106 0.4910214871168137 0.0022909094929695131 26.037505988031626 284.2955319210887
0.44302047817036505 0.41763648837804801 0.35407066680490973 0.011618584489263596 29.739945057779551 512.80151102691889
0.20813757115975018 0.41763648837804801 0.35407066680490973 0.011618584489263596 29.739945057779551 512.80151102691889
0.44302047817036505 0.25903194770216942 0.35407066680490973 0.011618584489263596 29.739945057779551 512.80151102691889
0.44302047817036505 0.41763648837804801 0.26142070814967155 0.011618584489263596 29.739945057779551 512.80151102691889
0.44302047817036505 0.41763648837804801 0.35407066680490973 0.012574685318209232 29.739945057779551 512.80151102691889
0.44302047817036505 0.41763648837804801 0.35407066680490973 0.011618584489263596 21.918144600465894 512.80151102691889
0.44302047817036505 0.41763648837804801 0.35407066680490973 0.011618584489263596 29.739945057779551 585.95942575484514
0.20813757115975018 0.25903194770216942 0.26142070814967155 0.012574685318209232 21.918144600465894 585.95942575484514
0.41425933944992716 0.17806616313755513 0.1845881685614586 0.016203759441338481 21.30021820962429 332.5285860337317
0.6772493279539048 0.17806616313755513 0.1845881685614586 0.016203759441338481 21.30021820962429 332.5285860337317
0.41425933944992716 0.1094383928924799 0.1845881685614586 0.016203759441338481 21.30021820962429 332.5285860337317
0.41425933944992716 0.17806616313755513 0.14922704882919791 0.016203759441338481 21.30021820962429 332.5285860337317
0.41425933944992716 0.17806616313755513 0.1845881685614586 0.0039985338725149634 21.30021820962429 332.5285860337317
0.41425933944992716 0.17806616313755513 0.1845881685614586 0.016203759441338481 20.229801621288061 332.5285860337317
0.41425933944992716 0.17806616313755513 0.1845881685614586 0.016203759441338481 21.30021820962429 691.86659790575504
0.6772493279539048 0.1094383928924799 0.14922704882919791 0.0039985338725149634 20.229801621288061 691.86659790575504
0.31461399961262937 0.39200422279536729 0.38579197227954865 0.009841878946498038 26.482385920360684 684.06165298074484
0.27773468559607861 0.39200422279536729 0.38579197227954865 0.009841878946498038 26.482385920360684 684.06165298074484
0.31461399961262937 0.49791839495301249 0.38579197227954865 0.009841878946498038 26.482385920360684 684.06165298074484
0.31461399961262937 0.39200422279536729 0.30399481765925884 0.009841878946498038 26.482385920360684 684.06165298074484
0.31461399961262937 0.39200422279536729 0.38579197227954865 0.014270072937197984 26.482385920360684 684.06165298074484
0.31461399961262937 0.39200422279536729 0.38579197227954865 0.009841878946498038 23.873080799356103 684.06165298074484
0.31461399961262937 0.39200422279536729 0.38579197227954865 0.009841878946498038 26.482385920360684 177.50730440020561
0.27773468559607861 0.49791839495301249 0.30399481765925884 0.014270072937197984 23.873080799356103 177.50730440020561
0.10579296038486063 0.26548018679022789 0.2810715388506651 0.010577868833951653 31.238240340724587 932.84467961639166
0.41089044567197558 0.26548018679022789 0.2810715388506651 0.010577868833951653 31.238240340724587 932.84467961639166
0.10579296038486063 0.31298990212380884 0.2810715388506651 0.010577868833951653 31.238240340724587 932.84467961639166
0.10579296038486063 0.26548018679022789 0.4516588017344475 0.010577868833951653 31.238240340724587 932.84467961639166
0.10579296038486063 0.26548018679022789 0.2810715388506651 0.019838112418353558 31.238240340724587 932.84467961639166
0.10579296038486063 0.26548018679022789 0.2810715388506651 0.010577868833951653 36.576830625534058 932.84467961639166
0.10579296038486063 0.26548018679022789 0.2810715388506651 0.010577868833951653 31.238240340724587 383.76015871763229
0.41089044567197558 0.31298990212380884 0.4516588017344475 0.019838112418353558 36.576830625534058 383.76015871763229
0.66628403654322021 0.45468680560588837 0.47993178628385069 0.0042553404357284306 12.982792548835278 131.25284546986222
0.13277542646974325 0.45468680560588837 0.47993178628385069 0.0042553404357284306 12.982792548835278 131.25284546986222
0.66628403654322021 0.27646985501050947 0.47993178628385069 0.0042553404357284306 12.982792548835278 131.25284546986222
0.66628403654322021 0.45468680560588837 0.29375061765313148 0.0042553404357284306 12.982792548835278 131.25284546986222
0.66628403654322021 0.45468680560588837 0.47993178628385069 0.0095677866810932773 12.982792548835278 131.25284546986222
0.66628403654322021 0.45468680560588837 0.47993178628385069 0.0042553404357284306 11.39301030151546 131.25284546986222
0.66628403654322021 0.45468680560588837 0.47993178628385069 0.0042553404357284306 12.982792548835278 939.8949783295393
0.13277542646974325 0.27646985501050947 0.29375061765313148 0.0095677866810932773 11.39301030151546 939.8949783295393
0.5545263643376529 0.23985397890210153 0.3251976054161787 0.0019040344808250668 10.504743784666061 486.90623976290226
0.47242535213008519 0.23985397890210153 0.3251976054161787 0.0019040344808250668 10.504743784666061 486.90623976290226
0.5545263643376529 0.37874607555568218 0.3251976054161787 0.0019040344808250668 10.504743784666061 486.90623976290226
0.5545263643376529 0.23985397890210153 0.44120714738965039 0.0019040344808250668 10.504743784666061 486.90623976290226
0.5545263643376529 0.23985397890210153 0.3251976054161787 0.010435320767201484 10.504743784666061 486.90623976290226
0.5545263643376529 0.23985397890210153 0.3251976054161787 0.0019040344808250668 31.508149748668075 486.90623976290226
0.5545263643376529 0.23985397890210153 0.3251976054161787 0.0019040344808250668 10.504743784666061 844.25878580659628
0.47242535213008519 0.37874607555568218 0.44120714738965039 0.010435320767201484 31.508149748668075 844.25878580659628
0.13622371801175176 0.42904076427221305 0.12643215619027615 0.012907138617895546 37.248388232663274 585.3143016807735
0.072590614948421714 0.42904076427221305 0.12643215619027615 0.012907138617895546 37.248388232663274 585.3143016807735
0.13622371801175176 0.21682929992675781 0.12643215619027615 0.012907138617895546 37.248388232663274 585.3143016807735
0.13622371801175176 0.42904076427221305 0.2114303544163704 0.012907138617895546 37.248388232663274 585.3143016807735
0.13622371801175176 0.42904076427221305 0.12643215619027615 0.00024944315701723099 37.248388232663274 585.3143016807735
0.13622371801175176 0.42904076427221305 0.12643215619027615 0.012907138617895546 12.653383754193783 585.3143016807735
0.13622371801175176 0.42904076427221305 0.12643215619027615 0.012907138617895546 37.248388232663274 486.3173121586442
0.072590614948421714 0.21682929992675781 0.2114303544163704 0.00024944315701723099 12.653383754193783 486.3173121586442
0.284185673110187 0.10253732539713384 0.43418154865503311 0.0075329463284462689 27.034619117155671 777.8078461997211
0.61738439574837678 0.10253732539713384 0.43418154865503311 0.0075329463284462689 27.034619117155671 777.8078461997211
0.284185673110187 0.19413988180458547 0.43418154865503311 0.0075329463284462689 27.034619117155671 777.8078461997211
0.284185673110187 0.10253732539713384 0.15753159932792188 0.0075329463284462689 27.034619117155671 777.8078461997211
0.284185673110187 0.10253732539713384 0.43418154865503311 0.0058174024971202019 27.034619117155671 777.8078461997211
0.284185673110187 0.10253732539713384 0.43418154865503311 0.0075329463284462689 17.739932389929891 777.8078461997211
0.284185673110187 0.10253732539713384 0.43418154865503311 0.0075329463284462689 27.034619117155671 252.48876083642244
0.61738439574837678 0.19413988180458547 0.15753159932792188 0.0058174024971202019 17.739932389929891 252.48876083642244
0.52601944277994328 0.31645555160939698 0.23307215571403506 0.018495489872805776 17.21587873250246 229.34101708233356
0.33894974663853639 0.31645555160939698 0.23307215571403506 0.018495489872805776 17.21587873250246 229.34101708233356
0.52601944277994328 0.40722315534949305 0.23307215571403506 0.018495489872805776 17.21587873250246 229.34101708233356
0.52601944277994328 0.31645555160939698 0.39041836149990561 0.018495489872805776 17.21587873250246 229.34101708233356
0.52601944277994328 0.31645555160939698 0.23307215571403506 0.016004502654820681 17.21587873250246 229.34101708233356
0.52601944277994328 0.31645555160939698 0.23307215571403506 0.018495489872805776 30.054184842854738 229.34101708233356
0.52601944277994328 0.31645555160939698 0.23307215571403506 0.018495489872805776 17.21587873250246 624.0258289501071
0.33894974663853639 0.40722315534949305 0.39041836149990561 0.016004502654820681 30.054184842854738 624.0258289501071
0.51311807553283861 0.11669476330280304 0.39488930776715281 0.0036622786119580274 33.232172757387161 559.64390346780419
0.12397409128025173 0.11669476330280304 0.39488930776715281 0.0036622786119580274 33.232172757387161 559.64390346780419
0.51311807553283861 0.18016207441687584 0.39488930776715281 0.0036622786119580274 33.232172757387161 559.64390346780419
0.51311807553283861 0.11669476330280304 0.32158413641154771 0.0036622786119580274 33.232172757387161 559.64390346780419
0.51311807553283861 0.11669476330280304 0.39488930776715281 0.0072821445723995565 33.232172757387161 559.64390346780419
0.51311807553283861 0.11669476330280304 0.39488930776715281 0.0036622786119580274 29.163226757198572 559.64390346780419
0.51311807553283861 0.11669476330280304 0.39488930776715281 0.0036622786119580274 33.232172757387161 801.22563391923904
0.12397409128025173 0.18016207441687584 0.32158413641154771 0.0072821445723995565 29.163226757198572 801.22563391923904
0.2560251353308558 0.30269093140959741 0.19443623647093775 0.012459206376411023 14.984164239838719 461.12201195210218
0.50600997554138294 0.30269093140959741 0.19443623647093775 0.012459206376411023 14.984164239838719 461.12201195210218
0.2560251353308558 0.41863596029579642 0.19443623647093775 0.012459206376411023 14.984164239838719 461.12201195210218
0.2560251353308558 0.30269093140959741 0.12636429257690907 0.012459206376411023 14.984164239838719 461.12201195210218
0.2560251353308558 0.30269093140959741 0.19443623647093775 0.017478898610547185 14.984164239838719 461.12201195210218
0.2560251353308558 0.30269093140959741 0.19443623647093775 0.012459206376411023 18.748707400634885 461.12201195210218
0.2560251353308558 0.30269093140959741 0.19443623647093775 0.012459206376411023 14.984164239838719 525.88762156665325
0.50600997554138294 0.41863596029579642 0.12636429257690907 0.017478898610547185 18.748707400634885 525.88762156665325
0.16404645540751517 0.22920758835971355 0.48981028087437151 0.0079357861168682584 19.295299017801881 256.44437205046415
0.30401438660919661 0.22920758835971355 0.48981028087437151 0.0079357861168682584 19.295299017801881 256.44437205046415
0.16404645540751517 0.39545822143554688 0.48981028087437151 0.0079357861168682584 19.295299017801881 256.44437205046415
0.16404645540751517 0.22920758835971355 0.2802658893167973 0.0079357861168682584 19.295299017801881 256.44437205046415
0.16404645540751517 0.22920758835971355 0.48981028087437151 0.01190965528022498 19.295299017801881 256.44437205046415
0.16404645540751517 0.22920758835971355 0.48981028087437151 0.0079357861168682584 13.515431649982929 256.44437205046415
0.16404645540751517 0.22920758835971355 0.48981028087437151 0.0079357861168682584 19.295299017801881 323.58639873564243
0.30401438660919661 0.39545822143554688 0.2802658893167973 0.01190965528022498 13.515431649982929 323.58639873564243
0.56712960405275226 0.44008169062435631 0.29013826586306096 0.016773274474032224 24.484676785767078 804.79757944121957
0.56465142257511614 0.44008169062435631 0.29013826586306096 0.016773274474032224 24.484676785767078 804.79757944121957
0.56712960405275226 0.20893215648829938 0.29013826586306096 0.016773274474032224 24.484676785767078 804.79757944121957
0.56712960405275226 0.44008169062435631 0.47237009257078177 0.016773274474032224 24.484676785767078 804.79757944121957
0.56712960405275226 0.44008169062435631 0.29013826586306096 0.0017140956129878761 24.484676785767078 804.79757944121957
0.56712960405275226 0.44008169062435631 0.29013826586306096 0.016773274474032224 30.529086014255881 804.79757944121957
0.56712960405275226 0.44008169062435631 0.29013826586306096 0.016773274474032224 24.484676785767078 556.2700055539608
0.56465142257511614 0.20893215648829938 0.47237009257078177 0.0017140956129878761 30.529086014255881 556.2700055539608
0.69912039181217545 0.25444765351712706 0.14174897260963917 0.019081910868920388 29.028723642230034 713.80183063447475
0.24414512244984504 0.25444765351712706 0.14174897260963917 0.019081910868920388 29.028723642230034 713.80183063447475
0.69912039181217545 0.31114736050367353 0.14174897260963917 0.019081910868920388 29.028723642230034 713.80183063447475
0.69912039181217545 0.25444765351712706 0.21258786469697954 0.019081910868920388 29.028723642230034 713.80183063447475
0.69912039181217545 0.25444765351712706 0.14174897260963917 0.018673086815699937 29.028723642230034 713.80183063447475
0.69912039181217545 0.25444765351712706 0.14174897260963917 0.019081910868920388 10.381273685023189 713.80183063447475
0.69912039181217545 0.25444765351712706 0.14174897260963917 0.019081910868920388 29.028723642230034 763.0882577970624
0.24414512244984504 0.31114736050367353 0.21258786469697954 0.018673086815699937 10.381273685023189 763.0882577970624
0.11322381333447992 0.46532633043825633 0.34132618941366677 0.0056437476605176928 19.217192756012082 362.15493408963084
0.62587083010002964 0.46532633043825633 0.34132618941366677 0.0056437476605176928 19.217192756012082 362.15493408963084
0.11322381333447992 0.29923677407205107 0.34132618941366677 0.0056437476605176928 19.217192756012082 362.15493408963084
0.11322381333447992 0.46532633043825633 0.43282307460904124 0.0056437476605176928 19.217192756012082 362.15493408963084
0.11322381333447992 0.46532633043825633 0.34132618941366677 0.0084124242527410398 19.217192756012082 362.15493408963084
0.11322381333447992 0.46532633043825633 0.34132618941366677 0.0056437476605176928 37.472123607993126 362.15493408963084
0.11322381333447992 0.46532633043825633 0.34132618941366677 0.0056437476605176928 19.217192756012082 109.84805058687925
0.62587083010002964 0.29923677407205107 0.43282307460904124 0.0084124242527410398 37.472123607993126 109.84805058687925
0.30684526879340407 0.19183764904737474 0.24917013421654702 0.014810216108150783 8.4996533785015345 101.18781207129359
0.18550342116504909 0.19183764904737474 0.24917013421654702 0.014810216108150783 8.4996533785015345 101.18781207129359
0.30684526879340407 0.11479652300477028 0.24917013421654702 0.014810216108150783 8.4996533785015345 101.18781207129359
0.30684526879340407 0.19183764904737474 0.38516231663525102 0.014810216108150783 8.4996533785015345 101.18781207129359
0.30684526879340407 0.19183764904737474 0.24917013421654702 0.0028432517696172 8.4996533785015345 101.18781207129359
0.30684526879340407 0.19183764904737474 0.24917013421654702 0.014810216108150783 24.856049383059144 101.18781207129359
0.30684526879340407 0.19183764904737474 0.24917013421654702 0.014810216108150783 8.4996533785015345 340.603849850595
0.18550342116504909 0.11479652300477028 0.38516231663525102 0.0028432517696172 24.856049383059144 340.603849850595
0.38112477916292842 0.37783839181065559 0.44952879473567009 0.0013327008031308652 35.250735871493816 902.66602449119091
0.44583074543625112 0.37783839181065559 0.44952879473567009 0.0013327008031308652 35.250735871493816 902.66602449119091
0.38112477916292842 0.47788588739931581 0.44952879473567009 0.0013327008031308652 35.250735871493816 902.66602449119091
0.38112477916292842 0.37783839181065559 0.16806108169257641 0.0013327008031308652 35.250735871493816 902.66602449119091
0.38112477916292842 0.37783839181065559 0.44952879473567009 0.013105118071101608 35.250735871493816 902.66602449119091
0.38112477916292842 0.37783839181065559 0.44952879473567009 0.0013327008031308652 19.364306639879942 902.66602449119091
0.38112477916292842 0.37783839181065559 0.44952879473567009 0.0013327008031308652 35.250735871493816 979.36958316713572
0.44583074543625112 0.47788588739931581 0.16806108169257641 0.013105118071101608 19.364306639879942 979.36958316713572
0.43552012024447317 0.2178640615195036 0.21725351624190808 0.0066913419481366872 11.804594185203314 842.22462614998221
0.25986440144479273 0.2178640615195036 0.21725351624190808 0.0066913419481366872 11.804594185203314 842.22462614998221
0.43552012024447317 0.32825611457228665 0.21725351624190808 0.0066913419481366872 11.804594185203314 842.22462614998221
0.43552012024447317 0.2178640615195036 0.23008631467819216 0.0066913419481366872 11.804594185203314 842.22462614998221
0.43552012024447317 0.2178640615195036 0.21725351624190808 0.00083584482781589036 11.804594185203314 842.22462614998221
0.43552012024447317 0.2178640615195036 0.21725351624190808 0.0066913419481366872 22.810247542336583 842.22462614998221
0.43552012024447317 0.2178640615195036 0.21725351624190808 0.0066913419481366872 11.804594185203314 860.27667485177517
0.25986440144479273 0.32825611457228665 0.23008631467819216 0.00083584482781589036 22.810247542336583 860.27667485177517
0.33584533208049827 0.40074152834713461 0.41835985742509363 0.017655169814638792 31.993634944781661 293.7027245759964
0.69012209437787531 0.40074152834713461 0.41835985742509363 0.017655169814638792 31.993634944781661 293.7027245759964
0.33584533208049827 0.26673532910645009 0.41835985742509363 0.017655169814638792 31.993634944781661 293.7027245759964
0.33584533208049827 0.40074152834713461 0.42235434874892241 0.017655169814638792 31.993634944781661 293.7027245759964
0.33584533208049827 0.40074152834713461 0.41835985742509363 0.011090611952356996 31.993634944781661 293.7027245759964
0.33584533208049827 0.40074152834713461 0.41835985742509363 0.017655169814638792 25.028043884783983 293.7027245759964
0.33584533208049827 0.40074152834713461 0.41835985742509363 0.017655169814638792 31.993634944781661 458.81570279598236
0.69012209437787531 0.26673532910645009 0.42235434874892241 0.011090611952356996 25.028043884783983 458.81570279598236
0.08390951510518789 0.13037574589252474 0.12311398535966873 0.0023012147177010776 25.72699031047523 542.5149604678154
0.16060731085017321 0.13037574589252474 0.12311398535966873 0.0023012147177010776 25.72699031047523 542.5149604678154
0.08390951510518789 0.14423432946205139 0.12311398535966873 0.0023012147177010776 25.72699031047523 542.5149604678154
0.08390951510518789 0.13037574589252474 0.37158080674707894 0.0023012147177010776 25.72699031047523 542.5149604678154
0.08390951510518789 0.13037574589252474 0.12311398535966873 0.015421156227961185 25.72699031047523 542.5149604678154
0.08390951510518789 0.13037574589252474 0.12311398535966873 0.0023012147177010776 34.941266870126128 542.5149604678154
0.08390951510518789 0.13037574589252474 0.12311398535966873 0.0023012147177010776 25.72699031047523 214.87630978226662
0.16060731085017321 0.14423432946205139 0.37158080674707894 0.015421156227961185 34.941266870126128 214.87630978226662
0.64441081578843296 0.33813113793730737 0.32187638282775877 0.013303033942542971 22.478417579084635 640.86817791685462
0.38821724029257887 0.33813113793730737 0.32187638282775877 0.013303033942542971 22.478417579084635 640.86817791685462
0.64441081578843296 0.45771359317004678 0.32187638282775877 0.013303033942542971 22.478417579084635 640.86817791685462
0.64441081578843296 0.33813113793730737 0.17617231570184233 0.013303033942542971 22.478417579084635 640.86817791685462
0.64441081578843296 0.33813113793730737 0.32187638282775877 0.0051675928419455883 22.478417579084635 640.86817791685462
0.64441081578843296 0.33813113793730737 0.32187638282775877 0.013303033942542971 9.2639830633997917 640.86817791685462
0.64441081578843296 0.33813113793730737 0.32187638282775877 0.013303033942542971 22.478417579084635 658.93675573170185
0.38821724029257887 0.45771359317004678 0.17617231570184233 0.0051675928419455883 9.2639830633997917 658.93675573170185
0.61390034439973529 0.15484104603528978 0.47036352604627607 0.010955411009304227 16.008210938423872 997.23570365458727
0.060032768733799459 0.15484104603528978 0.47036352604627607 0.010955411009304227 16.008210938423872 997.23570365458727
0.61390034439973529 0.16012478917837145 0.47036352604627607 0.010955411009304227 16.008210938423872 997.23570365458727
0.61390034439973529 0.15484104603528978 0.33534800074994564 0.010955411009304227 16.008210938423872 997.23570365458727
0.61390034439973529 0.15484104603528978 0.47036352604627607 0.014852324459515514 16.008210938423872 997.23570365458727
0.61390034439973529 0.15484104603528978 0.47036352604627607 0.010955411009304227 34.092193573713303 997.23570365458727
0.61390034439973529 0.15484104603528978 0.47036352604627607 0.010955411009304227 16.008210938423872 675.36109667271376
0.060032768733799459 0.16012478917837145 0.33534800074994564 0.014852324459515514 34.092193573713303 675.36109667271376
0.19558809343725442 0.36258880570530894 0.27150022685527803 0.0046315976988524198 27.760546078905463 195.58881046250463
0.48998074997216456 0.36258880570530894 0.27150022685527803 0.0046315976988524198 27.760546078905463 195.58881046250463
0.19558809343725442 0.44820732437074184 0.27150022685527803 0.0046315976988524198 27.760546078905463 195.58881046250463
0.19558809343725442 0.36258880570530894 0.11807070411741734 0.0046315976988524198 27.760546078905463 195.58881046250463
0.19558809343725442 0.36258880570530894 0.27150022685527803 0.0046496644351631403 27.760546078905463 195.58881046250463
0.19558809343725442 0.36258880570530894 0.27150022685527803 0.0046315976988524198 13.804634047672153 195.58881046250463
0.19558809343725442 0.36258880570530894 0.27150022685527803 0.0046315976988524198 27.760546078905463 205.3729297593236
0.48998074997216456 0.44820732437074184 0.11807070411741734 0.0046496644351631403 13.804634047672153 205.3729297593236
0.22416420639492568 0.29223141930997376 0.36372342221438891 0.015342516999505462 36.522462053224444 388.16306265071034
0.36193783832713955 0.29223141930997376 0.36372342221438891 0.015342516999505462 36.522462053224444 388.16306265071034
0.22416420639492568 0.36270125880837445 0.36372342221438891 0.015342516999505462 36.522462053224444 388.16306265071034
0.22416420639492568 0.29223141930997376 0.26260952278971672 0.015342516999505462 36.522462053224444 388.16306265071034
0.22416420639492568 0.29223141930997376 0.36372342221438891 0.008980137863568962 36.522462053224444 388.16306265071034
0.22416420639492568 0.29223141930997376 0.36372342221438891 0.015342516999505462 16.10065483674407 388.16306265071034
0.22416420639492568 0.29223141930997376 0.36372342221438891 0.015342516999505462 36.522462053224444 420.85774634033442
0.36193783832713955 0.36270125880837445 0.26260952278971672 0.008980137863568962 16.10065483674407 420.85774634033442
0.46602804427966471 0.47510125376284129 0.1625165667384863 0.0089819208268076198 11.712410796433687 739.64127171784639
0.58923759115859864 0.47510125376284129 0.1625165667384863 0.0089819208268076198 11.712410796433687 739.64127171784639
0.46602804427966471 0.22578374482691288 0.1625165667384863 0.0089819208268076198 11.712410796433687 739.64127171784639
0.46602804427966471 0.47510125376284129 0.48299673497676854 0.0089819208268076198 11.712410796433687 739.64127171784639
0.46602804427966471 0.47510125376284129 0.1625165667384863 0.019183992258831859 11.712410796433687 739.64127171784639
0.46602804427966471 0.47510125376284129 0.1625165667384863 0.0089819208268076198 27.928756514564157 739.64127171784639
0.46602804427966471 0.47510125376284129 0.1625165667384863 0.0089819208268076198 11.712410796433687 905.375318787992
0.58923759115859864 0.22578374482691288 0.48299673497676854 0.019183992258831859 27.928756514564157 905.375318787992
