0.47171450490131966 0.13151780068874361 0.32901094369590284 0.0095417196143418558 23.39284004829824 354.83361072838306
0.57375223585404456 0.13151780068874361 0.32901094369590284 0.0095417196143418558 23.39284004829824 354.83361072838306
0.47171450490131966 0.16080737262964251 0.32901094369590284 0.0095417196143418558 23.39284004829824 354.83361072838306
0.47171450490131966 0.13151780068874361 0.27065294161438946 0.0095417196143418558 23.39284004829824 354.83361072838306
0.47171450490131966 0.13151780068874361 0.32901094369590284 0.015953772686235608 23.39284004829824 354.83361072838306
0.47171450490131966 0.13151780068874361 0.32901094369590284 0.0095417196143418558 22.499090984463692 354.83361072838306
0.47171450490131966 0.13151780068874361 0.32901094369590284 0.0095417196143418558 23.39284004829824 266.2951685488224
0.57375223585404456 0.16080737262964251 0.27065294161438946 0.015953772686235608 22.499090984463692 266.2951685488224
0.21590101537294681 0.34880534633994104 0.1286858554929495 0.015865530711971224 21.075351249426603 706.36718226596713
0.29625377305783329 0.34880534633994104 0.1286858554929495 0.015865530711971224 21.075351249426603 706.36718226596713
0.21590101537294681 0.44732818268239505 0.1286858554929495 0.015865530711971224 21.075351249426603 706.36718226596713
0.21590101537294681 0.34880534633994104 0.47534241527318954 0.015865530711971224 21.075351249426603 706.36718226596713
0.21590101537294681 0.34880534633994104 0.1286858554929495 0.0063370867785066363 21.075351249426603 706.36718226596713
0.21590101537294681 0.34880534633994104 0.1286858554929495 0.015865530711971224 25.412674752995372 706.36718226596713
0.21590101537294681 0.34880534633994104 0.1286858554929495 0.015865530711971224 21.075351249426603 610.16040928661823
0.29625377305783329 0.44732818268239505 0.47534241527318954 0.0063370867785066363 25.412674752995372 610.16040928661823
0.20385321192443367 0.21907945387065411 0.43643210083246231 0.0039171128865331415 14.141523439437151 911.19934422895312
0.5157550077419728 0.21907945387065411 0.43643210083246231 0.0039171128865331415 14.141523439437151 911.19934422895312
0.20385321192443367 0.36357762888073919 0.43643210083246231 0.0039171128865331415 14.141523439437151 911.19934422895312
0.20385321192443367 0.21907945387065411 0.33081884495913982 0.0039171128865331415 14.141523439437151 911.19934422895312
0.20385321192443367 0.21907945387065411 0.43643210083246231 0.00076906610634177924 14.141523439437151 911.19934422895312
0.20385321192443367 0.21907945387065411 0.43643210083246231 0.0039171128865331415 34.278777699917555 911.19934422895312
0.20385321192443367 0.21907945387065411 0.43643210083246231 0.0039171128865331415 14.141523439437151 858.07892642915249
0.5157550077419728 0.36357762888073919 0.33081884495913982 0.00076906610634177924 34.278777699917555 858.07892642915249
0.60821581124328072 0.41114727742969992 0.23688845038414003 0.010277708321623506 33.386648131534457 109.60781015455723
0.11558909523300825 0.41114727742969992 0.23688845038414003 0.010277708321623506 33.386648131534457 109.60781015455723
0.60821581124328072 0.22509838975965979 0.23688845038414003 0.010277708321623506 33.386648131534457 109.60781015455723
0.60821581124328072 0.41114727742969992 0.1229889590293169 0.010277708321623506 33.386648131534457 109.60781015455723
0.60821581124328072 0.41114727742969992 0.23688845038414003 0.010384538834169508 33.386648131534457 109.60781015455723
0.60821581124328072 0.41114727742969992 0.23688845038414003 0.010277708321623506 9.7660295311361551 109.60781015455723
0.60821581124328072 0.41114727742969992 0.23688845038414003 0.010277708321623506 33.386648131534457 472.43815958499908
0.11558909523300825 0.22509838975965979 0.1229889590293169 0.010384538834169508 9.7660295311361551 472.43815958499908
0.65895657963119447 0.29431193731725214 0.18215131610631943 0.012587944882176818 35.126780962571502 452.74324947968125
0.45390858803875739 0.29431193731725214 0.18215131610631943 0.012587944882176818 35.126780962571502 452.74324947968125
0.65895657963119447 0.32893708273768429 0.18215131610631943 0.012587944882176818 35.126780962571502 452.74324947968125
0.65895657963119447 0.29431193731725214 0.36392808444797997 0.012587944882176818 35.126780962571502 452.74324947968125
0.65895657963119447 0.29431193731725214 0.18215131610631943 0.010014884485676886 35.126780962571502 452.74324947968125
0.65895657963119447 0.29431193731725214 0.18215131610631943 0.012587944882176818 33.722430245950818 452.74324947968125
0.65895657963119447 0.29431193731725214 0.18215131610631943 0.012587944882176818 35.126780962571502 397.56571147590876
0.45390858803875739 0.32893708273768429 0.36392808444797997 0.010014884485676886 33.722430245950818 397.56571147590876
0.071780550479888919 0.48639959432184698 0.38179586231708529 0.0016241162780672315 9.3709968887269497 551.15182604640722
0.17608538125641643 0.48639959432184698 0.38179586231708529 0.0016241162780672315 9.3709968887269497 551.15182604640722
0.071780550479888919 0.26585457213222985 0.38179586231708529 0.0016241162780672315 9.3709968887269497 551.15182604640722
0.071780550479888919 0.48639959432184698 0.18421718887984753 0.0016241162780672315 9.3709968887269497 551.15182604640722
0.071780550479888919 0.48639959432184698 0.38179586231708529 0.019540772535465659 9.3709968887269497 551.15182604640722
0.071780550479888919 0.48639959432184698 0.38179586231708529 0.0016241162780672315 14.130684856325388 551.15182604640722
0.071780550479888919 0.48639959432184698 0.38179586231708529 0.0016241162780672315 9.3709968887269497 926.02870371192694
0.17608538125641643 0.26585457213222985 0.18421718887984753 0.019540772535465659 14.130684856325388 926.02870371192694
0.34797112946398551 0.15665310472249985 0.27707228176295762 0.018215572850219904 17.408494923263788 812.19107266515493
0.6345733651425689 0.15665310472249985 0.27707228176295762 0.018215572850219904 17.408494923263788 812.19107266515493
0.34797112946398551 0.14511213600635531 0.27707228176295762 0.018215572850219904 17.408494923263788 812.19107266515493
0.34797112946398551 0.15665310472249985 0.23500597625970843 0.018215572850219904 17.408494923263788 812.19107266515493
0.34797112946398551 0.15665310472249985 0.27707228176295762 0.013972832151874901 17.408494923263788 812.19107266515493
0.34797112946398551 0.15665310472249985 0.27707228176295762 0.018215572850219904 15.613931884989142 812.19107266515493
0.34797112946398551 0.15665310472249985 0.27707228176295762 0.018215572850219904 17.408494923263788 705.68588357418776
0.6345733651425689 0.14511213600635531 0.23500597625970843 0.013972832151874901 15.613931884989142 705.68588357418776
0.42097118915989989 0.37396048381924629 0.47749789021909239 0.0072137514125555757 30.090097246691585 263.72453356161714
0.23408255367539821 0.37396048381924629 0.47749789021909239 0.0072137514125555757 30.090097246691585 263.72453356161714
0.42097118915989989 0.45702967457473276 0.47749789021909239 0.0072137514125555757 30.090097246691585 263.72453356161714
0.42097118915989989 0.37396048381924629 0.41782683804631238 0.0072137514125555757 30.090097246691585 263.72453356161714
0.42097118915989989 0.37396048381924629 0.47749789021909239 0.0044457214070484042 30.090097246691585 263.72453356161714
0.42097118915989989 0.37396048381924629 0.47749789021909239 0.0072137514125555757 28.606599487364292 263.72453356161714
0.42097118915989989 0.37396048381924629 0.47749789021909239 0.0072137514125555757 30.090097246691585 163.627296872437
0.23408255367539821 0.45702967457473276 0.41782683804631238 0.0044457214070484042 28.606599487364292 163.627296872437
0.39443391426466401 0.23424368612468244 0.25801615193486216 0.00081097111776471146 21.651389973238111 190.93162808567286
0.37946356567554168 0.23424368612468244 0.25801615193486216 0.00081097111776471146 21.651389973238111 190.93162808567286
0.39443391426466401 0.31202441006898884 0.25801615193486216 0.00081097111776471146 21.651389973238111 190.93162808567286
0.39443391426466401 0.23424368612468244 0.38070547319948678 0.00081097111776471146 21.651389973238111 190.93162808567286
0.39443391426466401 0.23424368612468244 0.25801615193486216 0.011958325443044307 21.651389973238111 190.93162808567286
0.39443391426466401 0.23424368612468244 0.25801615193486216 0.00081097111776471146 28.778357787057757 190.93162808567286
0.39443391426466401 0.23424368612468244 0.25801615193486216 0.00081097111776471146 21.651389973238111 270.41380442678928
0.37946356567554168 0.31202441006898884 0.38070547319948678 0.011958325443044307 28.778357787057757 270.41380442678928
0.29603857435286041 0.44842435605823994 0.45925047621130943 0.014249133293516935 25.895034924149513 992.46520297601819
0.17054001423530279 0.44842435605823994 0.45925047621130943 0.014249133293516935 25.895034924149513 992.46520297601819
0.29603857435286041 0.29855054877698423 0.45925047621130943 0.014249133293516935 25.895034924149513 992.46520297601819
0.29603857435286041 0.44842435605823994 0.17290702424943449 0.014249133293516935 25.895034924149513 992.46520297601819
0.29603857435286041 0.44842435605823994 0.45925047621130943 0.0024383150553330783 25.895034924149513 992.46520297601819
0.29603857435286041 0.44842435605823994 0.45925047621130943 0.014249133293516935 19.059650778770447 992.46520297601819
0.29603857435286041 0.44842435605823994 0.45925047621130943 0.014249133293516935 25.895034924149513 599.77699145674706
0.17054001423530279 0.29855054877698423 0.17290702424943449 0.0024383150553330783 19.059650778770447 599.77699145674706
0.12403363627381622 0.12180419862270356 0.15137605555355549 0.006320166321098805 30.888001762330532 743.75255750492215
0.68201356851495798 0.12180419862270356 0.15137605555355549 0.006320166321098805 30.888001762330532 743.75255750492215
0.12403363627381622 0.11547978594899178 0.15137605555355549 0.006320166321098805 30.888001762330532 743.75255750492215
0.12403363627381622 0.12180419862270356 0.2205586373806 0.006320166321098805 30.888001762330532 743.75255750492215
0.12403363627381622 0.12180419862270356 0.15137605555355549 0.0067700536649674178 30.888001762330532 743.75255750492215
0.12403363627381622 0.12180419862270356 0.15137605555355549 0.006320166321098805 13.013601491227746 743.75255750492215
0.12403363627381622 0.12180419862270356 0.15137605555355549 0.006320166321098805 30.888001762330532 805.17840534448624
0.68201356851495798 0.11547978594899178 0.2205586373806 0.0067700536649674178 13.013601491227746 805.17840534448624
0.68581438520923255 0.31076513752341273 0.35026681758463385 0.019797679708339275 13.569260427728295 392.16102007776499
0.26917179250158368 0.31076513752341273 0.35026681758463385 0.019797679708339275 13.569260427728295 392.16102007776499
0.68581438520923255 0.47700587548315532 0.35026681758463385 0.019797679708339275 13.569260427728295 392.16102007776499
0.68581438520923255 0.31076513752341273 0.42524140104651453 0.019797679708339275 13.569260427728295 392.16102007776499
0.68581438520923255 0.31076513752341273 0.35026681758463385 0.016288841357640922 13.569260427728295 392.16102007776499
0.68581438520923255 0.31076513752341273 0.35026681758463385 0.019797679708339275 31.191823568195105 392.16102007776499
0.68581438520923255 0.31076513752341273 0.35026681758463385 0.019797679708339275 13.569260427728295 517.53581278026104
0.26917179250158368 0.47700587548315532 0.42524140104651453 0.016288841357640922 31.191823568195105 517.53581278026104
0.57405393319204445 0.19627412408590317 0.40490610785782344 0.017449088886566461 9.9173967558890581 289.69099735841155
0.57962242676876485 0.19627412408590317 0.40490610785782344 0.017449088886566461 9.9173967558890581 289.69099735841155
0.57405393319204445 0.18104075118899346 0.40490610785782344 0.017449088886566461 9.9173967558890581 289.69099735841155
0.57405393319204445 0.19627412408590317 0.28511328622698784 0.017449088886566461 9.9173967558890581 289.69099735841155
0.57405393319204445 0.19627412408590317 0.40490610785782344 0.0037046355186030272 9.9173967558890581 289.69099735841155
0.57405393319204445 0.19627412408590317 0.40490610785782344 0.017449088886566461 10.055010367184877 289.69099735841155
0.57405393319204445 0.19627412408590317 0.40490610785782344 0.017449088886566461 9.9173967558890581 365.6500494107604
0.57962242676876485 0.18104075118899346 0.28511328622698784 0.0037046355186030272 10.055010367184877 365.6500494107604
0.15446223397739231 0.38521827533841135 0.2061101380735636 0.0086521592043340215 37.599563181400299 838.09956386685371
0.37037397637031966 0.38521827533841135 0.2061101380735636 0.0086521592043340215 37.599563181400299 838.09956386685371
0.15446223397739231 0.41795136220753193 0.2061101380735636 0.0086521592043340215 37.599563181400299 838.09956386685371
0.15446223397739231 0.38521827533841135 0.46791484653949744 0.0086521592043340215 37.599563181400299 838.09956386685371
0.15446223397739231 0.38521827533841135 0.2061101380735636 0.013327207423374059 37.599563181400299 838.09956386685371
0.15446223397739231 0.38521827533841135 0.2061101380735636 0.0086521592043340215 37.841649504378438 838.09956386685371
0.15446223397739231 0.38521827533841135 0.2061101380735636 0.0086521592043340215 37.599563181400299 963.98598793894053
0.37037397637031966 0.41795136220753193 0.46791484653949744 0.013327207423374059 37.841649504378438 963.98598793894053
0.26560746803879737 0.2586156692355871 0.31076658144593239 0.011938080939091744 27.62109062820673 645.65236791968346
0.48099058796651656 0.2586156692355871 0.31076658144593239 0.011938080939091744 27.62109062820673 645.65236791968346
0.26560746803879737 0.39614005982875822 0.31076658144593239 0.011938080939091744 27.62109062820673 645.65236791968346
0.26560746803879737 0.2586156692355871 0.31400410793721678 0.011938080939091744 27.62109062820673 645.65236791968346
0.26560746803879737 0.2586156692355871 0.31076658144593239 0.017658865744434298 27.62109062820673 645.65236791968346
0.26560746803879737 0.2586156692355871 0.31076658144593239 0.011938080939091744 24.178455017507076 645.65236791968346
0.26560746803879737 0.2586156692355871 0.31076658144593239 0.011938080939091744 27.62109062820673 731.00887704640627
0.48099058796651656 0.39614005982875822 0.31400410793721678 0.017658865744434298 24.178455017507076 731.00887704640627
0.5061918576713651 0.47277955152094364 0.10962667390704156 0.0031005915492773061 16.865643674507737 547.18583887442946
0.067824067967012527 0.47277955152094364 0.10962667390704156 0.0031005915492773061 16.865643674507737 547.18583887442946
0.5061918576713651 0.20805072002112868 0.10962667390704156 0.0031005915492773061 16.865643674507737 547.18583887442946
0.5061918576713651 0.47277955152094364 0.13433647193014622 0.0031005915492773061 16.865643674507737 547.18583887442946
0.5061918576713651 0.47277955152094364 0.10962667390704156 0.0080350806597620263 16.865643674507737 547.18583887442946
0.5061918576713651 0.47277955152094364 0.10962667390704156 0.0031005915492773061 19.851246124133468 547.18583887442946
0.5061918576713651 0.47277955152094364 0.10962667390704156 0.0031005915492773061 16.865643674507737 146.32346462458372
0.067824067967012527 0.20805072002112868 0.13433647193014622 0.0080350806597620263 19.851246124133468 146.32346462458372
0.5342130368109792 0.27296994552016263 0.474567298591137 0.017974364140443504 32.647674234583974 863.87210059911013
0.32400354645214968 0.27296994552016263 0.474567298591137 0.017974364140443504 32.647674234583974 863.87210059911013
0.5342130368109792 0.37962474040687089 0.474567298591137 0.017974364140443504 32.647674234583974 863.87210059911013
0.5342130368109792 0.27296994552016263 0.1530749496072531 0.017974364140443504 32.647674234583974 863.87210059911013
0.5342130368109792 0.27296994552016263 0.474567298591137 0.018959242983348668 32.647674234583974 863.87210059911013
0.5342130368109792 0.27296994552016263 0.474567298591137 0.017974364140443504 20.83417179249227 863.87210059911013
0.5342130368109792 0.27296994552016263 0.474567298591137 0.017974364140443504 32.647674234583974 435.17912477254868
0.32400354645214968 0.37962474040687089 0.1530749496072531 0.018959242983348668 20.83417179249227 435.17912477254868
0.27840914949774737 0.45881809294223785 0.27414474189281468 0.0069712595608085398 15.336142063140869 315.35077067092061
0.55100001893006267 0.45881809294223785 0.27414474189281468 0.0069712595608085398 15.336142063140869 315.35077067092061
0.27840914949774737 0.21614471375942232 0.27414474189281468 0.0069712595608085398 15.336142063140869 315.35077067092061
0.27840914949774737 0.45881809294223785 0.3952641103416682 0.0069712595608085398 15.336142063140869 315.35077067092061
0.27840914949774737 0.45881809294223785 0.27414474189281468 0.0093644664518535148 15.336142063140869 315.35077067092061
0.27840914949774737 0.45881809294223785 0.27414474189281468 0.0069712595608085398 23.312888510525227 315.35077067092061
0.27840914949774737 0.45881809294223785 0.27414474189281468 0.0069712595608085398 15.336142063140869 891.11852459609509
0.55100001893006267 0.21614471375942232 0.3952641103416682 0.0093644664518535148 23.312888510525227 891.11852459609509
0.14199719061143695 0.18543394692242146 0.36636479012668133 0.01358295273538679 19.880731619894505 520.20865501835942
0.097634801687672731 0.18543394692242146 0.36636479012668133 0.01358295273538679 19.880731619894505 520.20865501835942
0.14199719061143695 0.19482170827686787 0.36636479012668133 0.01358295273538679 19.880731619894505 520.20865501835942
0.14199719061143695 0.18543394692242146 0.44917811378836636 0.01358295273538679 19.880731619894505 520.20865501835942
0.14199719061143695 0.18543394692242146 0.36636479012668133 0.005033941132761538 19.880731619894505 520.20865501835942
0.14199719061143695 0.18543394692242146 0.36636479012668133 0.01358295273538679 36.829869972541928 520.20865501835942
0.14199719061143695 0.18543394692242146 0.36636479012668133 0.01358295273538679 19.880731619894505 689.66874219477177
0.097634801687672731 0.19482170827686787 0.44917811378836636 0.005033941132761538 36.829869972541928 689.66874219477177
0.54632971929386254 0.39645298831164844 0.16672329567372801 0.0026204078633338215 24.131814951077104 618.56221277266741
0.5285505835432559 0.39645298831164844 0.16672329567372801 0.0026204078633338215 24.131814951077104 618.56221277266741
0.54632971929386254 0.40634173080325131 0.16672329567372801 0.0026204078633338215 24.131814951077104 618.56221277266741
0.54632971929386254 0.39645298831164844 0.20384848713874817 0.0026204078633338215 24.131814951077104 618.56221277266741
0.54632971929386254 0.39645298831164844 0.16672329567372801 0.014627513778209688 24.131814951077104 618.56221277266741
0.54632971929386254 0.39645298831164844 0.16672329567372801 0.0026204078633338215 10.950231824070215 618.56221277266741
0.54632971929386254 0.39645298831164844 0.16672329567372801 0.0026204078633338215 24.131814951077104 191.12986847758293
0.5285505835432559 0.40634173080325131 0.20384848713874817 0.014627513778209688 10.950231824070215 191.12986847758293
0.67832328686490651 0.11057482697069645 0.21520747952163222 0.004931758801266551 29.380705432966352 962.85119643434882
0.19915748233906921 0.11057482697069645 0.21520747952163222 0.004931758801266551 29.380705432966352 962.85119643434882
0.67832328686490651 0.1103154305368662 0.21520747952163222 0.004931758801266551 29.380705432966352 962.85119643434882
0.67832328686490651 0.11057482697069645 0.45650600492954252 0.004931758801266551 29.380705432966352 962.85119643434882
0.67832328686490651 0.11057482697069645 0.21520747952163222 0.0057500380784273148 29.380705432966352 962.85119643434882
0.67832328686490651 0.11057482697069645 0.21520747952163222 0.004931758801266551 32.053914379328489 962.85119643434882
0.67832328686490651 0.11057482697069645 0.21520747952163222 0.004931758801266551 29.380705432966352 229.19683326035738
0.19915748233906921 0.1103154305368662 0.45650600492954252 0.0057500380784273148 32.053914379328489 229.19683326035738
0.091176708461716771 0.32160150073468685 0.41475418172776701 0.011293637968413534 18.6326974183321 161.20485812425613
0.42583897407166654 0.32160150073468685 0.41475418172776701 0.011293637968413534 18.6326974183321 161.20485812425613
0.091176708461716771 0.49723218157887461 0.41475418172776701 0.011293637968413534 18.6326974183321 161.20485812425613
0.091176708461716771 0.32160150073468685 0.28929556533694267 0.011293637968413534 18.6326974183321 161.20485812425613
0.091176708461716771 0.32160150073468685 0.41475418172776701 0.015297843913175168 18.6326974183321 161.20485812425613
0.091176708461716771 0.32160150073468685 0.41475418172776701 0.011293637968413534 12.034609282389283 161.20485812425613
0.091176708461716771 0.32160150073468685 0.41475418172776701 0.011293637968413534 18.6326974183321 644.67910658568144
0.42583897407166654 0.49723218157887461 0.28929556533694267 0.015297843913175168 12.034609282389283 644.67910658568144
0.32923206277191636 0.24820895865559578 0.11950516253709793 0.0093201489660888915 8.1467951759696007 422.32819199562073
0.22160681844688951 0.24820895865559578 0.11950516253709793 0.0093201489660888915 8.1467951759696007 422.32819199562073
0.32923206277191636 0.31367315314710142 0.11950516253709793 0.0093201489660888915 8.1467951759696007 422.32819199562073
0.32923206277191636 0.24820895865559578 0.14164682663977146 0.0093201489660888915 8.1467951759696007 422.32819199562073
0.32923206277191636 0.24820895865559578 0.11950516253709793 0.010967389293760062 8.1467951759696007 422.32819199562073
0.32923206277191636 0.24820895865559578 0.11950516253709793 0.0093201489660888915 18.168735608458519 422.32819199562073
0.32923206277191636 0.24820895865559578 0.11950516253709793 0.0093201489660888915 8.1467951759696007 874.58346541970968
0.22160681844688951 0.31367315314710142 0.14164682663977146 0.010967389293760062 18.168735608458519 874.58346541970968
0.40222190036438399 0.43406473845243454 0.31983330249786379 0.015642676921747627 35.836171993985772 773.80675813183188
0.65220777452923351 0.43406473845243454 0.31983330249786379 0.015642676921747627 35.836171993985772 773.80675813183188
0.40222190036438399 0.27558985501527788 0.31983330249786379 0.015642676921747627 35.836171993985772 773.80675813183188
0.40222190036438399 0.43406473845243454 0.31196719072759149 0.015642676921747627 35.836171993985772 773.80675813183188
0.40222190036438399 0.43406473845243454 0.31983330249786379 0.0014183892356231811 35.836171993985772 773.80675813183188
0.40222190036438399 0.43406473845243454 0.31983330249786379 0.015642676921747627 29.787204323336482 773.80675813183188
0.40222190036438399 0.43406473845243454 0.31983330249786379 0.015642676921747627 35.836171993985772 444.5717865601182
0.65220777452923351 0.27558985501527788 0.31196719072759149 0.0014183892356231811 29.787204323336482 444.5717865601182
0.45375861199572676 0.17413924820721149 0.13755726404488089 0.012178987229801716 12.389232909306884 581.28886334598064
0.1425106954295188 0.17413924820721149 0.13755726404488089 0.012178987229801716 12.389232909306884 581.28886334598064
0.45375861199572676 0.13074374012649059 0.13755726404488089 0.012178987229801716 12.389232909306884 581.28886334598064
0.45375861199572676 0.17413924820721149 0.49906471818685538 0.012178987229801716 12.389232909306884 581.28886334598064
0.45375861199572676 0.17413924820721149 0.13755726404488089 0.012662777502834798 12.389232909306884 581.28886334598064
0.45375861199572676 0.17413924820721149 0.13755726404488089 0.012178987229801716 27.622528962790966 581.28886334598064
0.45375861199572676 0.17413924820721149 0.13755726404488089 0.012178987229801716 12.389232909306884 326.35821364820004
0.1425106954295188 0.13074374012649059 0.49906471818685538 0.012662777502834798 27.622528962790966 326.35821364820004
0.35537288640625769 0.35686868540942673 0.33869411982595921 0.0033427815720438962 31.64156698808074 482.76753006502986
0.40249537643976502 0.35686868540942673 0.33869411982595921 0.0033427815720438962 31.64156698808074 482.76753006502986
0.35537288640625769 0.46727056801319122 0.33869411982595921 0.0033427815720438962 31.64156698808074 482.76753006502986
0.35537288640625769 0.35686868540942673 0.25376657620072363 0.0033427815720438962 31.64156698808074 482.76753006502986
0.35537288640625769 0.35686868540942673 0.33869411982595921 0.0031260130250826482 31.64156698808074 482.76753006502986
0.35537288640625769 0.35686868540942673 0.33869411982595921 0.0033427815720438962 16.48018548451364 482.76753006502986
0.35537288640625769 0.35686868540942673 0.33869411982595921 0.0033427815720438962 31.64156698808074 993.67465376853943
0.40249537643976502 0.46727056801319122 0.25376657620072363 0.0031260130250826482 16.48018548451364 993.67465376853943
0.064081905782222753 0.28660209998488428 0.24654121175408364 0.016453778614290059 25.141468916088343 234.1389718465507
0.28684526211582123 0.28660209998488428 0.24654121175408364 0.016453778614290059 25.141468916088343 234.1389718465507
0.064081905782222753 0.34682114012539389 0.24654121175408364 0.016453778614290059 25.141468916088343 234.1389718465507
0.064081905782222753 0.28660209998488428 0.10298062153160573 0.016453778614290059 25.141468916088343 234.1389718465507
0.064081905782222753 0.28660209998488428 0.24654121175408364 0.0086952373988926426 25.141468916088343 234.1389718465507
0.064081905782222753 0.28660209998488428 0.24654121175408364 0.016453778614290059 15.143608350306749 234.1389718465507
0.064081905782222753 0.28660209998488428 0.24654121175408364 0.016453778614290059 25.141468916088343 748.82888868451118
0.28684526211582123 0.34682114012539389 0.10298062153160573 0.0086952373988926426 15.143608350306749 748.82888868451118
0.62583259618841103 0.49450244009494781 0.445334129780531 0.007655565790086985 22.831418273970485 782.49253295361996
0.66949878758750847 0.49450244009494781 0.445334129780531 0.007655565790086985 22.831418273970485 782.49253295361996
0.62583259618841103 0.25834801718592648 0.445334129780531 0.007655565790086985 22.831418273970485 782.49253295361996
0.62583259618841103 0.49450244009494781 0.34516311995685101 0.007655565790086985 22.831418273970485 782.49253295361996
0.62583259618841103 0.49450244009494781 0.445334129780531 0.01823080765325576 22.831418273970485 782.49253295361996
0.62583259618841103 0.49450244009494781 0.445334129780531 0.007655565790086985 32.826522590592504 782.49253295361996
0.62583259618841103 0.49450244009494781 0.445334129780531 0.007655565790086985 22.831418273970485 124.16685409843922
0.66949878758750847 0.25834801718592648 0.34516311995685101 0.01823080765325576 32.826522590592504 124.16685409843922
0.59532494335435326 0.21096821501851082 0.39694778993725777 0.0053058222353458409 15.656146725639701 679.41822865977883
0.34766204492188985 0.21096821501851082 0.39694778993725777 0.0053058222353458409 15.656146725639701 679.41822865977883
0.59532494335435326 0.36212574876844883 0.39694778993725777 0.0053058222353458409 15.656146725639701 679.41822865977883
0.59532494335435326 0.21096821501851082 0.191754112765193 0.0053058222353458409 15.656146725639701 679.41822865977883
0.59532494335435326 0.21096821501851082 0.39694778993725777 0.0017794042827561499 15.656146725639701 679.41822865977883
0.59532494335435326 0.21096821501851082 0.39694778993725777 0.0053058222353458409 8.9027947578579187 679.41822865977883
0.59532494335435326 0.21096821501851082 0.39694778993725777 0.0053058222353458409 15.656146725639701 309.34162419289351
0.34766204492188985 0.36212574876844883 0.191754112765193 0.0017794042827561499 8.9027947578579187 309.34162419289351
0.1757626827806234 0.41886398047208784 0.19805397614836695 0.018782052480615676 28.345188211649656 327.77190040796995
0.60733190015889704 0.41886398047208784 0.19805397614836695 0.018782052480615676 28.345188211649656 327.77190040796995
0.1757626827806234 0.24903714731335641 0.19805397614836695 0.018782052480615676 28.345188211649656 327.77190040796995
0.1757626827806234 0.41886398047208784 0.36205522306263449 0.018782052480615676 28.345188211649656 327.77190040796995
0.1757626827806234 0.41886398047208784 0.19805397614836695 0.011385213688760998 28.345188211649656 327.77190040796995
0.1757626827806234 0.41886398047208784 0.19805397614836695 0.018782052480615676 35.258456107228994 327.77190040796995
0.1757626827806234 0.41886398047208784 0.19805397614836695 0.018782052480615676 28.345188211649656 570.57593781501055
0.60733190015889704 0.24903714731335641 0.36205522306263449 0.011385213688760998 35.258456107228994 570.57593781501055
0.2436945792753249 0.14860273338854313 0.49343116767704487 0.0010328435949981214 36.875466603785753 135.35042684525251
0.080658694310113785 0.14860273338854313 0.49343116767704487 0.0010328435949981214 36.875466603785753 135.35042684525251
0.2436945792753249 0.16499366424977779 0.49343116767704487 0.0010328435949981214 36.875466603785753 135.35042684525251
0.2436945792753249 0.14860273338854313 0.40658200457692151 0.0010328435949981214 36.875466603785753 135.35042684525251
0.2436945792753249 0.14860273338854313 0.49343116767704487 0.016954367362894119 36.875466603785753 135.35042684525251
0.2436945792753249 0.14860273338854313 0.49343116767704487 0.0010328435949981214 26.304734779521823 135.35042684525251
0.2436945792753249 0.14860273338854313 0.49343116767704487 0.0010328435949981214 36.875466603785753 786.96712646633387
0.080658694310113785 0.16499366424977779 0.40658200457692151 0.016954367362894119 26.304734779521823 786.96712646633387
0.48426873469725246 0.33132759593427186 0.29219379164278508 0.014472289502806964 11.126892698928714 936.82898292317986
0.46299723903648549 0.33132759593427186 0.29219379164278508 0.014472289502806964 11.126892698928714 936.82898292317986
0.48426873469725246 0.42690501362085342 0.29219379164278508 0.014472289502806964 11.126892698928714 936.82898292317986
0.48426873469725246 0.33132759593427186 0.2394148722290993 0.014472289502806964 11.126892698928714 936.82898292317986
0.48426873469725246 0.33132759593427186 0.29219379164278508 0.0073473540708422665 11.126892698928714 936.82898292317986
0.48426873469725246 0.33132759593427186 0.29219379164278508 0.014472289502806964 21.489557355642319 936.82898292317986
0.48426873469725246 0.33132759593427186 0.29219379164278508 0.014472289502806964 11.126892698928714 540.20728673785925
0.46299723903648549 0.42690501362085342 0.2394148722290993 0.0073473540708422665 21.489557355642319 540.20728673785925
