0.48357775718905027 0.19277481883764269 0.21338965930044651 0.017151622467115522 25.909834487363696 564.0426809899509
0.62101472560316318 0.19277481883764269 0.21338965930044651 0.017151622467115522 25.909834487363696 564.0426809899509
0.48357775718905027 0.23843558281660082 0.21338965930044651 0.017151622467115522 25.909834487363696 564.0426809899509
0.48357775718905027 0.19277481883764269 0.20491124764084817 0.017151622467115522 25.909834487363696 564.0426809899509
0.48357775718905027 0.19277481883764269 0.21338965930044651 0.019000489421933889 25.909834487363696 564.0426809899509
0.48357775718905027 0.19277481883764269 0.21338965930044651 0.017151622467115522 37.966967143118382 564.0426809899509
0.48357775718905027 0.19277481883764269 0.21338965930044651 0.017151622467115522 25.909834487363696 675.85147991776466
0.62101472560316318 0.23843558281660082 0.20491124764084817 0.019000489421933889 37.966967143118382 675.85147991776466
0.24680320834740993 0.37573006227612493 0.41305560655891893 0.0083547410612925897 21.607037831097841 465.52435345947742
0.24899127725511788 0.37573006227612493 0.41305560655891893 0.0083547410612925897 21.607037831097841 465.52435345947742
0.24680320834740993 0.35035307370126245 0.41305560655891893 0.0083547410612925897 21.607037831097841 465.52435345947742
0.24680320834740993 0.37573006227612493 0.44714027494192121 0.0083547410612925897 21.607037831097841 465.52435345947742
0.24680320834740993 0.37573006227612493 0.41305560655891893 0.0094733933554962298 21.607037831097841 465.52435345947742
0.24680320834740993 0.37573006227612493 0.41305560655891893 0.0083547410612925897 9.9450241234153509 465.52435345947742
0.24680320834740993 0.37573006227612493 0.41305560655891893 0.0083547410612925897 21.607037831097841 204.1190791875124
0.24899127725511788 0.35035307370126245 0.44714027494192121 0.0094733933554962298 9.9450241234153509 204.1190791875124
0.17263174983672797 0.25545739792287347 0.12081254050135613 0.011640616732463242 13.613473039120436 259.07342471182346
0.44050828395411368 0.25545739792287347 0.12081254050135613 0.011640616732463242 13.613473039120436 259.07342471182346
0.17263174983672797 0.435567668825388 0.12081254050135613 0.011640616732463242 13.613473039120436 259.07342471182346
0.17263174983672797 0.25545739792287347 0.39635132662951944 0.011640616732463242 13.613473039120436 259.07342471182346
0.17263174983672797 0.25545739792287347 0.12081254050135613 0.0051425421983003613 13.613473039120436 259.07342471182346
0.17263174983672797 0.25545739792287347 0.12081254050135613 0.011640616732463242 19.741045359522104 259.07342471182346
0.17263174983672797 0.25545739792287347 0.12081254050135613 0.011640616732463242 13.613473039120436 420.36950550973415
0.44050828395411368 0.435567668825388 0.39635132662951944 0.0051425421983003613 19.741045359522104 420.36950550973415
0.5960332849994302 0.46314409114420418 0.32125954404473306 0.0028031759141013031 30.873291661962867 807.42998821660876
0.19083583233878015 0.46314409114420418 0.32125954404473306 0.0028031759141013031 30.873291661962867 807.42998821660876
0.5960332849994302 0.17248520590364935 0.32125954404473306 0.0028031759141013031 30.873291661962867 807.42998821660876
0.5960332849994302 0.46314409114420418 0.15101273842155935 0.0028031759141013031 30.873291661962867 807.42998821660876
0.5960332849994302 0.46314409114420418 0.32125954404473306 0.014668444041348995 30.873291661962867 807.42998821660876
0.5960332849994302 0.46314409114420418 0.32125954404473306 0.0028031759141013031 24.3035296369344 807.42998821660876
0.5960332849994302 0.46314409114420418 0.32125954404473306 0.0028031759141013031 30.873291661962867 906.63131177425385
0.19083583233878015 0.17248520590364935 0.15101273842155935 0.014668444041348995 24.3035296369344 906.63131177425385
0.62638378646224735 0.22983266822993756 0.47277412042021749 0.00049452034141868361 37.64378478936851 718.18859186023474
0.50116604603826997 0.22983266822993756 0.47277412042021749 0.00049452034141868361 37.64378478936851 718.18859186023474
0.62638378646224735 0.47025704607367513 0.47277412042021749 0.00049452034141868361 37.64378478936851 718.18859186023474
0.62638378646224735 0.22983266822993756 0.310904448106885 0.00049452034141868361 37.64378478936851 718.18859186023474
0.62638378646224735 0.22983266822993756 0.47277412042021749 0.0056414370128884915 37.64378478936851 718.18859186023474
0.62638378646224735 0.22983266822993756 0.47277412042021749 0.00049452034141868361 19.184955174103379 718.18859186023474
0.62638378646224735 0.22983266822993756 0.47277412042021749 0.00049452034141868361 37.64378478936851 859.8842928186059
0.50116604603826997 0.47025704607367513 0.310904448106885 0.0056414370128884915 19.184955174103379 859.8842928186059
0.060795681132003662 0.43750257976353168 0.27242152765393257 0.013932636601105334 9.9026669301092625 366.54525930061936
0.12882792688906192 0.43750257976353168 0.27242152765393257 0.013932636601105334 9.9026669301092625 366.54525930061936
0.060795681132003662 0.13177785463631153 0.27242152765393257 0.013932636601105334 9.9026669301092625 366.54525930061936
0.060795681132003662 0.43750257976353168 0.14368465952575207 0.013932636601105334 9.9026669301092625 366.54525930061936
0.060795681132003662 0.43750257976353168 0.27242152765393257 0.015256913650035861 9.9026669301092625 366.54525930061936
0.060795681132003662 0.43750257976353168 0.27242152765393257 0.013932636601105334 28.66838501021266 366.54525930061936
0.060795681132003662 0.43750257976353168 0.27242152765393257 0.013932636601105334 9.9026669301092625 460.19471194595098
0.12882792688906192 0.13177785463631153 0.14368465952575207 0.015256913650035861 28.66838501021266 460.19471194595098
0.3586417469196021 0.11724745929241182 0.36769642569124705 0.006003713331930339 16.880455698817968 103.82888102903962
0.55932174520567057 0.11724745929241182 0.36769642569124705 0.006003713331930339 16.880455698817968 103.82888102903962
0.3586417469196021 0.25417964458465581 0.36769642569124705 0.006003713331930339 16.880455698817968 103.82888102903962
0.3586417469196021 0.11724745929241182 0.28820835500955583 0.006003713331930339 16.880455698817968 103.82888102903962
0.3586417469196021 0.11724745929241182 0.36769642569124705 0.01092614285517484 16.880455698817968 103.82888102903962
0.3586417469196021 0.11724745929241182 0.36769642569124705 0.006003713331930339 31.081607548519969 103.82888102903962
0.3586417469196021 0.11724745929241182 0.36769642569124705 0.006003713331930339 16.880455698817968 215.2699826285243
0.55932174520567057 0.25417964458465581 0.28820835500955583 0.01092614285517484 31.081607548519969 215.2699826285243
0.45322972559370095 0.30018592104315756 0.16812527664005755 0.019481180508062242 27.576722448691726 905.31044956296682
0.30933415787294505 0.30018592104315756 0.16812527664005755 0.019481180508062242 27.576722448691726 905.31044956296682
0.45322972559370095 0.34070040695369241 0.16812527664005755 0.019481180508062242 27.576722448691726 905.31044956296682
0.45322972559370095 0.30018592104315756 0.45856819823384287 0.019481180508062242 27.576722448691726 905.31044956296682
0.45322972559370095 0.30018592104315756 0.16812527664005755 0.0013094623319804669 27.576722448691726 905.31044956296682
0.45322972559370095 0.30018592104315756 0.16812527664005755 0.019481180508062242 13.138691142201424 905.31044956296682
0.45322972559370095 0.30018592104315756 0.16812527664005755 0.019481180508062242 27.576722448691726 657.55903739482164
0.30933415787294505 0.34070040695369241 0.45856819823384287 0.0013094623319804669 13.138691142201424 657.55903739482164
0.40407116580754515 0.29161162041127686 0.39864334762096409 0.012885070342570545 21.119234899058938 839.59382670000196
0.4953005115501582 0.29161162041127686 0.39864334762096409 0.012885070342570545 21.119234899058938 839.59382670000196
0.40407116580754515 0.49024628251791003 0.39864334762096409 0.012885070342570545 21.119234899058938 839.59382670000196
0.40407116580754515 0.29161162041127686 0.34642122723162172 0.012885070342570545 21.119234899058938 839.59382670000196
0.40407116580754515 0.29161162041127686 0.39864334762096409 0.012631199180521073 21.119234899058938 839.59382670000196
0.40407116580754515 0.29161162041127686 0.39864334762096409 0.012885070342570545 14.240882044658065 839.59382670000196
0.40407116580754515 0.29161162041127686 0.39864334762096409 0.012885070342570545 21.119234899058938 764.34500850737095
0.4953005115501582 0.49024628251791003 0.34642122723162172 0.012631199180521073 14.240882044658065 764.34500850737095
0.32472220766358073 0.47767336703836916 0.19987481087446213 0.0019212711321190002 23.37845890969038 291.07549581676722
0.054703081678599122 0.47767336703836916 0.19987481087446213 0.0019212711321190002 23.37845890969038 291.07549581676722
0.32472220766358073 0.10215689502656461 0.19987481087446213 0.0019212711321190002 23.37845890969038 291.07549581676722
0.32472220766358073 0.47767336703836916 0.10113815627992154 0.0019212711321190002 23.37845890969038 291.07549581676722
0.32472220766358073 0.47767336703836916 0.19987481087446213 0.0030074180051684381 23.37845890969038 291.07549581676722
0.32472220766358073 0.47767336703836916 0.19987481087446213 0.0019212711321190002 33.597352050244808 291.07549581676722
0.32472220766358073 0.47767336703836916 0.19987481087446213 0.0019212711321190002 23.37845890969038 109.36076864600182
0.054703081678599122 0.10215689502656461 0.10113815627992154 0.0030074180051684381 33.597352050244808 109.36076864600182
0.09566429844126105 0.15429534763097763 0.49200191162526608 0.018512695802748204 33.400889739394188 538.11100963503122
0.59409143645316365 0.15429534763097763 0.49200191162526608 0.018512695802748204 33.400889739394188 538.11100963503122
0.09566429844126105 0.28688856139779095 0.49200191162526608 0.018512695802748204 33.400889739394188 538.11100963503122
0.09566429844126105 0.15429534763097763 0.25504904389381411 0.018512695802748204 33.400889739394188 538.11100963503122
0.09566429844126105 0.15429534763097763 0.49200191162526608 0.0085769682170823234 33.400889739394188 538.11100963503122
0.09566429844126105 0.15429534763097763 0.49200191162526608 0.018512695802748204 28.481278272345662 538.11100963503122
0.09566429844126105 0.15429534763097763 0.49200191162526608 0.018512695802748204 33.400889739394188 339.3440917134285
0.59409143645316365 0.28688856139779095 0.25504904389381411 0.0085769682170823234 28.481278272345662 339.3440917134285
0.67649142430163911 0.36508853510022166 0.29088943116366861 0.0075109040537849068 14.097729252651334 636.46757649257779
0.35709391850978128 0.36508853510022166 0.29088943116366861 0.0075109040537849068 14.097729252651334 636.46757649257779
0.67649142430163911 0.32379922010004525 0.29088943116366861 0.0075109040537849068 14.097729252651334 636.46757649257779
0.67649142430163911 0.36508853510022166 0.4971977852284909 0.0075109040537849068 14.097729252651334 636.46757649257779
0.67649142430163911 0.36508853510022166 0.29088943116366861 0.01819954550638795 14.097729252651334 636.46757649257779
0.67649142430163911 0.36508853510022166 0.29088943116366861 0.0075109040537849068 15.723914552479982 636.46757649257779
0.67649142430163911 0.36508853510022166 0.29088943116366861 0.0075109040537849068 14.097729252651334 979.8538576811552
0.35709391850978128 0.32379922010004525 0.4971977852284909 0.01819954550638795 15.723914552479982 979.8538576811552
0.54434314616955815 0.12943317592144013 0.1392773922532797 0.0098585089894011636 9.3852224592119455 994.58945468068123
0.695454476494342 0.12943317592144013 0.1392773922532797 0.0098585089894011636 9.3852224592119455 994.58945468068123
0.54434314616955815 0.22137642726302148 0.1392773922532797 0.0098585089894011636 9.3852224592119455 994.58945468068123
0.54434314616955815 0.12943317592144013 0.23815675899386407 0.0098585089894011636 9.3852224592119455 994.58945468068123
0.54434314616955815 0.12943317592144013 0.1392773922532797 0.0018976734645664694 9.3852224592119455 994.58945468068123
0.54434314616955815 0.12943317592144013 0.1392773922532797 0.0098585089894011636 25.522887196391821 994.58945468068123
0.54434314616955815 0.12943317592144013 0.1392773922532797 0.0098585089894011636 9.3852224592119455 799.84352346509695
0.695454476494342 0.22137642726302148 0.23815675899386407 0.0018976734645664694 25.522887196391821 799.84352346509695
0.14632697058841584 0.34024620279669759 0.34049038700759415 0.016182293053716421 35.082999236881733 192.94613217934966
0.25454191090539097 0.34024620279669759 0.34049038700759415 0.016182293053716421 35.082999236881733 192.94613217934966
0.14632697058841584 0.38290256448090076 0.34049038700759415 0.016182293053716421 35.082999236881733 192.94613217934966
0.14632697058841584 0.34024620279669759 0.40842448770999906 0.016182293053716421 35.082999236881733 192.94613217934966
0.14632697058841584 0.34024620279669759 0.34049038700759415 0.01141647583562881 35.082999236881733 192.94613217934966
0.14632697058841584 0.34024620279669759 0.34049038700759415 0.016182293053716421 22.373997757211328 192.94613217934966
0.14632697058841584 0.34024620279669759 0.34049038700759415 0.016182293053716421 35.082999236881733 526.27710346132517
0.25454191090539097 0.38290256448090076 0.40842448770999906 0.01141647583562881 22.373997757211328 526.27710346132517
0.27406196664087473 0.21684758178889751 0.24513614177703857 0.0042339047694578769 30.133961170911789 383.77456134185195
0.39306342415511603 0.21684758178889751 0.24513614177703857 0.0042339047694578769 30.133961170911789 383.77456134185195
0.27406196664087473 0.40617945790290833 0.24513614177703857 0.0042339047694578769 30.133961170911789 383.77456134185195
0.27406196664087473 0.21684758178889751 0.36077273748815064 0.0042339047694578769 30.133961170911789 383.77456134185195
0.27406196664087473 0.21684758178889751 0.24513614177703857 0.016985945685207844 30.133961170911789 383.77456134185195
0.27406196664087473 0.21684758178889751 0.24513614177703857 0.0042339047694578769 9.6407215595245361 383.77456134185195
0.27406196664087473 0.21684758178889751 0.24513614177703857 0.0042339047694578769 30.133961170911789 324.96808338910341
0.39306342415511603 0.40617945790290833 0.36077273748815064 0.016985945685207844 9.6407215595245361 324.96808338910341
0.53622187506407493 0.40292916782200339 0.44400558024644854 0.010594472876191141 17.394122781231999 735.25611981749535
0.15575123541057109 0.40292916782200339 0.44400558024644854 0.010594472876191141 17.394122781231999 735.25611981749535
0.53622187506407493 0.19270554892718794 0.44400558024644854 0.010594472876191141 17.394122781231999 735.25611981749535
0.53622187506407493 0.40292916782200339 0.19362105168402197 0.010594472876191141 17.394122781231999 735.25611981749535
0.53622187506407493 0.40292916782200339 0.44400558024644854 0.0074659490907564765 17.394122781231999 735.25611981749535
0.53622187506407493 0.40292916782200339 0.44400558024644854 0.010594472876191141 34.388746900483966 735.25611981749535
0.53622187506407493 0.40292916782200339 0.44400558024644854 0.010594472876191141 17.394122781231999 555.88009785860777
0.15575123541057109 0.19270554892718794 0.19362105168402197 0.0074659490907564765 34.388746900483966 555.88009785860777
0.50291440468281501 0.2030806727707386 0.18394773229956629 0.0056271530596539382 31.655923092737794 165.99501939490438
0.22591951275244354 0.2030806727707386 0.18394773229956629 0.0056271530596539382 31.655923092737794 165.99501939490438
0.50291440468281501 0.4195697914808989 0.18394773229956629 0.0056271530596539382 31.655923092737794 165.99501939490438
0.50291440468281501 0.2030806727707386 0.1248329933732748 0.0056271530596539382 31.655923092737794 165.99501939490438
0.50291440468281501 0.2030806727707386 0.18394773229956629 0.015840336271747947 31.655923092737794 165.99501939490438
0.50291440468281501 0.2030806727707386 0.18394773229956629 0.0056271530596539382 35.368210731074214 165.99501939490438
0.50291440468281501 0.2030806727707386 0.18394773229956629 0.0056271530596539382 31.655923092737794 844.76279467344284
0.22591951275244354 0.4195697914808989 0.1248329933732748 0.015840336271747947 35.368210731074214 844.76279467344284
0.26615008036606014 0.41708431690931325 0.38351582959294317 0.019103337093815207 12.345324225723743 967.53159333020449
0.64908405626192689 0.41708431690931325 0.38351582959294317 0.019103337093815207 12.345324225723743 967.53159333020449
0.26615008036606014 0.18148654103279116 0.38351582959294317 0.019103337093815207 12.345324225723743 967.53159333020449
0.26615008036606014 0.41708431690931325 0.32956232763826848 0.019103337093815207 12.345324225723743 967.53159333020449
0.26615008036606014 0.41708431690931325 0.38351582959294317 0.0062913215352222327 12.345324225723743 967.53159333020449
0.26615008036606014 0.41708431690931325 0.38351582959294317 0.019103337093815207 8.7790746539831161 967.53159333020449
0.26615008036606014 0.41708431690931325 0.38351582959294317 0.019103337093815207 12.345324225723743 485.04983596503735
0.64908405626192689 0.18148654103279116 0.32956232763826848 0.0062913215352222327 8.7790746539831161 485.04983596503735
0.15394196910783647 0.1404702875763178 0.27574351169168954 0.0013541766321286562 22.875187426805496 760.99657732993364
0.2033112213015556 0.1404702875763178 0.27574351169168954 0.0013541766321286562 22.875187426805496 760.99657732993364
0.15394196910783647 0.20447048135101797 0.27574351169168954 0.0013541766321286562 22.875187426805496 760.99657732993364
0.15394196910783647 0.1404702875763178 0.47721081003546717 0.0013541766321286562 22.875187426805496 760.99657732993364
0.15394196910783647 0.1404702875763178 0.27574351169168954 0.00072298461385071275 22.875187426805496 760.99657732993364
0.15394196910783647 0.1404702875763178 0.27574351169168954 0.0013541766321286562 21.365622842684388 760.99657732993364
0.15394196910783647 0.1404702875763178 0.27574351169168954 0.0013541766321286562 22.875187426805496 251.98689438402653
0.2033112213015556 0.20447048135101797 0.47721081003546717 0.00072298461385071275 21.365622842684388 251.98689438402653
0.57731405594386154 0.32959599755704405 0.476093052700162 0.014793576623871924 25.127202274277806 409.40804900601506
0.42287414819002145 0.32959599755704405 0.476093052700162 0.014793576623871924 25.127202274277806 409.40804900601506
0.57731405594386154 0.39138718470931055 0.476093052700162 0.014793576623871924 25.127202274277806 409.40804900601506
0.57731405594386154 0.32959599755704405 0.26937195658683777 0.014793576623871924 25.127202274277806 409.40804900601506
0.57731405594386154 0.32959599755704405 0.476093052700162 0.010270776655338706 25.127202274277806 409.40804900601506
0.57731405594386154 0.32959599755704405 0.476093052700162 0.014793576623871924 26.414246272295713 409.40804900601506
0.57731405594386154 0.32959599755704405 0.476093052700162 0.014793576623871924 25.127202274277806 625.2954475581646
0.42287414819002145 0.39138718470931055 0.26937195658683777 0.010270776655338706 26.414246272295713 625.2954475581646
0.68891175822354844 0.16493716128170491 0.33083161748945711 0.012481239209696652 28.388937750831246 321.21037393808365
0.10107848038896919 0.16493716128170491 0.33083161748945711 0.012481239209696652 28.388937750831246 321.21037393808365
0.68891175822354844 0.28892792798578737 0.33083161748945711 0.012481239209696652 28.388937750831246 321.21037393808365
0.68891175822354844 0.16493716128170491 0.41598277390003202 0.012481239209696652 28.388937750831246 321.21037393808365
0.68891175822354844 0.16493716128170491 0.33083161748945711 0.010060965978167953 28.388937750831246 321.21037393808365
0.68891175822354844 0.16493716128170491 0.33083161748945711 0.012481239209696652 16.589924965053797 321.21037393808365
0.68891175822354844 0.16493716128170491 0.33083161748945711 0.012481239209696652 28.388937750831246 691.48784149438143
0.10107848038896919 0.28892792798578737 0.41598277390003202 0.010060965978167953 16.589924965053797 691.48784149438143
0.12335372110828756 0.35405829064548022 0.13038156218826771 0.0036450821233913306 15.641888968646526 869.62195625528693
0.52391796996816986 0.35405829064548022 0.13038156218826771 0.0036450821233913306 15.641888968646526 869.62195625528693
0.12335372110828756 0.30044790282845502 0.13038156218826771 0.0036450821233913306 15.641888968646526 869.62195625528693
0.12335372110828756 0.35405829064548022 0.23626253530383112 0.0036450821233913306 15.641888968646526 869.62195625528693
0.12335372110828756 0.35405829064548022 0.13038156218826771 0.01965453471429646 15.641888968646526 869.62195625528693
0.12335372110828756 0.35405829064548022 0.13038156218826771 0.0036450821233913306 27.498824225738645 869.62195625528693
0.12335372110828756 0.35405829064548022 0.13038156218826771 0.0036450821233913306 15.641888968646526 178.87268792837858
0.52391796996816986 0.30044790282845502 0.23626253530383112 0.01965453471429646 27.498824225738645 178.87268792837858
0.29673581975512203 0.2774496041238308 0.43512797281146054 0.016756028381362559 11.141232654452324 606.87985559925437
0.32728813420981162 0.2774496041238308 0.43512797281146054 0.016756028381362559 11.141232654452324 606.87985559925437
0.29673581975512203 0.48547255359590058 0.43512797281146054 0.016756028381362559 11.141232654452324 606.87985559925437
0.29673581975512203 0.2774496041238308 0.18234875239431858 0.016756028381362559 11.141232654452324 606.87985559925437
0.29673581975512203 0.2774496041238308 0.43512797281146054 0.014086268566362562 11.141232654452324 606.87985559925437
0.29673581975512203 0.2774496041238308 0.43512797281146054 0.016756028381362559 32.702574498951435 606.87985559925437
0.29673581975512203 0.2774496041238308 0.43512797281146054 0.016756028381362559 11.141232654452324 384.14020594209433
0.32728813420981162 0.48547255359590058 0.18234875239431858 0.014086268566362562 32.702574498951435 384.14020594209433
0.3913141937926411 0.49144866764545447 0.23545897379517555 0.0079578638335689907 36.83157049305737 508.41631889343262
0.54652647208422422 0.49144866764545447 0.23545897379517555 0.0079578638335689907 36.83157049305737 508.41631889343262
0.3913141937926411 0.12199257463216782 0.23545897379517555 0.0079578638335689907 36.83157049305737 508.41631889343262
0.3913141937926411 0.49144866764545447 0.36520909927785394 0.0079578638335689907 36.83157049305737 508.41631889343262
0.3913141937926411 0.49144866764545447 0.23545897379517555 0.0044914866503328087 36.83157049305737 508.41631889343262
0.3913141937926411 0.49144866764545447 0.23545897379517555 0.0079578638335689907 15.25313319824636 508.41631889343262
0.3913141937926411 0.49144866764545447 0.23545897379517555 0.0079578638335689907 36.83157049305737 938.53088561445475
0.54652647208422422 0.12199257463216782 0.36520909927785394 0.0044914866503328087 15.25313319824636 938.53088561445475
0.42531210654415186 0.10034868456423283 0.40318312607705598 0.0046101626226678488 15.380469171330333 336.92740378901362
0.077414705604314807 0.10034868456423283 0.40318312607705598 0.0046101626226678488 15.380469171330333 336.92740378901362
0.42531210654415186 0.27167307846248151 0.40318312607705598 0.0046101626226678488 15.380469171330333 336.92740378901362
0.42531210654415186 0.10034868456423283 0.42728073447942738 0.0046101626226678488 15.380469171330333 336.92740378901362
0.42531210654415186 0.10034868456423283 0.40318312607705598 0.012081429678760471 15.380469171330333 336.92740378901362
0.42531210654415186 0.10034868456423283 0.40318312607705598 0.0046101626226678488 12.158540219068527 336.92740378901362
0.42531210654415186 0.10034868456423283 0.40318312607705598 0.0046101626226678488 15.380469171330333 820.3169908374548
0.077414705604314807 0.27167307846248151 0.42728073447942738 0.012081429678760471 12.158540219068527 820.3169908374548
0.34597338018938895 0.31747141145169733 0.20431673936545849 0.01097201446145773 32.632849637418985 688.463981077075
0.46759135052561751 0.31747141145169733 0.20431673936545849 0.01097201446145773 32.632849637418985 688.463981077075
0.34597338018938895 0.33358447551727299 0.20431673936545849 0.01097201446145773 32.632849637418985 688.463981077075
0.34597338018938895 0.31747141145169733 0.21949735060334208 0.01097201446145773 32.632849637418985 688.463981077075
0.34597338018938895 0.31747141145169733 0.20431673936545849 0.0024744124773889782 32.632849637418985 688.463981077075
0.34597338018938895 0.31747141145169733 0.20431673936545849 0.01097201446145773 31.944399310275912 688.463981077075
0.34597338018938895 0.31747141145169733 0.20431673936545849 0.01097201446145773 32.632849637418985 503.23085784912109
0.46759135052561751 0.33358447551727299 0.21949735060334208 0.0024744124773889782 31.944399310275912 503.23085784912109
0.073800685955211526 0.23773943856358529 0.31216840147972108 0.0089985502796247618 24.146500017493963 935.47377251088619
0.34425959000363943 0.23773943856358529 0.31216840147972108 0.0089985502796247618 24.146500017493963 935.47377251088619
0.073800685955211526 0.45549802370369441 0.31216840147972108 0.0089985502796247618 24.146500017493963 935.47377251088619
0.073800685955211526 0.23773943856358529 0.17497081346809865 0.0089985502796247618 24.146500017493963 935.47377251088619
0.073800685955211526 0.23773943856358529 0.31216840147972108 0.0068064673362299806 24.146500017493963 935.47377251088619
0.073800685955211526 0.23773943856358529 0.31216840147972108 0.0089985502796247618 29.677446123212576 935.47377251088619
0.073800685955211526 0.23773943856358529 0.31216840147972108 0.0089985502796247618 24.146500017493963 283.02193358540535
0.34425959000363943 0.45549802370369441 0.17497081346809865 0.0068064673362299806 29.677446123212576 283.02193358540535
0.65459837075322858 0.42998424023389814 0.11095845848321916 0.015321051201969386 19.836493974551558 133.88524083420634
0.61208446333184841 0.42998424023389814 0.11095845848321916 0.015321051201969386 19.836493974551558 133.88524083420634
0.65459837075322858 0.14240937456488612 0.11095845848321916 0.015321051201969386 19.836493974551558 133.88524083420634
0.65459837075322858 0.42998424023389814 0.37961981408298018 0.015321051201969386 19.836493974551558 133.88524083420634
0.65459837075322858 0.42998424023389814 0.11095845848321916 0.01641227135770023 19.836493974551558 133.88524083420634
0.65459837075322858 0.42998424023389814 0.11095845848321916 0.015321051201969386 18.292452136054635 133.88524083420634
0.65459837075322858 0.42998424023389814 0.11095845848321916 0.015321051201969386 19.836493974551558 586.45754046738148
0.61208446333184841 0.14240937456488612 0.37961981408298018 0.01641227135770023 18.292452136054635 586.45754046738148
0.60369729343801737 0.26298107728362086 0.25631735622882845 0.01767237515449524 18.647395057603717 491.29304122179747
0.28257095124572512 0.26298107728362086 0.25631735622882845 0.01767237515449524 18.647395057603717 491.29304122179747
0.60369729343801737 0.44014458395540712 0.25631735622882845 0.01767237515449524 18.647395057603717 491.29304122179747
0.60369729343801737 0.26298107728362086 0.13229718022048476 0.01767237515449524 18.647395057603717 491.29304122179747
0.60369729343801737 0.26298107728362086 0.25631735622882845 0.0036682218473404649 18.647395057603717 491.29304122179747
0.60369729343801737 0.26298107728362086 0.25631735622882845 0.01767237515449524 23.436833025887609 491.29304122179747
0.60369729343801737 0.26298107728362086 0.25631735622882845 0.01767237515449524 18.647395057603717 743.50773971527815
0.28257095124572512 0.44014458395540712 0.13229718022048476 0.0036682218473404649 23.436833025887609 743.50773971527815
0.20571117880754169 0.4552335053682327 0.45743288844823837 0.0066693002635613086 29.336451638489962 589.70461348071694
0.67242300715297454 0.4552335053682327 0.45743288844823837 0.0066693002635613086 29.336451638489962 589.70461348071694
0.20571117880754169 0.15167141333222389 0.45743288844823837 0.0066693002635613086 29.336451638489962 589.70461348071694
0.20571117880754169 0.4552335053682327 0.31506536491215231 0.0066693002635613086 29.336451638489962 589.70461348071694
0.20571117880754169 0.4552335053682327 0.45743288844823837 0.013203777423314751 29.336451638489962 589.70461348071694
0.20571117880754169 0.4552335053682327 0.45743288844823837 0.0066693002635613086 20.724643368273973 589.70461348071694
0.20571117880754169 0.4552335053682327 0.45743288844823837 0.0066693002635613086 29.336451638489962 132.8944118693471
0.67242300715297454 0.15167141333222389 0.31506536491215231 0.013203777423314751 20.724643368273973 132.8944118693471
0.21406033998355267 0.17549314387142659 0.15280244611203672 0.013280966257303954 35.880507986992598 780.44895539060235
0.13807805394753814 0.17549314387142659 0.15280244611203672 0.013280966257303954 35.880507986992598 780.44895539060235
0.21406033998355267 0.23737432919442655 0.15280244611203672 0.013280966257303954 35.880507986992598 780.44895539060235
0.21406033998355267 0.17549314387142659 0.46585108712315559 0.013280966257303954 35.880507986992598 780.44895539060235
0.21406033998355267 0.17549314387142659 0.15280244611203672 0.017535761508718134 35.880507986992598 780.44895539060235
0.21406033998355267 0.17549314387142659 0.15280244611203672 0.013280966257303954 10.840488767251372 780.44895539060235
0.21406033998355267 0.17549314387142659 0.15280244611203672 0.013280966257303954 35.880507986992598 380.89875970035791
0.13807805394753814 0.23737432919442655 0.46585108712315559 0.017535761508718134 10.840488767251372 380.89875970035791
0.47621063650585704 0.39262349717319012 0.35157403461635117 0.0023184507789090277 8.1319509651511908 231.9854287430644
0.40557787334546441 0.39262349717319012 0.35157403461635117 0.0023184507789090277 8.1319509651511908 231.9854287430644
0.47621063650585704 0.37390120476484301 0.35157403461635117 0.0023184507789090277 8.1319509651511908 231.9854287430644
0.47621063650585704 0.39262349717319012 0.28619890362024308 0.0023184507789090277 8.1319509651511908 231.9854287430644
0.47621063650585704 0.39262349717319012 0.35157403461635117 0.0079989832377061251 8.1319509651511908 231.9854287430644
0.47621063650585704 0.39262349717319012 0.35157403461635117 0.0023184507789090277 36.953571133315563 231.9854287430644
0.47621063650585704 0.39262349717319012 0.35157403461635117 0.0023184507789090277 8.1319509651511908 949.79149308055639
0.40557787334546441 0.37390120476484301 0.28619890362024308 0.0079989832377061251 36.953571133315563 949.79149308055639
