0.48984800246544175 0.27042446434497835 0.29462583996355535 0.0052789404258131983 21.477041330188513 247.42837622761726
0.54232353856787086 0.27042446434497835 0.29462583996355535 0.0052789404258131983 21.477041330188513 247.42837622761726
0.48984800246544175 0.19035456366837025 0.29462583996355535 0.0052789404258131983 21.477041330188513 247.42837622761726
0.48984800246544175 0.27042446434497835 0.32332598082721231 0.0052789404258131983 21.477041330188513 247.42837622761726
0.48984800246544175 0.27042446434497835 0.29462583996355535 0.0053738519759848717 21.477041330188513 247.42837622761726
0.48984800246544175 0.27042446434497835 0.29462583996355535 0.0052789404258131983 32.448264902457595 247.42837622761726
0.48984800246544175 0.27042446434497835 0.29462583996355535 0.0052789404258131983 21.477041330188513 817.98075996339321
0.54232353856787086 0.19035456366837025 0.32332598082721231 0.0053738519759848717 32.448264902457595 817.98075996339321
0.23910395586863159 0.45941154584288602 0.49417561776936059 0.019065135462023319 26.72467583976686 823.90704965218902
0.3327606498263776 0.45941154584288602 0.49417561776936059 0.019065135462023319 26.72467583976686 823.90704965218902
0.23910395586863159 0.40226518735289574 0.49417561776936059 0.019065135462023319 26.72467583976686 823.90704965218902
0.23910395586863159 0.45941154584288602 0.13106928654015065 0.019065135462023319 26.72467583976686 823.90704965218902
0.23910395586863159 0.45941154584288602 0.49417561776936059 0.015519702763110401 26.72467583976686 823.90704965218902
0.23910395586863159 0.45941154584288602 0.49417561776936059 0.019065135462023319 15.448334060609341 823.90704965218902
0.23910395586863159 0.45941154584288602 0.49417561776936059 0.019065135462023319 26.72467583976686 502.21303999423981
0.3327606498263776 0.40226518735289574 0.13106928654015065 0.015519702763110401 15.448334060609341 502.21303999423981
0.19143877117894587 0.18288731686770918 0.18954661712050438 0.00092922228351235395 30.992315916344523 575.25102561339736
0.51923914384096859 0.18288731686770918 0.18954661712050438 0.00092922228351235395 30.992315916344523 575.25102561339736
0.19143877117894587 0.38677711598575115 0.18954661712050438 0.00092922228351235395 30.992315916344523 575.25102561339736
0.19143877117894587 0.18288731686770918 0.27560505047440531 0.00092922228351235395 30.992315916344523 575.25102561339736
0.19143877117894587 0.18288731686770918 0.18954661712050438 0.01118765266183764 30.992315916344523 575.25102561339736
0.19143877117894587 0.18288731686770918 0.18954661712050438 0.00092922228351235395 16.807112844660878 575.25102561339736
0.19143877117894587 0.18288731686770918 0.18954661712050438 0.00092922228351235395 30.992315916344523 285.74290052056313
0.51923914384096859 0.38677711598575115 0.27560505047440531 0.01118765266183764 16.807112844660878 285.74290052056313
0.58055830858647817 0.39704530127346516 0.38987783268094067 0.014677424486167731 12.802336934953928 448.60458001494408
0.10702678691595792 0.39704530127346516 0.38987783268094067 0.014677424486167731 12.802336934953928 448.60458001494408
0.58055830858647817 0.22368778586387636 0.38987783268094067 0.014677424486167731 12.802336934953928 448.60458001494408
0.58055830858647817 0.39704530127346516 0.47097776979207995 0.014677424486167731 12.802336934953928 448.60458001494408
0.58055830858647817 0.39704530127346516 0.38987783268094067 0.0010430055394768717 12.802336934953928 448.60458001494408
0.58055830858647817 0.39704530127346516 0.38987783268094067 0.014677424486167731 27.222527612000704 448.60458001494408
0.58055830858647817 0.39704530127346516 0.38987783268094067 0.014677424486167731 12.802336934953928 586.98118813335896
0.10702678691595792 0.22368778586387636 0.47097776979207995 0.0010430055394768717 27.222527612000704 586.98118813335896
0.63137970119714737 0.10843298695981503 0.44149140641093254 0.012055416291393341 10.710183840245008 120.31055586412549
0.41739692771807307 0.10843298695981503 0.44149140641093254 0.012055416291393341 10.710183840245008 120.31055586412549
0.63137970119714737 0.32146039567887785 0.44149140641093254 0.012055416291393341 10.710183840245008 120.31055586412549
0.63137970119714737 0.10843298695981503 0.21750201135873795 0.012055416291393341 10.710183840245008 120.31055586412549
0.63137970119714737 0.10843298695981503 0.44149140641093254 0.019356417559087277 10.710183840245008 120.31055586412549
0.63137970119714737 0.10843298695981503 0.44149140641093254 0.012055416291393341 21.171781804412603 120.31055586412549
0.63137970119714737 0.10843298695981503 0.44149140641093254 0.012055416291393341 10.710183840245008 746.22865300625563
0.41739692771807307 0.32146039567887785 0.21750201135873795 0.019356417559087277 21.171781804412603 746.22865300625563
0.059449213510379198 0.32257113195955756 0.24105967059731484 0.0035291943073272707 37.5211127307266 893.66422090679407
0.20751890325918793 0.32257113195955756 0.24105967059731484 0.0035291943073272707 37.5211127307266 893.66422090679407
0.059449213510379198 0.28298654407262802 0.24105967059731484 0.0035291943073272707 37.5211127307266 893.66422090679407
0.059449213510379198 0.32257113195955756 0.43474333956837652 0.0035291943073272707 37.5211127307266 893.66422090679407
0.059449213510379198 0.32257113195955756 0.24105967059731484 0.0091221862012520437 37.5211127307266 893.66422090679407
0.059449213510379198 0.32257113195955756 0.24105967059731484 0.0035291943073272707 26.666280517354608 893.66422090679407
0.059449213510379198 0.32257113195955756 0.24105967059731484 0.0035291943073272707 37.5211127307266 133.41811317950487
0.20751890325918793 0.28298654407262802 0.43474333956837652 0.0091221862012520437 26.666280517354608 133.41811317950487
0.37109600277617566 0.24606750458478929 0.34891275204718114 0.016408155673928559 26.7582619022578 701.27021316438913
0.6431305363774299 0.24606750458478929 0.34891275204718114 0.016408155673928559 26.7582619022578 701.27021316438913
0.37109600277617566 0.10609252788126469 0.34891275204718114 0.016408155673928559 26.7582619022578 701.27021316438913
0.37109600277617566 0.24606750458478929 0.38396674878895287 0.016408155673928559 26.7582619022578 701.27021316438913
0.37109600277617566 0.24606750458478929 0.34891275204718114 0.0047902162410318853 26.7582619022578 701.27021316438913
0.37109600277617566 0.24606750458478929 0.34891275204718114 0.016408155673928559 35.642203271389008 701.27021316438913
0.37109600277617566 0.24606750458478929 0.34891275204718114 0.016408155673928559 26.7582619022578 378.56258247047663
0.6431305363774299 0.10609252788126469 0.38396674878895287 0.0047902162410318853 35.642203271389008 378.56258247047663
0.43902909909375004 0.4350347466766834 0.14926207847893239 0.0079187180273234854 17.006804395467043 377.74877594783902
0.23060350865125656 0.4350347466766834 0.14926207847893239 0.0079187180273234854 17.006804395467043 377.74877594783902
0.43902909909375004 0.49261863008141515 0.14926207847893239 0.0079187180273234854 17.006804395467043 377.74877594783902
0.43902909909375004 0.4350347466766834 0.16359106115996838 0.0079187180273234854 17.006804395467043 377.74877594783902
0.43902909909375004 0.4350347466766834 0.14926207847893239 0.015025642043538394 17.006804395467043 377.74877594783902
0.43902909909375004 0.4350347466766834 0.14926207847893239 0.0079187180273234854 8.5632753204554319 377.74877594783902
0.43902909909375004 0.4350347466766834 0.14926207847893239 0.0079187180273234854 17.006804395467043 948.77362158149481
0.23060350865125656 0.49261863008141515 0.16359106115996838 0.015025642043538394 8.5632753204554319 948.77362158149481
0.40685575492680065 0.17004251591861247 0.31757215261459348 0.0050353851284831762 23.486512035131454 522.95231427997351
0.41153139080852263 0.17004251591861247 0.31757215261459348 0.0050353851284831762 23.486512035131454 522.95231427997351
0.40685575492680065 0.33834865875542164 0.31757215261459348 0.0050353851284831762 23.486512035131454 522.95231427997351
0.40685575492680065 0.17004251591861247 0.22576115727424623 0.0050353851284831762 23.486512035131454 522.95231427997351
0.40685575492680065 0.17004251591861247 0.31757215261459348 0.0015382093846797945 23.486512035131454 522.95231427997351
0.40685575492680065 0.17004251591861247 0.31757215261459348 0.0050353851284831762 11.086557723581791 522.95231427997351
0.40685575492680065 0.17004251591861247 0.31757215261459348 0.0050353851284831762 23.486512035131454 841.98711067438126
0.41153139080852263 0.33834865875542164 0.22576115727424623 0.0015382093846797945 11.086557723581791 841.98711067438126
0.32368364050053056 0.36213610060513024 0.11868747025728227 0.011088497969321908 20.297097267583013 649.43097764626145
0.13339405562728643 0.36213610060513024 0.11868747025728227 0.011088497969321908 20.297097267583013 649.43097764626145
0.32368364050053056 0.25026613697409628 0.11868747025728227 0.011088497969321908 20.297097267583013 649.43097764626145
0.32368364050053056 0.36213610060513024 0.42101696953177459 0.011088497969321908 20.297097267583013 649.43097764626145
0.32368364050053056 0.36213610060513024 0.11868747025728227 0.011780735839344563 20.297097267583013 649.43097764626145
0.32368364050053056 0.36213610060513024 0.11868747025728227 0.011088497969321908 36.766610911116004 649.43097764626145
0.32368364050053056 0.36213610060513024 0.11868747025728227 0.011088497969321908 20.297097267583013 484.47147123515606
0.13339405562728643 0.25026613697409628 0.42101696953177459 0.011780735839344563 36.766610911116004 484.47147123515606
0.105907538626343 0.28250651657581327 0.42343243919312956 0.0093470357913523917 13.98605670966208 854.31632781401277
0.67790023004636168 0.28250651657581327 0.42343243919312956 0.0093470357913523917 13.98605670966208 854.31632781401277
0.105907538626343 0.1356516432017088 0.42343243919312956 0.0093470357913523917 13.98605670966208 854.31632781401277
0.105907538626343 0.28250651657581327 0.37335315681993964 0.0093470357913523917 13.98605670966208 854.31632781401277
0.105907538626343 0.28250651657581327 0.42343243919312956 0.017349086885899305 13.98605670966208 854.31632781401277
0.105907538626343 0.28250651657581327 0.42343243919312956 0.0093470357913523917 23.213237348943949 854.31632781401277
0.105907538626343 0.28250651657581327 0.42343243919312956 0.0093470357913523917 13.98605670966208 254.2684081941843
0.67790023004636168 0.1356516432017088 0.37335315681993964 0.017349086885899305 23.213237348943949 254.2684081941843
0.66259900820441542 0.49977099522948265 0.22220419459044935 0.015359588924609126 34.234028227627277 277.66989227384329
0.27836327170953151 0.49977099522948265 0.22220419459044935 0.015359588924609126 34.234028227627277 277.66989227384329
0.66259900820441542 0.47256916761398315 0.22220419459044935 0.015359588924609126 34.234028227627277 277.66989227384329
0.66259900820441542 0.49977099522948265 0.18123742900788786 0.015359588924609126 34.234028227627277 277.66989227384329
0.66259900820441542 0.49977099522948265 0.22220419459044935 0.0071077548759058123 34.234028227627277 277.66989227384329
0.66259900820441542 0.49977099522948265 0.22220419459044935 0.015359588924609126 21.007347779348493 277.66989227384329
0.66259900820441542 0.49977099522948265 0.22220419459044935 0.015359588924609126 34.234028227627277 626.25854834914207
0.27836327170953151 0.47256916761398315 0.18123742900788786 0.0071077548759058123 21.007347779348493 626.25854834914207
0.55092165996320541 0.20725224465131761 0.17068808935582638 0.018019992096535861 34.25353716313839 396.73914266750216
0.61676328703761096 0.20725224465131761 0.17068808935582638 0.018019992096535861 34.25353716313839 396.73914266750216
0.55092165996320541 0.17014561854302884 0.17068808935582638 0.018019992096535861 34.25353716313839 396.73914266750216
0.55092165996320541 0.20725224465131761 0.33380452059209348 0.018019992096535861 34.25353716313839 396.73914266750216
0.55092165996320541 0.20725224465131761 0.17068808935582638 0.01288572192657739 34.25353716313839 396.73914266750216
0.55092165996320541 0.20725224465131761 0.17068808935582638 0.018019992096535861 29.863048309460282 396.73914266750216
0.55092165996320541 0.20725224465131761 0.17068808935582638 0.018019992096535861 34.25353716313839 693.76930166035891
0.61676328703761096 0.17014561854302884 0.33380452059209348 0.01288572192657739 29.863048309460282 693.76930166035891
0.13641676055267454 0.42453350499272346 0.37182191722095015 0.0067081023078411819 9.5006000269204378 720.09281106293201
0.33831128105521197 0.42453350499272346 0.37182191722095015 0.0067081023078411819 9.5006000269204378 720.09281106293201
0.13641676055267454 0.43166641443967824 0.37182191722095015 0.0067081023078411819 9.5006000269204378 720.09281106293201
0.13641676055267454 0.42453350499272346 0.11355797089636327 0.0067081023078411819 9.5006000269204378 720.09281106293201
0.13641676055267454 0.42453350499272346 0.37182191722095015 0.0027481742762029172 9.5006000269204378 720.09281106293201
0.13641676055267454 0.42453350499272346 0.37182191722095015 0.0067081023078411819 18.048656743019819 720.09281106293201
0.13641676055267454 0.42453350499272346 0.37182191722095015 0.0067081023078411819 9.5006000269204378 179.83584236353636
0.33831128105521197 0.43166641443967824 0.11355797089636327 0.0027481742762029172 18.048656743019819 179.83584236353636
0.29317694655619558 0.144886377081275 0.26404817998409269 0.013706528689526024 18.219936827197671 981.18867911398411
0.4717942864634096 0.144886377081275 0.26404817998409269 0.013706528689526024 18.219936827197671 981.18867911398411
0.29317694655619558 0.3542879436165095 0.26404817998409269 0.013706528689526024 18.219936827197671 981.18867911398411
0.29317694655619558 0.144886377081275 0.26745651885867117 0.013706528689526024 18.219936827197671 981.18867911398411
0.29317694655619558 0.144886377081275 0.26404817998409269 0.0083164451817050594 18.219936827197671 981.18867911398411
0.29317694655619558 0.144886377081275 0.26404817998409269 0.013706528689526024 11.878138093277812 981.18867911398411
0.29317694655619558 0.144886377081275 0.26404817998409269 0.013706528689526024 18.219936827197671 381.36457558721304
0.4717942864634096 0.3542879436165095 0.26745651885867117 0.0083164451817050594 11.878138093277812 381.36457558721304
0.51853563115000723 0.33699674345552921 0.46283807009458544 0.002433990112319589 30.029613070189953 207.66723854467273
0.071942192409187561 0.33699674345552921 0.46283807009458544 0.002433990112319589 30.029613070189953 207.66723854467273
0.51853563115000723 0.24080869331955912 0.46283807009458544 0.002433990112319589 30.029613070189953 207.66723854467273
0.51853563115000723 0.33699674345552921 0.48459352552890778 0.002433990112319589 30.029613070189953 207.66723854467273
0.51853563115000723 0.33699674345552921 0.46283807009458544 0.018455196496844292 30.029613070189953 207.66723854467273
0.51853563115000723 0.33699674345552921 0.46283807009458544 0.002433990112319589 32.166608229279518 207.66723854467273
0.51853563115000723 0.33699674345552921 0.46283807009458544 0.002433990112319589 30.029613070189953 937.95246724039316
0.071942192409187561 0.24080869331955912 0.48459352552890778 0.018455196496844292 32.166608229279518 937.95246724039316
0.51107932403683654 0.13678505644202232 0.10258339568972588 0.017268114088661968 11.988290354609489 749.792973510921
0.30465041138231752 0.13678505644202232 0.10258339568972588 0.017268114088661968 11.988290354609489 749.792973510921
0.51107932403683654 0.3715616382658482 0.10258339568972588 0.017268114088661968 11.988290354609489 749.792973510921
0.51107932403683654 0.13678505644202232 0.40340388044714925 0.017268114088661968 11.988290354609489 749.792973510921
0.51107932403683654 0.13678505644202232 0.10258339568972588 0.0097715098468586815 11.988290354609489 749.792973510921
0.51107932403683654 0.13678505644202232 0.10258339568972588 0.017268114088661968 31.27504888176918 749.792973510921
0.51107932403683654 0.13678505644202232 0.10258339568972588 0.017268114088661968 11.988290354609489 761.40452958643436
0.30465041138231752 0.3715616382658482 0.40340388044714925 0.0097715098468586815 31.27504888176918 761.40452958643436
0.26036472818814216 0.34471115767955784 0.30223101750016212 0.0087799601741135134 32.229051815345883 426.3265416957438
0.56527504958212371 0.34471115767955784 0.30223101750016212 0.0087799601741135134 32.229051815345883 426.3265416957438
0.26036472818814216 0.23347304798662663 0.30223101750016212 0.0087799601741135134 32.229051815345883 426.3265416957438
0.26036472818814216 0.34471115767955784 0.24864768385887148 0.0087799601741135134 32.229051815345883 426.3265416957438
0.26036472818814216 0.34471115767955784 0.30223101750016212 0.019939269862696528 32.229051815345883 426.3265416957438
0.26036472818814216 0.34471115767955784 0.30223101750016212 0.0087799601741135134 12.886255515739322 426.3265416957438
0.26036472818814216 0.34471115767955784 0.30223101750016212 0.0087799601741135134 32.229051815345883 108.61760899424553
0.56527504958212371 0.23347304798662663 0.24864768385887148 0.019939269862696528 12.886255515739322 108.61760899424553
0.16956553952768444 0.22434556968510153 0.20688126720488073 0.011679158143140377 25.487940946593881 177.64136204496026
0.12461999552324414 0.22434556968510153 0.20688126720488073 0.011679158143140377 25.487940946593881 177.64136204496026
0.16956553952768444 0.15560631006956102 0.20688126720488073 0.011679158143140377 25.487940946593881 177.64136204496026
0.16956553952768444 0.22434556968510153 0.19474587999284268 0.011679158143140377 25.487940946593881 177.64136204496026
0.16956553952768444 0.22434556968510153 0.20688126720488073 0.014369714966975155 25.487940946593881 177.64136204496026
0.16956553952768444 0.22434556968510153 0.20688126720488073 0.011679158143140377 18.910561140626669 177.64136204496026
0.16956553952768444 0.22434556968510153 0.20688126720488073 0.011679158143140377 25.487940946593881 341.90026372671127
0.12461999552324414 0.15560631006956102 0.19474587999284268 0.014369714966975155 18.910561140626669 341.90026372671127
0.55867485483177004 0.40705193988978861 0.40730995126068592 0.0031516530171036726 22.291086904704571 951.04983132332563
0.50664348201826215 0.40705193988978861 0.40730995126068592 0.0031516530171036726 22.291086904704571 951.04983132332563
0.55867485483177004 0.44251767359673977 0.40730995126068592 0.0031516530171036726 22.291086904704571 951.04983132332563
0.55867485483177004 0.40705193988978861 0.35261814333498476 0.0031516530171036726 22.291086904704571 951.04983132332563
0.55867485483177004 0.40705193988978861 0.40730995126068592 0.004203168204799294 22.291086904704571 951.04983132332563
0.55867485483177004 0.40705193988978861 0.40730995126068592 0.0031516530171036726 28.88378475047648 951.04983132332563
0.55867485483177004 0.40705193988978861 0.40730995126068592 0.0031516530171036726 22.291086904704571 981.09161667525768
0.50664348201826215 0.44251767359673977 0.35261814333498476 0.004203168204799294 28.88378475047648 981.09161667525768
0.69074408751912408 0.29998274184763429 0.36194953061640267 0.00053332607373595244 16.222341686487198 623.79952846094966
0.18488723281770941 0.29998274184763429 0.36194953061640267 0.00053332607373595244 16.222341686487198 623.79952846094966
0.69074408751912408 0.14005764722824099 0.36194953061640267 0.00053332607373595244 16.222341686487198 623.79952846094966
0.69074408751912408 0.29998274184763429 0.11242399252951146 0.00053332607373595244 16.222341686487198 623.79952846094966
0.69074408751912408 0.29998274184763429 0.36194953061640267 0.016174383873119952 16.222341686487198 623.79952846094966
0.69074408751912408 0.29998274184763429 0.36194953061640267 0.00053332607373595244 19.994839133694768 623.79952846094966
0.69074408751912408 0.29998274184763429 0.36194953061640267 0.00053332607373595244 16.222341686487198 802.39964183419943
0.18488723281770941 0.14005764722824099 0.11242399252951146 0.016174383873119952 19.994839133694768 802.39964183419943
0.11882320204749702 0.48268148563802249 0.1616152632981539 0.014280245134420694 28.02457988448441 497.20810167491436
0.44518728200346225 0.48268148563802249 0.1616152632981539 0.014280245134420694 28.02457988448441 497.20810167491436
0.11882320204749702 0.45158448927104478 0.1616152632981539 0.014280245134420694 28.02457988448441 497.20810167491436
0.11882320204749702 0.48268148563802249 0.34216506145894532 0.014280245134420694 28.02457988448441 497.20810167491436
0.11882320204749702 0.48268148563802249 0.1616152632981539 0.0059620698576793073 28.02457988448441 497.20810167491436
0.11882320204749702 0.48268148563802249 0.1616152632981539 0.014280245134420694 24.107814628630877 497.20810167491436
0.11882320204749702 0.48268148563802249 0.1616152632981539 0.014280245134420694 28.02457988448441 527.51491609960794
0.44518728200346225 0.45158448927104478 0.34216506145894532 0.0059620698576793073 24.107814628630877 527.51491609960794
0.3111046151723712 0.16232428625226022 0.45374683365225799 0.0061192607790231703 36.254793966189027 304.7334399074316
0.2435190546326339 0.16232428625226022 0.45374683365225799 0.0061192607790231703 36.254793966189027 304.7334399074316
0.3111046151723712 0.33745829090476037 0.45374683365225799 0.0061192607790231703 36.254793966189027 304.7334399074316
0.3111046151723712 0.16232428625226022 0.48982599079608924 0.0061192607790231703 36.254793966189027 304.7334399074316
0.3111046151723712 0.16232428625226022 0.45374683365225799 0.0003925858091562987 36.254793966189027 304.7334399074316
0.3111046151723712 0.16232428625226022 0.45374683365225799 0.0061192607790231703 37.749265229329467 304.7334399074316
0.3111046151723712 0.16232428625226022 0.45374683365225799 0.0061192607790231703 36.254793966189027 322.02765811234713
0.2435190546326339 0.33745829090476037 0.48982599079608924 0.0003925858091562987 37.749265229329467 322.02765811234713
0.37900764085352417 0.3702427610754967 0.25419400408864024 0.019906739547289908 11.494647331535816 881.26690415665507
0.62521748719736925 0.3702427610754967 0.25419400408864024 0.019906739547289908 11.494647331535816 881.26690415665507
0.37900764085352417 0.27398517914116383 0.25419400408864024 0.019906739547289908 11.494647331535816 881.26690415665507
0.37900764085352417 0.3702427610754967 0.25695061609148984 0.019906739547289908 11.494647331535816 881.26690415665507
0.37900764085352417 0.3702427610754967 0.25419400408864024 0.010606122445873917 11.494647331535816 881.26690415665507
0.37900764085352417 0.3702427610754967 0.25419400408864024 0.019906739547289908 10.220804803073406 881.26690415665507
0.37900764085352417 0.3702427610754967 0.25419400408864024 0.019906739547289908 11.494647331535816 555.13688456267118
0.62521748719736925 0.27398517914116383 0.25695061609148984 0.010606122445873917 10.220804803073406 555.13688456267118
0.42618278567679219 0.23483431823551656 0.48451675437390807 0.012846872103773058 32.982586782425642 920.75253874063492
0.16122346045449376 0.23483431823551656 0.48451675437390807 0.012846872103773058 32.982586782425642 920.75253874063492
0.42618278567679219 0.11965377107262612 0.48451675437390807 0.012846872103773058 32.982586782425642 920.75253874063492
0.42618278567679219 0.23483431823551656 0.14490201063454153 0.012846872103773058 32.982586782425642 920.75253874063492
0.42618278567679219 0.23483431823551656 0.48451675437390807 0.0033254741657525303 32.982586782425642 920.75253874063492
0.42618278567679219 0.23483431823551656 0.48451675437390807 0.012846872103773058 9.4555208664387465 920.75253874063492
0.42618278567679219 0.23483431823551656 0.48451675437390807 0.012846872103773058 32.982586782425642 673.35045412182808
0.16122346045449376 0.11965377107262612 0.14490201063454153 0.0033254741657525303 9.4555208664387465 673.35045412182808
0.3430401098914444 0.44587950222194195 0.28572991602122788 0.0015730503845959904 14.785397520288825 147.28611698374152
0.38886066498234861 0.44587950222194195 0.28572991602122788 0.0015730503845959904 14.785397520288825 147.28611698374152
0.3430401098914444 0.48157050944864754 0.28572991602122788 0.0015730503845959904 14.785397520288825 147.28611698374152
0.3430401098914444 0.44587950222194195 0.30265731923282146 0.0015730503845959904 14.785397520288825 147.28611698374152
0.3430401098914444 0.44587950222194195 0.28572991602122788 0.013551246087811889 14.785397520288825 147.28611698374152
0.3430401098914444 0.44587950222194195 0.28572991602122788 0.0015730503845959904 34.632941886782646 147.28611698374152
0.3430401098914444 0.44587950222194195 0.28572991602122788 0.0015730503845959904 14.785397520288825 202.93646641075611
0.38886066498234861 0.48157050944864754 0.30265731923282146 0.013551246087811889 34.632941886782646 202.93646641075611
0.087208141153678295 0.12239597067236901 0.38100031912326815 0.018396552073769272 19.49775723926723 352.09081312641501
0.26049050800502299 0.12239597067236901 0.38100031912326815 0.018396552073769272 19.49775723926723 352.09081312641501
0.087208141153678295 0.30438356250524523 0.38100031912326815 0.018396552073769272 19.49775723926723 352.09081312641501
0.087208141153678295 0.12239597067236901 0.45343108028173451 0.018396552073769272 19.49775723926723 352.09081312641501
0.087208141153678295 0.12239597067236901 0.38100031912326815 0.017882083046063781 19.49775723926723 352.09081312641501
0.087208141153678295 0.12239597067236901 0.38100031912326815 0.018396552073769272 25.80368902720511 352.09081312641501
0.087208141153678295 0.12239597067236901 0.38100031912326815 0.018396552073769272 19.49775723926723 423.36513064801693
0.26049050800502299 0.30438356250524523 0.45343108028173451 0.017882083046063781 25.80368902720511 423.36513064801693
0.64388937652111045 0.30822143256664281 0.1798695430159569 0.0070859460171312097 24.737952698022127 675.49927234649658
0.69077547602355471 0.30822143256664281 0.1798695430159569 0.0070859460171312097 24.737952698022127 675.49927234649658
0.64388937652111045 0.2913002546876669 0.1798695430159569 0.0070859460171312097 24.737952698022127 675.49927234649658
0.64388937652111045 0.30822143256664281 0.29881580248475076 0.0070859460171312097 24.737952698022127 675.49927234649658
0.64388937652111045 0.30822143256664281 0.1798695430159569 0.0076575337452813984 24.737952698022127 675.49927234649658
0.64388937652111045 0.30822143256664281 0.1798695430159569 0.0070859460171312097 22.152190219610929 675.49927234649658
0.64388937652111045 0.30822143256664281 0.1798695430159569 0.0070859460171312097 24.737952698022127 907.42961764335632
0.69077547602355471 0.2913002546876669 0.29881580248475076 0.0076575337452813984 22.152190219610929 907.42961764335632
0.6134598683565855 0.19724540784955025 0.22513249516487122 0.0097426295820623645 28.748703982681036 793.85444493964314
0.36130185229703776 0.19724540784955025 0.22513249516487122 0.0097426295820623645 28.748703982681036 793.85444493964314
0.6134598683565855 0.3890362203121186 0.22513249516487122 0.0097426295820623645 28.748703982681036 793.85444493964314
0.6134598683565855 0.19724540784955025 0.43966378644108772 0.0097426295820623645 28.748703982681036 793.85444493964314
0.6134598683565855 0.19724540784955025 0.22513249516487122 0.012352678264491261 28.748703982681036 793.85444493964314
0.6134598683565855 0.19724540784955025 0.22513249516487122 0.0097426295820623645 28.235723350197077 793.85444493964314
0.6134598683565855 0.19724540784955025 0.22513249516487122 0.0097426295820623645 28.748703982681036 862.87986431270838
0.36130185229703776 0.3890362203121186 0.43966378644108772 0.012352678264491261 28.235723350197077 862.87986431270838
0.19896458326838906 0.38307545036077506 0.42636379152536397 0.015756466447375717 18.989808207377791 217.26301480084658
0.58861400289461019 0.38307545036077506 0.42636379152536397 0.015756466447375717 18.989808207377791 217.26301480084658
0.19896458326838906 0.20055618397891523 0.42636379152536397 0.015756466447375717 18.989808207377791 217.26301480084658
0.19896458326838906 0.38307545036077506 0.20691750198602676 0.015756466447375717 18.989808207377791 217.26301480084658
0.19896458326838906 0.38307545036077506 0.42636379152536397 0.0021983679678291086 18.989808207377791 217.26301480084658
0.19896458326838906 0.38307545036077506 0.42636379152536397 0.015756466447375717 15.911390708759427 217.26301480084658
0.19896458326838906 0.38307545036077506 0.42636379152536397 0.015756466447375717 18.989808207377791 460.99307145923376
0.58861400289461019 0.20055618397891523 0.20691750198602676 0.0021983679678291086 15.911390708759427 460.99307145923376
0.2312812560237944 0.25958657599985602 0.13411625586450102 0.0041947623562067745 8.7307276409119368 478.32972723990679
0.059386825747787954 0.25958657599985602 0.13411625586450102 0.0041947623562067745 8.7307276409119368 478.32972723990679
0.2312812560237944 0.18536111935973168 0.13411625586450102 0.0041947623562067745 8.7307276409119368 478.32972723990679
0.2312812560237944 0.25958657599985602 0.16237852387130261 0.0041947623562067745 8.7307276409119368 478.32972723990679
0.2312812560237944 0.25958657599985602 0.13411625586450102 0.0065291340788826346 8.7307276409119368 478.32972723990679
0.2312812560237944 0.25958657599985602 0.13411625586450102 0.0041947623562067745 14.464993543922901 478.32972723990679
0.2312812560237944 0.25958657599985602 0.13411625586450102 0.0041947623562067745 8.7307276409119368 212.76901047676802
0.059386825747787954 0.18536111935973168 0.16237852387130261 0.0065291340788826346 14.464993543922901 212.76901047676802
0.45660988208837799 0.47063634060323245 0.33300398997962477 0.010246592055074872 35.534447256475687 604.86319484189153
0.48934720475226634 0.47063634060323245 0.33300398997962477 0.010246592055074872 35.534447256475687 604.86319484189153
0.45660988208837799 0.4218811292201281 0.33300398997962477 0.010246592055074872 35.534447256475687 604.86319484189153
0.45660988208837799 0.47063634060323245 0.39201522357761864 0.010246592055074872 35.534447256475687 604.86319484189153
0.45660988208837799 0.47063634060323245 0.33300398997962477 0.016684657629206776 35.534447256475687 604.86319484189153
0.45660988208837799 0.47063634060323245 0.33300398997962477 0.010246592055074872 33.315161785110831 604.86319484189153
0.45660988208837799 0.47063634060323245 0.33300398997962477 0.010246592055074872 35.534447256475687 656.37637097388506
0.48934720475226634 0.4218811292201281 0.39201522357761864 0.016684657629206776 33.315161785110831 656.37637097388506
