0.4590879400726407 0.14079648405313494 0.23655784949660302 0.0030075599024072292 10.301016682758927 204.96346540749073
0.25753367710858582 0.14079648405313494 0.23655784949660302 0.0030075599024072292 10.301016682758927 204.96346540749073
0.4590879400726407 0.49440711140632632 0.23655784949660302 0.0030075599024072292 10.301016682758927 204.96346540749073
0.4590879400726407 0.14079648405313494 0.48852235488593576 0.0030075599024072292 10.301016682758927 204.96346540749073
0.4590879400726407 0.14079648405313494 0.23655784949660302 0.011082917747460307 10.301016682758927 204.96346540749073
0.4590879400726407 0.14079648405313494 0.23655784949660302 0.0030075599024072292 34.439483510330319 204.96346540749073
0.4590879400726407 0.14079648405313494 0.23655784949660302 0.0030075599024072292 10.301016682758927 700.59460243210196
0.25753367710858582 0.49440711140632632 0.48852235488593576 0.011082917747460307 34.439483510330319 700.59460243210196
0.22868614569306372 0.32663413062691693 0.43700808361172683 0.011806334672868254 37.931799806654453 978.42653943225741
0.69753965605050317 0.32663413062691693 0.43700808361172683 0.011806334672868254 37.931799806654453 978.42653943225741
0.22868614569306372 0.10749036185443402 0.43700808361172683 0.011806334672868254 37.931799806654453 978.42653943225741
0.22868614569306372 0.32663413062691693 0.25884014256298543 0.011806334672868254 37.931799806654453 978.42653943225741
0.22868614569306372 0.32663413062691693 0.43700808361172683 0.00083902723528444774 37.931799806654453 978.42653943225741
0.22868614569306372 0.32663413062691693 0.43700808361172683 0.011806334672868254 9.7224506475031376 978.42653943225741
0.22868614569306372 0.32663413062691693 0.43700808361172683 0.011806334672868254 37.931799806654453 172.13163701817393
0.69753965605050317 0.10749036185443402 0.25884014256298543 0.00083902723528444774 9.7224506475031376 172.13163701817393
0.20124411960132416 0.20313727222383024 0.12913545109331609 0.0085953799324110167 27.285048842430115 729.66625792905688
0.15303098512813448 0.20313727222383024 0.12913545109331609 0.0085953799324110167 27.285048842430115 729.66625792905688
0.20124411960132416 0.27842732295393946 0.12913545109331609 0.0085953799324110167 27.285048842430115 729.66625792905688
0.20124411960132416 0.20313727222383024 0.10962590053677559 0.0085953799324110167 27.285048842430115 729.66625792905688
0.20124411960132416 0.20313727222383024 0.12913545109331609 0.0051698499945923683 27.285048842430115 729.66625792905688
0.20124411960132416 0.20313727222383024 0.12913545109331609 0.0085953799324110167 22.309027334675193 729.66625792905688
0.20124411960132416 0.20313727222383024 0.12913545109331609 0.0085953799324110167 27.285048842430115 389.06869543716311
0.15303098512813448 0.27842732295393946 0.10962590053677559 0.0051698499945923683 22.309027334675193 389.06869543716311
0.61066624121740454 0.41419463790953159 0.32880424745380876 0.017430939040333032 16.478447468951344 406.25422634184361
0.39070425881072873 0.41419463790953159 0.32880424745380876 0.017430939040333032 16.478447468951344 406.25422634184361
0.61066624121740454 0.31651061959564686 0.32880424745380876 0.017430939040333032 16.478447468951344 406.25422634184361
0.61066624121740454 0.41419463790953159 0.34242413789033888 0.017430939040333032 16.478447468951344 406.25422634184361
0.61066624121740454 0.41419463790953159 0.32880424745380876 0.015414953760430219 16.478447468951344 406.25422634184361
0.61066624121740454 0.41419463790953159 0.32880424745380876 0.017430939040333032 25.485490329563618 406.25422634184361
0.61066624121740454 0.41419463790953159 0.32880424745380876 0.017430939040333032 16.478447468951344 931.12725531682372
0.39070425881072873 0.31651061959564686 0.34242413789033888 0.015414953760430219 25.485490329563618 931.12725531682372
0.64125200966373086 0.27878364734351635 0.47719229497015481 0.019743270111083986 22.005656251683831 275.59782797470689
0.052305495366454124 0.27878364734351635 0.47719229497015481 0.019743270111083986 22.005656251683831 275.59782797470689
0.64125200966373086 0.21252466216683388 0.47719229497015481 0.019743270111083986 22.005656251683831 275.59782797470689
0.64125200966373086 0.27878364734351635 0.19605554789304735 0.019743270111083986 22.005656251683831 275.59782797470689
0.64125200966373086 0.27878364734351635 0.47719229497015481 0.0046848706614226101 22.005656251683831 275.59782797470689
0.64125200966373086 0.27878364734351635 0.47719229497015481 0.019743270111083986 15.659216150641441 275.59782797470689
0.64125200966373086 0.27878364734351635 0.47719229497015481 0.019743270111083986 22.005656251683831 835.60132505372167
0.052305495366454124 0.21252466216683388 0.19605554789304735 0.0046848706614226101 15.659216150641441 835.60132505372167
0.089643937768414617 0.48982117958366878 0.27762401886284349 0.0063044807845726615 26.198145888745785 852.18590702861547
0.49262118600308891 0.48982117958366878 0.27762401886284349 0.0063044807845726615 26.198145888745785 852.18590702861547
0.089643937768414617 0.37600468732416636 0.27762401886284349 0.0063044807845726615 26.198145888745785 852.18590702861547
0.089643937768414617 0.48982117958366878 0.35072258487343788 0.0063044807845726615 26.198145888745785 852.18590702861547
0.089643937768414617 0.48982117958366878 0.27762401886284349 0.01482106354814023 26.198145888745785 852.18590702861547
0.089643937768414617 0.48982117958366878 0.27762401886284349 0.0063044807845726615 28.444181142374873 852.18590702861547
0.089643937768414617 0.48982117958366878 0.27762401886284349 0.0063044807845726615 26.198145888745785 491.73616478219628
0.49262118600308891 0.37600468732416636 0.35072258487343788 0.01482106354814023 28.444181142374873 491.73616478219628
0.34028387703001495 0.16634491682052613 0.38226932808756831 0.014153637336939575 30.581314519047737 659.69107504934072
0.35914064319804306 0.16634491682052613 0.38226932808756831 0.014153637336939575 30.581314519047737 659.69107504934072
0.34028387703001495 0.40994976609945299 0.38226932808756831 0.014153637336939575 30.581314519047737 659.69107504934072
0.34028387703001495 0.16634491682052613 0.40619598813354973 0.014153637336939575 30.581314519047737 659.69107504934072
0.34028387703001495 0.16634491682052613 0.38226932808756831 0.019151806092634796 30.581314519047737 659.69107504934072
0.34028387703001495 0.16634491682052613 0.38226932808756831 0.014153637336939575 33.64790291711688 659.69107504934072
0.34028387703001495 0.16634491682052613 0.38226932808756831 0.014153637336939575 30.581314519047737 247.00368279591203
0.35914064319804306 0.40994976609945299 0.40619598813354973 0.019151806092634796 33.64790291711688 247.00368279591203
0.42849972113035611 0.35216272994875908 0.1819199897348881 0.00067685517687350518 13.211188988760114 533.15403843298554
0.59712409349158402 0.35216272994875908 0.1819199897348881 0.00067685517687350518 13.211188988760114 533.15403843298554
0.42849972113035611 0.1984297450631857 0.1819199897348881 0.00067685517687350518 13.211188988760114 533.15403843298554
0.42849972113035611 0.35216272994875908 0.24839459173381329 0.00067685517687350518 13.211188988760114 533.15403843298554
0.42849972113035611 0.35216272994875908 0.1819199897348881 0.009016835827194156 13.211188988760114 533.15403843298554
0.42849972113035611 0.35216272994875908 0.1819199897348881 0.00067685517687350518 14.322453105822206 533.15403843298554
0.42849972113035611 0.35216272994875908 0.1819199897348881 0.00067685517687350518 13.211188988760114 632.64436917379498
0.59712409349158402 0.1984297450631857 0.24839459173381329 0.009016835827194156 14.322453105822206 632.64436917379498
0.37673053564503783 0.24353954158723357 0.35130524002015595 0.0072681444136425853 34.779810069128871 368.86540446430445
0.12674308149144053 0.24353954158723357 0.35130524002015595 0.0072681444136425853 34.779810069128871 368.86540446430445
0.37673053564503783 0.24562423229217531 0.35130524002015595 0.0072681444136425853 34.779810069128871 368.86540446430445
0.37673053564503783 0.24353954158723357 0.15970800817012787 0.0072681444136425853 34.779810069128871 368.86540446430445
0.37673053564503783 0.24353954158723357 0.35130524002015595 0.017456380265578629 34.779810069128871 368.86540446430445
0.37673053564503783 0.24353954158723357 0.35130524002015595 0.0072681444136425853 13.088190454989672 368.86540446430445
0.37673053564503783 0.24353954158723357 0.35130524002015595 0.0072681444136425853 34.779810069128871 739.43090019747615
0.12674308149144053 0.24562423229217531 0.15970800817012787 0.017456380265578629 13.088190454989672 739.43090019747615
0.31390067343600092 0.42623367942869661 0.15018991045653821 0.018231270262226464 8.9726426936686039 692.3284818418324
0.49817399410530916 0.42623367942869661 0.15018991045653821 0.018231270262226464 8.9726426936686039 692.3284818418324
0.31390067343600092 0.35871283523738384 0.15018991045653821 0.018231270262226464 8.9726426936686039 692.3284818418324
0.31390067343600092 0.42623367942869661 0.39253734871745116 0.018231270262226464 8.9726426936686039 692.3284818418324
0.31390067343600092 0.42623367942869661 0.15018991045653821 0.0073091747147962455 8.9726426936686039 692.3284818418324
0.31390067343600092 0.42623367942869661 0.15018991045653821 0.018231270262226464 31.000100972130895 692.3284818418324
0.31390067343600092 0.42623367942869661 0.15018991045653821 0.018231270262226464 8.9726426936686039 141.09477391466498
0.49817399410530916 0.35871283523738384 0.39253734871745116 0.0073091747147962455 31.000100972130895 141.09477391466498
0.1163475751876831 0.10588146597146988 0.45794657468795774 0.0017196003591641786 17.810368176549673 897.1130077727139
0.31169299874454731 0.10588146597146988 0.45794657468795774 0.0017196003591641786 17.810368176549673 897.1130077727139
0.1163475751876831 0.43032956346869466 0.45794657468795774 0.0017196003591641786 17.810368176549673 897.1130077727139
0.1163475751876831 0.10588146597146988 0.43862353004515175 0.0017196003591641786 17.810368176549673 897.1130077727139
0.1163475751876831 0.10588146597146988 0.45794657468795774 0.0017396340180188419 17.810368176549673 897.1130077727139
0.1163475751876831 0.10588146597146988 0.45794657468795774 0.0017196003591641786 28.733119063079357 897.1130077727139
0.1163475751876831 0.10588146597146988 0.45794657468795774 0.0017196003591641786 17.810368176549673 370.88584965094924
0.31169299874454731 0.43032956346869466 0.43862353004515175 0.0017396340180188419 28.733119063079357 370.88584965094924
0.69334162897430351 0.31379533782601354 0.25917480736970899 0.012722077419236304 30.440816080197692 123.70097283273935
0.56204229090362789 0.31379533782601354 0.25917480736970899 0.012722077419236304 30.440816080197692 123.70097283273935
0.69334162897430351 0.16841821260750295 0.25917480736970899 0.012722077419236304 30.440816080197692 123.70097283273935
0.69334162897430351 0.31379533782601354 0.20893427394330502 0.012722077419236304 30.440816080197692 123.70097283273935
0.69334162897430351 0.31379533782601354 0.25917480736970899 0.011888062190078201 30.440816080197692 123.70097283273935
0.69334162897430351 0.31379533782601354 0.25917480736970899 0.012722077419236304 19.222130870446563 123.70097283273935
0.69334162897430351 0.31379533782601354 0.25917480736970899 0.012722077419236304 30.440816080197692 955.57144982740283
0.56204229090362789 0.16841821260750295 0.20893427394330502 0.011888062190078201 19.222130870446563 955.57144982740283
0.56142865656875074 0.18072789907455444 0.11068929135799409 0.010370747123286129 23.07510925643146 438.65004992112517
0.2516709272749722 0.18072789907455444 0.11068929135799409 0.010370747123286129 23.07510925643146 438.65004992112517
0.56142865656875074 0.46462822332978249 0.11068929135799409 0.010370747123286129 23.07510925643146 438.65004992112517
0.56142865656875074 0.18072789907455444 0.45610777102410793 0.010370747123286129 23.07510925643146 438.65004992112517
0.56142865656875074 0.18072789907455444 0.11068929135799409 0.008424349226616324 23.07510925643146 438.65004992112517
0.56142865656875074 0.18072789907455444 0.11068929135799409 0.010370747123286129 24.368449879810214 438.65004992112517
0.56142865656875074 0.18072789907455444 0.11068929135799409 0.010370747123286129 23.07510925643146 824.33910826221108
0.2516709272749722 0.46462822332978249 0.45610777102410793 0.008424349226616324 24.368449879810214 824.33910826221108
0.16724617294967173 0.38865855857729914 0.3095554754137993 0.0040488567186519504 20.706465143710375 565.23811891674995
0.6234120164997875 0.38865855857729914 0.3095554754137993 0.0040488567186519504 20.706465143710375 565.23811891674995
0.16724617294967173 0.12810139395296574 0.3095554754137993 0.0040488567186519504 20.706465143710375 565.23811891674995
0.16724617294967173 0.38865855857729914 0.29828750230371953 0.0040488567186519504 20.706465143710375 565.23811891674995
0.16724617294967173 0.38865855857729914 0.3095554754137993 0.018657216526940464 20.706465143710375 565.23811891674995
0.16724617294967173 0.38865855857729914 0.3095554754137993 0.0040488567186519504 19.778377741575241 565.23811891674995
0.16724617294967173 0.38865855857729914 0.3095554754137993 0.0040488567186519504 20.706465143710375 494.97578712180257
0.6234120164997875 0.12810139395296574 0.29828750230371953 0.018657216526940464 19.778377741575241 494.97578712180257
0.26299966392107305 0.26828879527747629 0.20483082197606564 0.015922312417998911 14.514157485216856 826.22972950339317
0.18780284114181994 0.26828879527747629 0.20483082197606564 0.015922312417998911 14.514157485216856 826.22972950339317
0.26299966392107305 0.26097758263349535 0.20483082197606564 0.015922312417998911 14.514157485216856 826.22972950339317
0.26299966392107305 0.26828879527747629 0.14593604430556298 0.015922312417998911 14.514157485216856 826.22972950339317
0.26299966392107305 0.26828879527747629 0.20483082197606564 0.013087756044976416 14.514157485216856 826.22972950339317
0.26299966392107305 0.26828879527747629 0.20483082197606564 0.015922312417998911 9.8942518625408411 826.22972950339317
0.26299966392107305 0.26828879527747629 0.20483082197606564 0.015922312417998911 14.514157485216856 292.98013495281339
0.18780284114181994 0.26097758263349535 0.14593604430556298 0.013087756044976416 9.8942518625408411 292.98013495281339
0.50864109629765153 0.45099972076714046 0.40604094378650191 0.0095598623057827365 33.707897981628776 249.6927029453218
0.4384618449956178 0.45099972076714046 0.40604094378650191 0.0095598623057827365 33.707897981628776 249.6927029453218
0.50864109629765153 0.3494507070630789 0.40604094378650191 0.0095598623057827365 33.707897981628776 249.6927029453218
0.50864109629765153 0.45099972076714046 0.30064677000045781 0.0095598623057827365 33.707897981628776 249.6927029453218
0.50864109629765153 0.45099972076714046 0.40604094378650191 0.0028561019983142618 33.707897981628776 249.6927029453218
0.50864109629765153 0.45099972076714046 0.40604094378650191 0.0095598623057827365 37.885159488767385 249.6927029453218
0.50864109629765153 0.45099972076714046 0.40604094378650191 0.0095598623057827365 33.707897981628776 580.62286162748933
0.4384618449956178 0.3494507070630789 0.30064677000045781 0.0028561019983142618 37.885159488767385 580.62286162748933
0.52160631204023955 0.25080942288041119 0.16609876789152622 0.014531481046229602 15.812716318294406 595.26571203023195
0.66970805982127779 0.25080942288041119 0.16609876789152622 0.014531481046229602 15.812716318294406 595.26571203023195
0.52160631204023955 0.26321222744882111 0.16609876789152622 0.014531481046229602 15.812716318294406 595.26571203023195
0.52160631204023955 0.25080942288041119 0.38188198134303097 0.014531481046229602 15.812716318294406 595.26571203023195
0.52160631204023955 0.25080942288041119 0.16609876789152622 0.014243042942322792 15.812716318294406 595.26571203023195
0.52160631204023955 0.25080942288041119 0.16609876789152622 0.014531481046229602 37.019006472080946 595.26571203023195
0.52160631204023955 0.25080942288041119 0.16609876789152622 0.014531481046229602 15.812716318294406 869.23821931704879
0.66970805982127779 0.26321222744882111 0.38188198134303097 0.014243042942322792 37.019006472080946 869.23821931704879
0.29117445913143453 0.46808608323335654 0.366451158002019 0.0010534151541069152 28.435725171118975 468.78374787047505
0.28020903030410405 0.46808608323335654 0.366451158002019 0.0010534151541069152 28.435725171118975 468.78374787047505
0.29117445913143453 0.32629473656415942 0.366451158002019 0.0010534151541069152 28.435725171118975 468.78374787047505
0.29117445913143453 0.46808608323335654 0.16469931304454805 0.0010534151541069152 28.435725171118975 468.78374787047505
0.29117445913143453 0.46808608323335654 0.366451158002019 0.0040210520699620247 28.435725171118975 468.78374787047505
0.29117445913143453 0.46808608323335654 0.366451158002019 0.0010534151541069152 10.878336245194077 468.78374787047505
0.29117445913143453 0.46808608323335654 0.366451158002019 0.0010534151541069152 28.435725171118975 453.75581188127398
0.28020903030410405 0.32629473656415942 0.16469931304454805 0.0040210520699620247 10.878336245194077 453.75581188127398
0.13936826549470424 0.18844317235052588 0.274302326887846 0.018882330383360388 36.781124483793974 219.99769033864141
0.40857672467827794 0.18844317235052588 0.274302326887846 0.018882330383360388 36.781124483793974 219.99769033864141
0.13936826549470424 0.45965924002230174 0.274302326887846 0.018882330383360388 36.781124483793974 219.99769033864141
0.13936826549470424 0.18844317235052588 0.21704750321805477 0.018882330383360388 36.781124483793974 219.99769033864141
0.13936826549470424 0.18844317235052588 0.274302326887846 0.0095893796237185615 36.781124483793974 219.99769033864141
0.13936826549470424 0.18844317235052588 0.274302326887846 0.018882330383360388 20.674385979771614 219.99769033864141
0.13936826549470424 0.18844317235052588 0.274302326887846 0.018882330383360388 36.781124483793974 220.00623820349574
0.40857672467827794 0.45965924002230174 0.21704750321805477 0.0095893796237185615 20.674385979771614 220.00623820349574
0.54880000143311913 0.38054894171655185 0.47387365475296972 0.0054448241988196968 10.966746827587485 796.64061386138201
0.14015854075551032 0.38054894171655185 0.47387365475296972 0.0054448241988196968 10.966746827587485 796.64061386138201
0.54880000143311913 0.14774170294404032 0.47387365475296972 0.0054448241988196968 10.966746827587485 796.64061386138201
0.54880000143311913 0.38054894171655185 0.43734623827040198 0.0054448241988196968 10.966746827587485 796.64061386138201
0.54880000143311913 0.38054894171655185 0.47387365475296972 0.019812574160844088 10.966746827587485 796.64061386138201
0.54880000143311913 0.38054894171655185 0.47387365475296972 0.0054448241988196968 23.355540243908763 796.64061386138201
0.54880000143311913 0.38054894171655185 0.47387365475296972 0.0054448241988196968 10.966746827587485 650.01805117353797
0.14015854075551032 0.14774170294404032 0.43734623827040198 0.019812574160844088 23.355540243908763 650.01805117353797
0.66063854969106606 0.11398574300110341 0.3192326448857784 0.0077534740181639797 12.516447959467769 665.27008404955268
0.46963091259822243 0.11398574300110341 0.3192326448857784 0.0077534740181639797 12.516447959467769 665.27008404955268
0.66063854969106606 0.44391526766121392 0.3192326448857784 0.0077534740181639797 12.516447959467769 665.27008404955268
0.66063854969106606 0.11398574300110341 0.27769599296152592 0.0077534740181639797 12.516447959467769 665.27008404955268
0.66063854969106606 0.11398574300110341 0.3192326448857784 0.0002653135932981968 12.516447959467769 665.27008404955268
0.66063854969106606 0.11398574300110341 0.3192326448857784 0.0077534740181639797 18.242351880297065 665.27008404955268
0.66063854969106606 0.11398574300110341 0.3192326448857784 0.0077534740181639797 12.516447959467769 666.55270801857114
0.46963091259822243 0.44391526766121392 0.27769599296152592 0.0002653135932981968 18.242351880297065 666.55270801857114
0.1090202435851097 0.30608387999236586 0.11956690028309823 0.01659031626805663 31.702979180961847 341.91311150789261
0.080451977904886007 0.30608387999236586 0.11956690028309823 0.01659031626805663 31.702979180961847 341.91311150789261
0.1090202435851097 0.15739445909857752 0.11956690028309823 0.01659031626805663 31.702979180961847 341.91311150789261
0.1090202435851097 0.30608387999236586 0.4698633428663016 0.01659031626805663 31.702979180961847 341.91311150789261
0.1090202435851097 0.30608387999236586 0.11956690028309823 0.010423395645804705 31.702979180961847 341.91311150789261
0.1090202435851097 0.30608387999236586 0.11956690028309823 0.01659031626805663 29.596339978277683 341.91311150789261
0.1090202435851097 0.30608387999236586 0.11956690028309823 0.01659031626805663 31.702979180961847 210.61312044039369
0.080451977904886007 0.15739445909857752 0.4698633428663016 0.010423395645804705 29.596339978277683 210.61312044039369
0.32152497028000648 0.22644936367869378 0.41493677236139781 0.0034044374251738195 25.076480444520712 149.33413863182068
0.60968165155500176 0.22644936367869378 0.41493677236139781 0.0034044374251738195 25.076480444520712 149.33413863182068
0.32152497028000648 0.22852293960750103 0.41493677236139781 0.0034044374251738195 25.076480444520712 149.33413863182068
0.32152497028000648 0.22644936367869378 0.323774266242981 0.0034044374251738195 25.076480444520712 149.33413863182068
0.32152497028000648 0.22644936367869378 0.41493677236139781 0.015991652278602123 25.076480444520712 149.33413863182068
0.32152497028000648 0.22644936367869378 0.41493677236139781 0.0034044374251738195 32.009534018114209 149.33413863182068
0.32152497028000648 0.22644936367869378 0.41493677236139781 0.0034044374251738195 25.076480444520712 415.688391122967
0.60968165155500176 0.22852293960750103 0.323774266242981 0.015991652278602123 32.009534018114209 415.688391122967
0.40977025302126996 0.44371839165687565 0.21448959000408652 0.012201928463578225 22.700398063287139 922.85207053646445
0.34158309753984206 0.44371839165687565 0.21448959000408652 0.012201928463578225 22.700398063287139 922.85207053646445
0.40977025302126996 0.3670021772384644 0.21448959000408652 0.012201928463578225 22.700398063287139 922.85207053646445
0.40977025302126996 0.44371839165687565 0.1284726105630398 0.012201928463578225 22.700398063287139 922.85207053646445
0.40977025302126996 0.44371839165687565 0.21448959000408652 0.00583476467076689 22.700398063287139 922.85207053646445
0.40977025302126996 0.44371839165687565 0.21448959000408652 0.012201928463578225 12.19611657038331 922.85207053646445
0.40977025302126996 0.44371839165687565 0.21448959000408652 0.012201928463578225 22.700398063287139 914.22745259478688
0.34158309753984206 0.3670021772384644 0.1284726105630398 0.00583476467076689 12.19611657038331 914.22745259478688
0.43607508554123336 0.1519836787134409 0.44686216413974766 0.015544771127775314 29.275434205308557 877.84901969134808
0.52628017663955684 0.1519836787134409 0.44686216413974766 0.015544771127775314 29.275434205308557 877.84901969134808
0.43607508554123336 0.41433131061494355 0.44686216413974766 0.015544771127775314 29.275434205308557 877.84901969134808
0.43607508554123336 0.1519836787134409 0.26712963469326501 0.015544771127775314 29.275434205308557 877.84901969134808
0.43607508554123336 0.1519836787134409 0.44686216413974766 0.018006196605414151 29.275434205308557 877.84901969134808
0.43607508554123336 0.1519836787134409 0.44686216413974766 0.015544771127775314 15.187919924035668 877.84901969134808
0.43607508554123336 0.1519836787134409 0.44686216413974766 0.015544771127775314 29.275434205308557 796.0138495080173
0.52628017663955684 0.41433131061494355 0.26712963469326501 0.018006196605414151 15.187919924035668 796.0138495080173
0.37321515269577499 0.3661294337362051 0.24564899057149889 0.0091836041575297719 18.461393557488918 301.36705217882991
0.10379309356212615 0.3661294337362051 0.24564899057149889 0.0091836041575297719 18.461393557488918 301.36705217882991
0.37321515269577499 0.17742069810628891 0.24564899057149889 0.0091836041575297719 18.461393557488918 301.36705217882991
0.37321515269577499 0.3661294337362051 0.48745942525565622 0.0091836041575297719 18.461393557488918 301.36705217882991
0.37321515269577499 0.3661294337362051 0.24564899057149889 0.0078422083454206589 18.461393557488918 301.36705217882991
0.37321515269577499 0.3661294337362051 0.24564899057149889 0.0091836041575297719 32.664962496608496 301.36705217882991
0.37321515269577499 0.3661294337362051 0.24564899057149889 0.0091836041575297719 18.461393557488918 534.77961635217071
0.10379309356212615 0.17742069810628891 0.48745942525565622 0.0078422083454206589 32.664962496608496 534.77961635217071
0.056376024009659888 0.28961857929825785 0.33787716887891295 0.011231989270076157 8.3216180950403214 506.06743721291423
0.54444568986073127 0.28961857929825785 0.33787716887891295 0.011231989270076157 8.3216180950403214 506.06743721291423
0.056376024009659888 0.21165875531733036 0.33787716887891295 0.011231989270076157 8.3216180950403214 506.06743721291423
0.056376024009659888 0.28961857929825785 0.33198318034410479 0.011231989270076157 8.3216180950403214 506.06743721291423
0.056376024009659888 0.28961857929825785 0.33787716887891295 0.0035101817369461064 8.3216180950403214 506.06743721291423
0.056376024009659888 0.28961857929825785 0.33787716887891295 0.011231989270076157 27.548859996721148 506.06743721291423
0.056376024009659888 0.28961857929825785 0.33787716887891295 0.011231989270076157 8.3216180950403214 314.76293941959739
0.54444568986073127 0.21165875531733036 0.33198318034410479 0.0035101817369461064 27.548859996721148 314.76293941959739
0.63337968001142142 0.4785934284329415 0.13900793306529524 0.0049088151333853604 35.945191161707044 632.7103640884161
0.32428960734978313 0.4785934284329415 0.13900793306529524 0.0049088151333853604 35.945191161707044 632.7103640884161
0.63337968001142142 0.39974809661507604 0.13900793306529524 0.0049088151333853604 35.945191161707044 632.7103640884161
0.63337968001142142 0.4785934284329415 0.11479342058300973 0.0049088151333853604 35.945191161707044 632.7103640884161
0.63337968001142142 0.4785934284329415 0.13900793306529524 0.013675364441610875 35.945191161707044 632.7103640884161
0.63337968001142142 0.4785934284329415 0.13900793306529524 0.0049088151333853604 16.670980930328369 632.7103640884161
0.63337968001142142 0.4785934284329415 0.13900793306529524 0.0049088151333853604 35.945191161707044 561.52269868180156
0.32428960734978313 0.39974809661507604 0.11479342058300973 0.013675364441610875 16.670980930328369 561.52269868180156
0.58271948741748925 0.21437341496348383 0.29374641142785551 0.0025612044444307687 32.571642214432359 948.70310882106423
0.64604707937687633 0.21437341496348383 0.29374641142785551 0.0025612044444307687 32.571642214432359 948.70310882106423
0.58271948741748925 0.29572547860443593 0.29374641142785551 0.0025612044444307687 32.571642214432359 948.70310882106423
0.58271948741748925 0.21437341496348383 0.37368607297539713 0.0025612044444307687 32.571642214432359 948.70310882106423
0.58271948741748925 0.21437341496348383 0.29374641142785551 0.006653847829438746 32.571642214432359 948.70310882106423
0.58271948741748925 0.21437341496348383 0.29374641142785551 0.0025612044444307687 26.464582227170467 948.70310882106423
0.58271948741748925 0.21437341496348383 0.29374641142785551 0.0025612044444307687 32.571642214432359 768.22982365265489
0.64604707937687633 0.29572547860443593 0.37368607297539713 0.006653847829438746 26.464582227170467 768.22982365265489
0.18852678169496356 0.403352838754654 0.49251512698829181 0.013562397772446276 15.194307185709476 175.34614633768797
0.22387962620705365 0.403352838754654 0.49251512698829181 0.013562397772446276 15.194307185709476 175.34614633768797
0.18852678169496356 0.30919934138655664 0.49251512698829181 0.013562397772446276 15.194307185709476 175.34614633768797
0.18852678169496356 0.403352838754654 0.17836549729108811 0.013562397772446276 15.194307185709476 175.34614633768797
0.18852678169496356 0.403352838754654 0.49251512698829181 0.01686994289457798 15.194307185709476 175.34614633768797
0.18852678169496356 0.403352838754654 0.49251512698829181 0.013562397772446276 21.44695127569139 175.34614633768797
0.18852678169496356 0.403352838754654 0.49251512698829181 0.013562397772446276 15.194307185709476 100.91341035440564
0.22387962620705365 0.30919934138655664 0.17836549729108811 0.01686994289457798 21.44695127569139 100.91341035440564
0.24106692299246785 0.1268366474658251 0.1972612202167511 0.0068709650618955492 20.026314437389374 436.31198089569807
0.42555035492405291 0.1268366474658251 0.1972612202167511 0.0068709650618955492 20.026314437389374 436.31198089569807
0.24106692299246785 0.47984334342181689 0.1972612202167511 0.0068709650618955492 20.026314437389374 436.31198089569807
0.24106692299246785 0.1268366474658251 0.22757651321589947 0.0068709650618955492 20.026314437389374 436.31198089569807
0.24106692299246785 0.1268366474658251 0.1972612202167511 0.012537987207062545 20.026314437389374 436.31198089569807
0.24106692299246785 0.1268366474658251 0.1972612202167511 0.0068709650618955492 8.7137037999927998 436.31198089569807
0.24106692299246785 0.1268366474658251 0.1972612202167511 0.0068709650618955492 20.026314437389374 349.60439028218389
0.42555035492405291 0.47984334342181689 0.22757651321589947 0.012537987207062545 8.7137037999927998 349.60439028218389
0.48673780611716205 0.34098697714507581 0.39837349802255628 0.017835374052450063 24.211366029456258 759.82990274205804
0.20571436723694203 0.34098697714507581 0.39837349802255628 0.017835374052450063 24.211366029456258 759.82990274205804
0.48673780611716205 0.11831725239753724 0.39837349802255628 0.017835374052450063 24.211366029456258 759.82990274205804
0.48673780611716205 0.34098697714507581 0.41978750415146349 0.017835374052450063 24.211366029456258 759.82990274205804
0.48673780611716205 0.34098697714507581 0.39837349802255628 0.0023230958066880704 24.211366029456258 759.82990274205804
0.48673780611716205 0.34098697714507581 0.39837349802255628 0.017835374052450063 35.330413432791829 759.82990274205804
0.48673780611716205 0.34098697714507581 0.39837349802255628 0.017835374052450063 24.211366029456258 974.2663980461657
0.20571436723694203 0.11831725239753724 0.41978750415146349 0.0023230958066880704 35.330413432791829 974.2663980461657
