0.4672587774228304 0.28422887437045574 0.30658880397677424 0.016276658977195619 31.322129584848881 445.36765245720744
0.61530696842819455 0.28422887437045574 0.30658880397677424 0.016276658977195619 31.322129584848881 445.36765245720744
0.4672587774228304 0.43611340597271919 0.30658880397677424 0.016276658977195619 31.322129584848881 445.36765245720744
0.4672587774228304 0.28422887437045574 0.22361330911517144 0.016276658977195619 31.322129584848881 445.36765245720744
0.4672587774228304 0.28422887437045574 0.30658880397677424 0.012142517500370742 31.322129584848881 445.36765245720744
0.4672587774228304 0.28422887437045574 0.30658880397677424 0.016276658977195619 18.836757952347398 445.36765245720744
0.4672587774228304 0.28422887437045574 0.30658880397677424 0.016276658977195619 31.322129584848881 552.30655390769243
0.61530696842819455 0.43611340597271919 0.22361330911517144 0.012142517500370742 18.836757952347398 552.30655390769243
0.22031681817024945 0.49843549616634852 0.10779587402939797 0.0099161303324624903 13.131699377670884 571.90071605145931
0.33468946013599626 0.49843549616634852 0.10779587402939797 0.0099161303324624903 13.131699377670884 571.90071605145931
0.22031681817024945 0.17458657659590243 0.10779587402939797 0.0099161303324624903 13.131699377670884 571.90071605145931
0.22031681817024945 0.49843549616634852 0.42824142277240751 0.0099161303324624903 13.131699377670884 571.90071605145931
0.22031681817024945 0.49843549616634852 0.10779587402939797 0.0025682753341272476 13.131699377670884 571.90071605145931
0.22031681817024945 0.49843549616634852 0.10779587402939797 0.0099161303324624903 29.016124468296766 571.90071605145931
0.22031681817024945 0.49843549616634852 0.10779587402939797 0.0099161303324624903 13.131699377670884 321.35330718010664
0.33468946013599626 0.17458657659590243 0.42824142277240751 0.0025682753341272476 29.016124468296766 321.35330718010664
0.20959363975562151 0.17181446850299836 0.40307417549192903 0.010649713886156679 21.147675367072225 820.66485993564129
0.4754152598790824 0.17181446850299836 0.40307417549192903 0.010649713886156679 21.147675367072225 820.66485993564129
0.20959363975562151 0.2394955411553383 0.40307417549192903 0.010649713886156679 21.147675367072225 820.66485993564129
0.20959363975562151 0.17181446850299836 0.37745568417012698 0.010649713886156679 21.147675367072225 820.66485993564129
0.20959363975562151 0.17181446850299836 0.40307417549192903 0.0068988242566585542 21.147675367072225 820.66485993564129
0.20959363975562151 0.17181446850299836 0.40307417549192903 0.010649713886156679 31.436642615124583 820.66485993564129
0.20959363975562151 0.17181446850299836 0.40307417549192903 0.010649713886156679 21.147675367072225 522.90950622409582
0.4754152598790824 0.2394955411553383 0.37745568417012698 0.0068988242566585542 31.436642615124583 522.90950622409582
0.60251526935026045 0.36075253114104278 0.20193730778992178 0.0043258170416578647 26.394858539104462 244.07302914187312
0.073399368207901716 0.36075253114104278 0.20193730778992178 0.0043258170416578647 26.394858539104462 244.07302914187312
0.60251526935026045 0.3529686655849219 0.20193730778992178 0.0043258170416578647 26.394858539104462 244.07302914187312
0.60251526935026045 0.36075253114104278 0.16971149481832981 0.0043258170416578647 26.394858539104462 244.07302914187312
0.60251526935026045 0.36075253114104278 0.20193730778992178 0.01647426086757332 26.394858539104462 244.07302914187312
0.60251526935026045 0.36075253114104278 0.20193730778992178 0.0043258170416578647 12.783198311924934 244.07302914187312
0.60251526935026045 0.36075253114104278 0.20193730778992178 0.0043258170416578647 26.394858539104462 796.46225366741419
0.073399368207901716 0.3529686655849219 0.16971149481832981 0.01647426086757332 12.783198311924934 796.46225366741419
0.6532563670538365 0.14628901928663254 0.15344883538782597 0.0019979062257334591 27.117382727563381 374.51356332749128
0.41546786315739148 0.14628901928663254 0.15344883538782597 0.0019979062257334591 27.117382727563381 374.51356332749128
0.6532563670538365 0.2553921014070511 0.15344883538782597 0.0019979062257334591 27.117382727563381 374.51356332749128
0.6532563670538365 0.14628901928663254 0.31681482531130312 0.0019979062257334591 27.117382727563381 374.51356332749128
0.6532563670538365 0.14628901928663254 0.15344883538782597 0.0038453212002292278 27.117382727563381 374.51356332749128
0.6532563670538365 0.14628901928663254 0.15344883538782597 0.0019979062257334591 37.618905819952488 374.51356332749128
0.6532563670538365 0.14628901928663254 0.15344883538782597 0.0019979062257334591 27.117382727563381 983.50468277931213
0.41546786315739148 0.2553921014070511 0.31681482531130312 0.0038453212002292278 37.618905819952488 983.50468277931213
0.077520687738433486 0.33520724251866341 0.35468622334301469 0.012999660873040558 17.365460583940148 697.92162189260125
0.13453568406403066 0.33520724251866341 0.35468622334301469 0.012999660873040558 17.365460583940148 697.92162189260125
0.077520687738433486 0.34348070435225964 0.35468622334301469 0.012999660873040558 17.365460583940148 697.92162189260125
0.077520687738433486 0.33520724251866341 0.13718982301652433 0.012999660873040558 17.365460583940148 697.92162189260125
0.077520687738433486 0.33520724251866341 0.35468622334301469 0.013491006109118462 17.365460583940148 697.92162189260125
0.077520687738433486 0.33520724251866341 0.35468622334301469 0.012999660873040558 10.292627682909369 697.92162189260125
0.077520687738433486 0.33520724251866341 0.35468622334301469 0.012999660873040558 17.365460583940148 343.00861619412899
0.13453568406403066 0.34348070435225964 0.13718982301652433 0.013491006109118462 10.292627682909369 343.00861619412899
0.35238726157695049 0.20860529206693174 0.26243363842368128 0.0076230385726317766 10.351531283929944 890.42031625285745
0.67675820933654895 0.20860529206693174 0.26243363842368128 0.0076230385726317766 10.351531283929944 890.42031625285745
0.35238726157695049 0.4705646567046643 0.26243363842368128 0.0076230385726317766 10.351531283929944 890.42031625285745
0.35238726157695049 0.20860529206693174 0.28171643614768982 0.0076230385726317766 10.351531283929944 890.42031625285745
0.35238726157695049 0.20860529206693174 0.26243363842368128 0.017821474890597166 10.351531283929944 890.42031625285745
0.35238726157695049 0.20860529206693174 0.26243363842368128 0.0076230385726317766 20.096001747995615 890.42031625285745
0.35238726157695049 0.20860529206693174 0.26243363842368128 0.0076230385726317766 10.351531283929944 112.77808733284473
0.67675820933654895 0.4705646567046643 0.28171643614768982 0.017821474890597166 20.096001747995615 112.77808733284473
0.41651517110876735 0.422792074456811 0.46132746413350112 0.018586952923610806 37.161995425820351 116.95349048823118
0.27442718194797633 0.422792074456811 0.46132746413350112 0.018586952923610806 37.161995425820351 116.95349048823118
0.41651517110876735 0.13365330584347249 0.46132746413350112 0.018586952923610806 37.161995425820351 116.95349048823118
0.41651517110876735 0.422792074456811 0.4644757531583309 0.018586952923610806 37.161995425820351 116.95349048823118
0.41651517110876735 0.422792074456811 0.46132746413350112 0.0081769936464726935 37.161995425820351 116.95349048823118
0.41651517110876735 0.422792074456811 0.46132746413350112 0.018586952923610806 23.948115484789014 116.95349048823118
0.41651517110876735 0.422792074456811 0.46132746413350112 0.018586952923610806 37.161995425820351 767.80358627438545
0.27442718194797633 0.13365330584347249 0.4644757531583309 0.0081769936464726935 23.948115484789014 767.80358627438545
0.38997332332655782 0.18150375187397005 0.28051740191876889 0.013885759469866754 13.641591642051935 281.46651806309819
0.41849927557632322 0.18150375187397005 0.28051740191876889 0.013885759469866754 13.641591642051935 281.46651806309819
0.38997332332655782 0.28479252532124522 0.28051740191876889 0.013885759469866754 13.641591642051935 281.46651806309819
0.38997332332655782 0.18150375187397005 0.32742772586643698 0.013885759469866754 13.641591642051935 281.46651806309819
0.38997332332655782 0.18150375187397005 0.28051740191876889 0.015804475953616202 13.641591642051935 281.46651806309819
0.38997332332655782 0.18150375187397005 0.28051740191876889 0.013885759469866754 25.644040789455175 281.46651806309819
0.38997332332655782 0.18150375187397005 0.28051740191876889 0.013885759469866754 13.641591642051935 661.01579796522856
0.41849927557632322 0.28479252532124522 0.32742772586643698 0.015804475953616202 25.644040789455175 661.01579796522856
0.30045943432487543 0.39881724938750274 0.48015890829265118 0.00040817966107279063 33.890013156458735 857.99957830458879
0.21149466587230559 0.39881724938750274 0.48015890829265118 0.00040817966107279063 33.890013156458735 857.99957830458879
0.30045943432487543 0.32327255047857761 0.48015890829265118 0.00040817966107279063 33.890013156458735 857.99957830458879
0.30045943432487543 0.39881724938750274 0.11954414658248425 0.00040817966107279063 33.890013156458735 857.99957830458879
0.30045943432487543 0.39881724938750274 0.48015890829265118 0.0061722311750054357 33.890013156458735 857.99957830458879
0.30045943432487543 0.39881724938750274 0.48015890829265118 0.00040817966107279063 22.253301927819848 857.99957830458879
0.30045943432487543 0.39881724938750274 0.48015890829265118 0.00040817966107279063 33.890013156458735 218.68568528443575
0.21149466587230559 0.32327255047857761 0.11954414658248425 0.0061722311750054357 22.253301927819848 218.68568528443575
0.12976904567331077 0.2690889608114958 0.18481346666812898 0.019397293331474066 23.830523585900664 653.21891475468874
0.63915439117699857 0.2690889608114958 0.18481346666812898 0.019397293331474066 23.830523585900664 653.21891475468874
0.12976904567331077 0.48768485337495804 0.18481346666812898 0.019397293331474066 23.830523585900664 653.21891475468874
0.12976904567331077 0.2690889608114958 0.27345793396234513 0.019397293331474066 23.830523585900664 653.21891475468874
0.12976904567331077 0.2690889608114958 0.18481346666812898 0.00060298319775611169 23.830523585900664 653.21891475468874
0.12976904567331077 0.2690889608114958 0.18481346666812898 0.019397293331474066 9.5273785591125488 653.21891475468874
0.12976904567331077 0.2690889608114958 0.18481346666812898 0.019397293331474066 23.830523585900664 463.85762039572001
0.63915439117699857 0.48768485337495804 0.27345793396234513 0.00060298319775611169 9.5273785591125488 463.85762039572001
0.68011874551884821 0.4611339081078768 0.38523603528738026 0.0059592166813090446 20.641558703035116 526.62708731368184
0.22950155306607484 0.4611339081078768 0.38523603528738026 0.0059592166813090446 20.641558703035116 526.62708731368184
0.68011874551884821 0.10116483233869077 0.38523603528738026 0.0059592166813090446 20.641558703035116 526.62708731368184
0.68011874551884821 0.4611339081078768 0.47820147946476943 0.0059592166813090446 20.641558703035116 526.62708731368184
0.68011874551884821 0.4611339081078768 0.38523603528738026 0.010236431641131642 20.641558703035116 526.62708731368184
0.68011874551884821 0.4611339081078768 0.38523603528738026 0.0059592166813090446 34.502547664567828 526.62708731368184
0.68011874551884821 0.4611339081078768 0.38523603528738026 0.0059592166813090446 20.641558703035116 863.53330072015524
0.22950155306607484 0.10116483233869077 0.47820147946476943 0.010236431641131642 34.502547664567828 863.53330072015524
0.56835858407430351 0.24432606957852843 0.43362703919410706 0.0082487422564998282 17.846170861274004 211.46214604377747
0.53866289230063558 0.24432606957852843 0.43362703919410706 0.0082487422564998282 17.846170861274004 211.46214604377747
0.56835858407430351 0.40339230000972748 0.43362703919410706 0.0082487422564998282 17.846170861274004 211.46214604377747
0.56835858407430351 0.24432606957852843 0.23176267519593241 0.0082487422564998282 17.846170861274004 211.46214604377747
0.56835858407430351 0.24432606957852843 0.43362703919410706 0.0098317503787577164 17.846170861274004 211.46214604377747
0.56835858407430351 0.24432606957852843 0.43362703919410706 0.0082487422564998282 14.361885434016585 211.46214604377747
0.56835858407430351 0.24432606957852843 0.43362703919410706 0.0082487422564998282 17.846170861274004 903.24822477996349
0.53866289230063558 0.40339230000972748 0.23176267519593241 0.0098317503787577164 14.361885434016585 903.24822477996349
0.16019731406122445 0.43638779856264598 0.23329888731241227 0.017086298067867756 29.656312299892306 984.87021466717124
0.33134314687922595 0.43638779856264598 0.23329888731241227 0.017086298067867756 29.656312299892306 984.87021466717124
0.16019731406122445 0.19147555045783521 0.23329888731241227 0.017086298067867756 29.656312299892306 984.87021466717124
0.16019731406122445 0.43638779856264598 0.41462483257055283 0.017086298067867756 29.656312299892306 984.87021466717124
0.16019731406122445 0.43638779856264598 0.23329888731241227 0.019419422275014222 29.656312299892306 984.87021466717124
0.16019731406122445 0.43638779856264598 0.23329888731241227 0.017086298067867756 33.476806424558163 984.87021466717124
0.16019731406122445 0.43638779856264598 0.23329888731241227 0.017086298067867756 29.656312299892306 417.00029224157333
0.33134314687922595 0.19147555045783521 0.41462483257055283 0.019419422275014222 33.476806424558163 417.00029224157333
0.27002861858345567 0.10664349049329758 0.32542329989373686 0.0027402296351268889 34.626841565594077 723.88246646150947
0.52065578959882253 0.10664349049329758 0.32542329989373686 0.0027402296351268889 34.626841565594077 723.88246646150947
0.27002861858345567 0.21944528743624689 0.32542329989373686 0.0027402296351268889 34.626841565594077 723.88246646150947
0.27002861858345567 0.10664349049329758 0.36697626225650315 0.0027402296351268889 34.626841565594077 723.88246646150947
0.27002861858345567 0.10664349049329758 0.32542329989373686 0.013850254438817503 34.626841565594077 723.88246646150947
0.27002861858345567 0.10664349049329758 0.32542329989373686 0.0027402296351268889 28.368028255179524 723.88246646150947
0.27002861858345567 0.10664349049329758 0.32542329989373686 0.0027402296351268889 34.626841565594077 200.50268694758415
0.52065578959882253 0.21944528743624689 0.36697626225650315 0.013850254438817503 28.368028255179524 200.50268694758415
0.50173093741759656 0.3239737696945667 0.1258765857666731 0.011537073791772129 9.8743695132434368 400.4156306385994
0.1106882806867361 0.3239737696945667 0.1258765857666731 0.011537073791772129 9.8743695132434368 400.4156306385994
0.50173093741759656 0.38252858407795431 0.1258765857666731 0.011537073791772129 9.8743695132434368 400.4156306385994
0.50173093741759656 0.3239737696945667 0.18722369261085989 0.011537073791772129 9.8743695132434368 400.4156306385994
0.50173093741759656 0.3239737696945667 0.1258765857666731 0.0042637769872322677 9.8743695132434368 400.4156306385994
0.50173093741759656 0.3239737696945667 0.1258765857666731 0.011537073791772129 15.837622333317995 400.4156306385994
0.50173093741759656 0.3239737696945667 0.1258765857666731 0.011537073791772129 9.8743695132434368 672.27611877024174
0.1106882806867361 0.38252858407795431 0.18722369261085989 0.0042637769872322677 15.837622333317995 672.27611877024174
0.52978675281628962 0.124124388769269 0.48925624825060365 0.0066084687789902093 25.5829285569489 954.40617250278592
0.36239925557747477 0.124124388769269 0.48925624825060365 0.0066084687789902093 25.5829285569489 954.40617250278592
0.52978675281628962 0.20471066720783712 0.48925624825060365 0.0066084687789902093 25.5829285569489 954.40617250278592
0.52978675281628962 0.124124388769269 0.10603500418365003 0.0066084687789902093 25.5829285569489 954.40617250278592
0.52978675281628962 0.124124388769269 0.48925624825060365 0.012830238926038148 25.5829285569489 954.40617250278592
0.52978675281628962 0.124124388769269 0.48925624825060365 0.0066084687789902093 16.703146371990442 954.40617250278592
0.52978675281628962 0.124124388769269 0.48925624825060365 0.0066084687789902093 25.5829285569489 946.33458498865366
0.36239925557747477 0.20471066720783712 0.10603500418365003 0.012830238926038148 16.703146371990442 946.33458498865366
0.28287485451437527 0.30687977783381937 0.29036547429859638 0.017570947155728937 22.386525405570865 180.88427428156137
0.59259473914280536 0.30687977783381937 0.29036547429859638 0.017570947155728937 22.386525405570865 180.88427428156137
0.28287485451437527 0.39318452998995779 0.29036547429859638 0.017570947155728937 22.386525405570865 180.88427428156137
0.28287485451437527 0.30687977783381937 0.34816343076527123 0.017570947155728937 22.386525405570865 180.88427428156137
0.28287485451437527 0.30687977783381937 0.29036547429859638 0.0032727794690057639 22.386525405570865 180.88427428156137
0.28287485451437527 0.30687977783381937 0.29036547429859638 0.017570947155728937 27.385145055130124 180.88427428156137
0.28287485451437527 0.30687977783381937 0.29036547429859638 0.017570947155728937 22.386525405570865 377.48320456594229
0.59259473914280536 0.39318452998995779 0.34816343076527123 0.0032727794690057639 27.385145055130124 377.48320456594229
0.14768771622329949 0.23661232218146325 0.39511452540755276 0.0022194007528945807 11.892848333343863 429.67419419437647
0.055405697226524359 0.23661232218146325 0.39511452540755276 0.0022194007528945807 11.892848333343863 429.67419419437647
0.14768771622329949 0.42086130790412424 0.39511452540755276 0.0022194007528945807 11.892848333343863 429.67419419437647
0.14768771622329949 0.23661232218146325 0.49581521227955816 0.0022194007528945807 11.892848333343863 429.67419419437647
0.14768771622329949 0.23661232218146325 0.39511452540755276 0.0088408143032342214 11.892848333343863 429.67419419437647
0.14768771622329949 0.23661232218146325 0.39511452540755276 0.0022194007528945807 32.581542499363422 429.67419419437647
0.14768771622329949 0.23661232218146325 0.39511452540755276 0.0022194007528945807 11.892848333343863 129.23167776316404
0.055405697226524359 0.42086130790412424 0.49581521227955816 0.0088408143032342214 32.581542499363422 129.23167776316404
0.54059973391704252 0.44448978602886202 0.19388018921017647 0.013222590784356 32.134060572832823 753.02740829065442
0.488250184059143 0.44448978602886202 0.19388018921017647 0.013222590784356 32.134060572832823 753.02740829065442
0.54059973391704252 0.18433521687984467 0.19388018921017647 0.013222590784356 32.134060572832823 753.02740829065442
0.54059973391704252 0.44448978602886202 0.25057076364755632 0.013222590784356 32.134060572832823 753.02740829065442
0.54059973391704252 0.44448978602886202 0.19388018921017647 0.018399496381543576 32.134060572832823 753.02740829065442
0.54059973391704252 0.44448978602886202 0.19388018921017647 0.013222590784356 15.373707434162498 753.02740829065442
0.54059973391704252 0.44448978602886202 0.19388018921017647 0.013222590784356 32.134060572832823 739.85855747014284
0.488250184059143 0.18433521687984467 0.25057076364755632 0.018399496381543576 15.373707434162498 739.85855747014284
0.67259301091544321 0.26098315790295601 0.2486157111823559 0.010890846474841238 36.379075322300196 884.62152704596519
0.15756779750809072 0.26098315790295601 0.2486157111823559 0.010890846474841238 36.379075322300196 884.62152704596519
0.67259301091544321 0.4865991737693548 0.2486157111823559 0.010890846474841238 36.379075322300196 884.62152704596519
0.67259301091544321 0.26098315790295601 0.40939320176839833 0.010890846474841238 36.379075322300196 884.62152704596519
0.67259301091544321 0.26098315790295601 0.2486157111823559 0.0019033603629097344 36.379075322300196 884.62152704596519
0.67259301091544321 0.26098315790295601 0.2486157111823559 0.010890846474841238 35.481582341715693 884.62152704596519
0.67259301091544321 0.26098315790295601 0.2486157111823559 0.010890846474841238 36.379075322300196 589.84047994017601
0.15756779750809072 0.4865991737693548 0.40939320176839833 0.0019033603629097344 35.481582341715693 589.84047994017601
0.096867563389241684 0.46885299533605573 0.44975563064217572 0.0045683850144967435 11.619392989203334 307.97463720664382
0.38743822714313858 0.46885299533605573 0.44975563064217572 0.0045683850144967435 11.619392989203334 307.97463720664382
0.096867563389241684 0.12468856126070023 0.44975563064217572 0.0045683850144967435 11.619392989203334 307.97463720664382
0.096867563389241684 0.46885299533605573 0.24226774349808694 0.0045683850144967435 11.619392989203334 307.97463720664382
0.096867563389241684 0.46885299533605573 0.44975563064217572 0.011565817506983878 11.619392989203334 307.97463720664382
0.096867563389241684 0.46885299533605573 0.44975563064217572 0.0045683850144967435 8.6652452796697617 307.97463720664382
0.096867563389241684 0.46885299533605573 0.44975563064217572 0.0045683850144967435 11.619392989203334 286.39129437506199
0.38743822714313858 0.12468856126070023 0.24226774349808694 0.011565817506983878 8.6652452796697617 286.39129437506199
0.33369747721590098 0.19859240390360355 0.14197455681860449 0.015281727245077493 16.097599660977721 500.5574724636972
0.26191209834069012 0.19859240390360355 0.14197455681860449 0.015281727245077493 16.097599660977721 500.5574724636972
0.33369747721590098 0.2893938425928354 0.14197455681860449 0.015281727245077493 16.097599660977721 500.5574724636972
0.33369747721590098 0.19859240390360355 0.188356788828969 0.015281727245077493 16.097599660977721 500.5574724636972
0.33369747721590098 0.19859240390360355 0.14197455681860449 0.017133781494013966 16.097599660977721 500.5574724636972
0.33369747721590098 0.19859240390360355 0.14197455681860449 0.015281727245077493 21.244497859850526 500.5574724636972
0.33369747721590098 0.19859240390360355 0.14197455681860449 0.015281727245077493 16.097599660977721 506.84742443263531
0.26191209834069012 0.2893938425928354 0.188356788828969 0.017133781494013966 21.244497859850526 506.84742443263531
0.39779594568535681 0.38134016655385494 0.34077053852379324 0.0089197626261040587 27.900302048772573 627.03567817807198
0.69443199615925544 0.38134016655385494 0.34077053852379324 0.0089197626261040587 27.900302048772573 627.03567817807198
0.39779594568535681 0.30248318389058115 0.34077053852379324 0.0089197626261040587 27.900302048772573 627.03567817807198
0.39779594568535681 0.38134016655385494 0.35861660353839397 0.0089197626261040587 27.900302048772573 627.03567817807198
0.39779594568535681 0.38134016655385494 0.34077053852379324 0.0074725376036018139 27.900302048772573 627.03567817807198
0.39779594568535681 0.38134016655385494 0.34077053852379324 0.0089197626261040587 26.534913491457701 627.03567817807198
0.39779594568535681 0.38134016655385494 0.34077053852379324 0.0089197626261040587 27.900302048772573 823.89217764139175
0.69443199615925544 0.30248318389058115 0.35861660353839397 0.0074725376036018139 26.534913491457701 823.89217764139175
0.44932746696285897 0.2229558490216732 0.12294780015945435 0.0037544975997880104 19.388117335736752 671.82377679273486
0.1834259696304798 0.2229558490216732 0.12294780015945435 0.0037544975997880104 19.388117335736752 671.82377679273486
0.44932746696285897 0.45368313677608973 0.12294780015945435 0.0037544975997880104 19.388117335736752 671.82377679273486
0.44932746696285897 0.2229558490216732 0.4457872778177262 0.0037544975997880104 19.388117335736752 671.82377679273486
0.44932746696285897 0.2229558490216732 0.12294780015945435 0.018831812993250787 19.388117335736752 671.82377679273486
0.44932746696285897 0.2229558490216732 0.12294780015945435 0.0037544975997880104 23.08190524764359 671.82377679273486
0.44932746696285897 0.2229558490216732 0.12294780015945435 0.0037544975997880104 19.388117335736752 942.10446979850531
0.1834259696304798 0.45368313677608973 0.4457872778177262 0.018831812993250787 23.08190524764359 942.10446979850531
0.35984364617615933 0.40882994830608366 0.32249146252870564 0.01255277714058757 24.627862462773919 348.30188192427158
0.44157043471932406 0.40882994830608366 0.32249146252870564 0.01255277714058757 24.627862462773919 348.30188192427158
0.35984364617615933 0.14216232821345332 0.32249146252870564 0.01255277714058757 24.627862462773919 348.30188192427158
0.35984364617615933 0.40882994830608366 0.20040339156985285 0.01255277714058757 24.627862462773919 348.30188192427158
0.35984364617615933 0.40882994830608366 0.32249146252870564 0.0091776685748249306 24.627862462773919 348.30188192427158
0.35984364617615933 0.40882994830608366 0.32249146252870564 0.01255277714058757 21.080028910189867 348.30188192427158
0.35984364617615933 0.40882994830608366 0.32249146252870564 0.01255277714058757 24.627862462773919 387.75494191795588
0.44157043471932406 0.14216232821345332 0.20040339156985285 0.0091776685748249306 21.080028910189867 387.75494191795588
0.069767415383830661 0.13544340617954731 0.2178705867379904 0.0080269459003582608 33.092673497274518 143.60535927116871
0.24713504472747444 0.13544340617954731 0.2178705867379904 0.0080269459003582608 33.092673497274518 143.60535927116871
0.069767415383830661 0.26875803284347055 0.2178705867379904 0.0080269459003582608 33.092673497274518 143.60535927116871
0.069767415383830661 0.13544340617954731 0.15587965287268163 0.0080269459003582608 33.092673497274518 143.60535927116871
0.069767415383830661 0.13544340617954731 0.2178705867379904 0.0048459158031269912 33.092673497274518 143.60535927116871
0.069767415383830661 0.13544340617954731 0.2178705867379904 0.0080269459003582608 11.188578700646758 143.60535927116871
0.069767415383830661 0.13544340617954731 0.2178705867379904 0.0080269459003582608 33.092673497274518 182.24021811038256
0.24713504472747444 0.26875803284347055 0.15587965287268163 0.0048459158031269912 11.188578700646758 182.24021811038256
0.62010751059278846 0.34643957130610947 0.4181956868618727 0.016863065737485885 14.895033791661263 916.95857001468539
0.62667959788814187 0.34643957130610947 0.4181956868618727 0.016863065737485885 14.895033791661263 916.95857001468539
0.62010751059278846 0.33223727047443391 0.4181956868618727 0.016863065737485885 14.895033791661263 916.95857001468539
0.62010751059278846 0.34643957130610947 0.39812346361577511 0.016863065737485885 14.895033791661263 916.95857001468539
0.62010751059278846 0.34643957130610947 0.4181956868618727 0.01450127347521484 14.895033791661263 916.95857001468539
0.62010751059278846 0.34643957130610947 0.4181956868618727 0.016863065737485885 36.605938963592052 916.95857001468539
0.62010751059278846 0.34643957130610947 0.4181956868618727 0.016863065737485885 14.895033791661263 694.86917834728956
0.62667959788814187 0.33223727047443391 0.39812346361577511 0.01450127347521484 36.605938963592052 694.86917834728956
0.58959952844306829 0.16058900691568853 0.3635576333850622 0.019156463161855937 8.5918020382523537 601.1894142255187
0.30859186705201858 0.16058900691568853 0.3635576333850622 0.019156463161855937 8.5918020382523537 601.1894142255187
0.58959952844306829 0.23469741009175779 0.3635576333850622 0.019156463161855937 8.5918020382523537 601.1894142255187
0.58959952844306829 0.16058900691568853 0.1384030517190695 0.019156463161855937 8.5918020382523537 601.1894142255187
0.58959952844306829 0.16058900691568853 0.3635576333850622 0.0055887696813791991 8.5918020382523537 601.1894142255187
0.58959952844306829 0.16058900691568853 0.3635576333850622 0.019156463161855937 11.803476542234421 601.1894142255187
0.58959952844306829 0.16058900691568853 0.3635576333850622 0.019156463161855937 8.5918020382523537 621.64466269314289
0.30859186705201858 0.23469741009175779 0.1384030517190695 0.0055887696813791991 11.803476542234421 621.64466269314289
0.18144848295487465 0.37158975265920169 0.16313201300799846 0.0057169505374506119 35.395056122913957 474.54251432791352
0.56641174312680953 0.37158975265920169 0.16313201300799846 0.0057169505374506119 35.395056122913957 474.54251432791352
0.18144848295487465 0.37277991920709608 0.16313201300799846 0.0057169505374506119 35.395056122913957 474.54251432791352
0.18144848295487465 0.37158975265920169 0.30876565910875797 0.0057169505374506119 35.395056122913957 474.54251432791352
0.18144848295487465 0.37158975265920169 0.16313201300799846 0.015154552411846819 35.395056122913957 474.54251432791352
0.18144848295487465 0.37158975265920169 0.16313201300799846 0.0057169505374506119 32.299920750781894 474.54251432791352
0.18144848295487465 0.37158975265920169 0.16313201300799846 0.0057169505374506119 35.395056122913957 248.32232967019081
0.56641174312680953 0.37277991920709608 0.30876565910875797 0.015154552411846819 32.299920750781894 248.32232967019081
0.24816500972956418 0.29819939211010937 0.47098022401332862 0.014880993621051313 28.888098748400807 213.58054215088487
0.12348291939124464 0.29819939211010937 0.47098022401332862 0.014880993621051313 28.888098748400807 213.58054215088487
0.24816500972956418 0.43817719854414461 0.47098022401332862 0.014880993621051313 28.888098748400807 213.58054215088487
0.24816500972956418 0.29819939211010937 0.45955466255545618 0.014880993621051313 28.888098748400807 213.58054215088487
0.24816500972956418 0.29819939211010937 0.47098022401332862 0.010822870487347246 28.888098748400807 213.58054215088487
0.24816500972956418 0.29819939211010937 0.47098022401332862 0.014880993621051313 30.025614734739065 213.58054215088487
0.24816500972956418 0.29819939211010937 0.47098022401332862 0.014880993621051313 28.888098748400807 481.63245022296906
0.12348291939124464 0.43817719854414461 0.45955466255545618 0.010822870487347246 30.025614734739065 481.63245022296906
0.47983788023702795 0.48407807201147079 0.27133566588163377 0.0014048491964116694 19.128737330436707 790.05875792354345
0.50270241862162945 0.48407807201147079 0.27133566588163377 0.0014048491964116694 19.128737330436707 790.05875792354345
0.47983788023702795 0.15125966146588327 0.27133566588163377 0.0014048491964116694 19.128737330436707 790.05875792354345
0.47983788023702795 0.48407807201147079 0.2923015892505646 0.0014048491964116694 19.128737330436707 790.05875792354345
0.47983788023702795 0.48407807201147079 0.27133566588163377 0.0012583103781566025 19.128737330436707 790.05875792354345
0.47983788023702795 0.48407807201147079 0.27133566588163377 0.0014048491964116694 17.944741288200021 790.05875792354345
0.47983788023702795 0.48407807201147079 0.27133566588163377 0.0014048491964116694 19.128737330436707 841.30428396165371
0.50270241862162945 0.15125966146588327 0.2923015892505646 0.0012583103781566025 17.944741288200021 841.30428396165371
