0.4955387605354189 0.12003000490367413 0.26588044613599782 0.019284263836592437 14.485996106639504 112.96243807300925
0.58071928764693437 0.12003000490367413 0.26588044613599782 0.019284263836592437 14.485996106639504 112.96243807300925
0.4955387605354189 0.41273071877658374 0.26588044613599782 0.019284263836592437 14.485996106639504 112.96243807300925
0.4955387605354189 0.12003000490367413 0.36996270082890992 0.019284263836592437 14.485996106639504 112.96243807300925
0.4955387605354189 0.12003000490367413 0.26588044613599782 0.0016801230352371933 14.485996106639504 112.96243807300925
0.4955387605354189 0.12003000490367413 0.26588044613599782 0.019284263836592437 36.989689815789461 112.96243807300925
0.4955387605354189 0.12003000490367413 0.26588044613599782 0.019284263836592437 14.485996106639504 450.94498004764318
0.58071928764693437 0.41273071877658374 0.36996270082890992 0.0016801230352371933 36.989689815789461 450.94498004764318
0.23337358306162059 0.31214646585285666 0.46701123416423795 0.0055359760345891117 33.73065560311079 914.44053649902344
0.37435525502078232 0.31214646585285666 0.46701123416423795 0.0055359760345891117 33.73065560311079 914.44053649902344
0.23337358306162059 0.17581397891044617 0.46701123416423795 0.0055359760345891117 33.73065560311079 914.44053649902344
0.23337358306162059 0.31214646585285666 0.17779194153845312 0.0055359760345891117 33.73065560311079 914.44053649902344
0.23337358306162059 0.31214646585285666 0.46701123416423795 0.0119433443216607 33.73065560311079 914.44053649902344
0.23337358306162059 0.31214646585285666 0.46701123416423795 0.0055359760345891117 10.849062951281667 914.44053649902344
0.23337358306162059 0.31214646585285666 0.46701123416423795 0.0055359760345891117 33.73065560311079 878.74577436596155
0.37435525502078232 0.17581397891044617 0.17779194153845312 0.0119433443216607 10.849062951281667 878.74577436596155
0.18701287461444732 0.23251756131649018 0.17486543767154217 0.014932054793834687 23.048836097121239 709.71654802560806
0.4770100018475204 0.23251756131649018 0.17486543767154217 0.014932054793834687 23.048836097121239 709.71654802560806
0.18701287461444732 0.21015577502548696 0.17486543767154217 0.014932054793834687 23.048836097121239 709.71654802560806
0.18701287461444732 0.23251756131649018 0.22856548950076105 0.014932054793834687 23.048836097121239 709.71654802560806
0.18701287461444732 0.23251756131649018 0.17486543767154217 0.017512885055318474 23.048836097121239 709.71654802560806
0.18701287461444732 0.23251756131649018 0.17486543767154217 0.014932054793834687 20.762256823480129 709.71654802560806
0.18701287461444732 0.23251756131649018 0.17486543767154217 0.014932054793834687 23.048836097121239 645.7961292937398
0.4770100018475204 0.21015577502548696 0.22856548950076105 0.017512885055318474 20.762256823480129 645.7961292937398
0.58502378114499154 0.4497560881078243 0.37365228794515137 0.0011459266955032945 20.730882214382291 358.06976547464728
0.066726504871621725 0.4497560881078243 0.37365228794515137 0.0011459266955032945 20.730882214382291 358.06976547464728
0.58502378114499154 0.39823908433318145 0.37365228794515137 0.0011459266955032945 20.730882214382291 358.06976547464728
0.58502378114499154 0.4497560881078243 0.42387670576572423 0.0011459266955032945 20.730882214382291 358.06976547464728
0.58502378114499154 0.4497560881078243 0.37365228794515137 0.007248441073857248 20.730882214382291 358.06976547464728
0.58502378114499154 0.4497560881078243 0.37365228794515137 0.0011459266955032945 23.443454449996352 358.06976547464728
0.58502378114499154 0.4497560881078243 0.37365228794515137 0.0011459266955032945 20.730882214382291 231.590929441154
0.066726504871621725 0.39823908433318145 0.42387670576572423 0.007248441073857248 23.443454449996352 231.590929441154
0.63584550307132304 0.25726486295461659 0.4190145235508681 0.0037856091456487779 17.782253289595246 267.08087641745806
0.37580720535479478 0.25726486295461659 0.4190145235508681 0.0037856091456487779 17.782253289595246 267.08087641745806
0.63584550307132304 0.2942042861133814 0.4190145235508681 0.0037856091456487779 17.782253289595246 267.08087641745806
0.63584550307132304 0.25726486295461659 0.26421235203742982 0.0037856091456487779 17.782253289595246 267.08087641745806
0.63584550307132304 0.25726486295461659 0.4190145235508681 0.013071140772663059 17.782253289595246 267.08087641745806
0.63584550307132304 0.25726486295461659 0.4190145235508681 0.0037856091456487779 18.271672112867236 267.08087641745806
0.63584550307132304 0.25726486295461659 0.4190145235508681 0.0037856091456487779 17.782253289595246 185.17348356544971
0.37580720535479478 0.2942042861133814 0.26421235203742982 0.013071140772663059 18.271672112867236 185.17348356544971
0.055023026373237374 0.47452322319149975 0.22012677751481535 0.012275132391601802 30.46340561658144 815.43398322537541
0.16911827377043664 0.47452322319149975 0.22012677751481535 0.012275132391601802 30.46340561658144 815.43398322537541
0.055023026373237374 0.30768432393670087 0.22012677751481535 0.012275132391601802 30.46340561658144 815.43398322537541
0.055023026373237374 0.47452322319149975 0.4813923738896847 0.012275132391601802 30.46340561658144 815.43398322537541
0.055023026373237374 0.47452322319149975 0.22012677751481535 0.0028769455317407848 30.46340561658144 815.43398322537541
0.055023026373237374 0.47452322319149975 0.22012677751481535 0.012275132391601802 29.625616848468781 815.43398322537541
0.055023026373237374 0.47452322319149975 0.22012677751481535 0.012275132391601802 30.46340561658144 685.07202938199043
0.16911827377043664 0.30768432393670087 0.4813923738896847 0.0028769455317407848 29.625616848468781 685.07202938199043
0.36536595928482707 0.19487524889409544 0.31549970656633375 0.0081360054442659036 34.753468960523605 554.49947686865926
0.68343585622496894 0.19487524889409544 0.31549970656633375 0.0081360054442659036 34.753468960523605 554.49947686865926
0.36536595928482707 0.47822454534471037 0.31549970656633375 0.0081360054442659036 34.753468960523605 554.49947686865926
0.36536595928482707 0.19487524889409544 0.33685356117784981 0.0081360054442659036 34.753468960523605 554.49947686865926
0.36536595928482707 0.19487524889409544 0.31549970656633375 0.0084464059768244639 34.753468960523605 554.49947686865926
0.36536595928482707 0.19487524889409544 0.31549970656633375 0.0081360054442659036 31.921666750684381 554.49947686865926
0.36536595928482707 0.19487524889409544 0.31549970656633375 0.0081360054442659036 34.753468960523605 890.44597744941711
0.68343585622496894 0.47822454534471037 0.33685356117784981 0.0084464059768244639 31.921666750684381 890.44597744941711
0.44471956659108391 0.38701154328882692 0.11426839828491211 0.016662160490453243 8.9972350019961596 455.97768593579531
0.27282761526294053 0.38701154328882692 0.11426839828491211 0.016662160490453243 8.9972350019961596 455.97768593579531
0.44471956659108391 0.11670453399419785 0.11426839828491211 0.016662160490453243 8.9972350019961596 455.97768593579531
0.44471956659108391 0.38701154328882692 0.11656362377107143 0.016662160490453243 8.9972350019961596 455.97768593579531
0.44471956659108391 0.38701154328882692 0.11426839828491211 0.018639388037845494 8.9972350019961596 455.97768593579531
0.44471956659108391 0.38701154328882692 0.11426839828491211 0.016662160490453243 12.108205940574408 455.97768593579531
0.44471956659108391 0.38701154328882692 0.11426839828491211 0.016662160490453243 8.9972350019961596 432.32295773923397
0.27282761526294053 0.11670453399419785 0.11656362377107143 0.018639388037845494 12.108205940574408 432.32295773923397
0.41254165195859965 0.22041119039058688 0.34625017233192923 0.010839780286327006 30.558181388303638 388.48723778501153
0.45244662747718389 0.22041119039058688 0.34625017233192923 0.010839780286327006 30.558181388303638 388.48723778501153
0.41254165195859965 0.26482828371226785 0.34625017233192923 0.010839780286327006 30.558181388303638 388.48723778501153
0.41254165195859965 0.22041119039058688 0.27866057306528091 0.010839780286327006 30.558181388303638 388.48723778501153
0.41254165195859965 0.22041119039058688 0.34625017233192923 0.0051919068923220041 30.558181388303638 388.48723778501153
0.41254165195859965 0.22041119039058688 0.34625017233192923 0.010839780286327006 15.217239933088422 388.48723778501153
0.41254165195859965 0.22041119039058688 0.34625017233192923 0.010839780286327006 30.558181388303638 539.11074940115213
0.45244662747718389 0.26482828371226785 0.27866057306528091 0.0051919068923220041 15.217239933088422 539.11074940115213
0.31795832244679328 0.40942114815115926 0.14582147635519505 0.0048273125311359766 13.239904690533876 739.96534626930952
0.17246923134662209 0.40942114815115926 0.14582147635519505 0.0048273125311359766 13.239904690533876 739.96534626930952
0.31795832244679328 0.3279168725013733 0.14582147635519505 0.0048273125311359766 13.239904690533876 739.96534626930952
0.31795832244679328 0.40942114815115926 0.47397692874073982 0.0048273125311359766 13.239904690533876 739.96534626930952
0.31795832244679328 0.40942114815115926 0.14582147635519505 0.015397125713899734 13.239904690533876 739.96534626930952
0.31795832244679328 0.40942114815115926 0.14582147635519505 0.0048273125311359766 32.694240037351847 739.96534626930952
0.31795832244679328 0.40942114815115926 0.14582147635519505 0.0048273125311359766 13.239904690533876 784.53838285058737
0.17246923134662209 0.3279168725013733 0.47397692874073982 0.015397125713899734 32.694240037351847 784.53838285058737
0.10147662605158984 0.13289912454783917 0.43804662004113204 0.015153921554610135 21.980749230831861 988.78273200243711
0.63819005261175332 0.13289912454783917 0.43804662004113204 0.015153921554610135 21.980749230831861 988.78273200243711
0.10147662605158984 0.46117759533226488 0.43804662004113204 0.015153921554610135 21.980749230831861 988.78273200243711
0.10147662605158984 0.13289912454783917 0.32007533796131615 0.015153921554610135 21.980749230831861 988.78273200243711
0.10147662605158984 0.13289912454783917 0.43804662004113204 0.011066302917711438 21.980749230831861 988.78273200243711
0.10147662605158984 0.13289912454783917 0.43804662004113204 0.015153921554610135 27.460992505773902 988.78273200243711
0.10147662605158984 0.13289912454783917 0.43804662004113204 0.015153921554610135 21.980749230831861 564.22302853316069
0.63819005261175332 0.46117759533226488 0.32007533796131615 0.011066302917711438 27.460992505773902 564.22302853316069
0.66706938054412601 0.34703115709125998 0.23839898630976677 0.0091007421446964165 26.224858930334449 187.13593939319253
0.23554396699182689 0.34703115709125998 0.23839898630976677 0.0091007421446964165 26.224858930334449 187.13593939319253
0.66706938054412601 0.14926623329520228 0.23839898630976677 0.0091007421446964165 26.224858930334449 187.13593939319253
0.66706938054412601 0.34703115709125998 0.12787462286651136 0.0091007421446964165 26.224858930334449 187.13593939319253
0.66706938054412601 0.34703115709125998 0.23839898630976677 0.00085987091623246673 26.224858930334449 187.13593939319253
0.66706938054412601 0.34703115709125998 0.23839898630976677 0.0091007421446964165 16.58307097107172 187.13593939319253
0.66706938054412601 0.34703115709125998 0.23839898630976677 0.0091007421446964165 26.224858930334449 305.14486897736788
0.23554396699182689 0.14926623329520228 0.12787462286651136 0.00085987091623246673 16.58307097107172 305.14486897736788
0.55539232287555929 0.15844636820256711 0.19313459470868111 0.006499404219351709 27.261976508423686 543.51033829152584
0.57769314912147818 0.15844636820256711 0.19313459470868111 0.006499404219351709 27.261976508423686 543.51033829152584
0.55539232287555929 0.4454274270683527 0.19313459470868111 0.006499404219351709 27.261976508423686 543.51033829152584
0.55539232287555929 0.15844636820256711 0.38677679412066934 0.006499404219351709 27.261976508423686 543.51033829152584
0.55539232287555929 0.15844636820256711 0.19313459470868111 0.01920831102989614 27.261976508423686 543.51033829152584
0.55539232287555929 0.15844636820256711 0.19313459470868111 0.006499404219351709 26.4352657943964 543.51033829152584
0.55539232287555929 0.15844636820256711 0.19313459470868111 0.006499404219351709 27.261976508423686 124.80495497584343
0.57769314912147818 0.4454274270683527 0.38677679412066934 0.01920831102989614 26.4352657943964 124.80495497584343
0.13198551866225899 0.3725616130977869 0.39268743619322777 0.017771857418492437 16.506980780512094 641.86344174668193
0.2973910090047866 0.3725616130977869 0.39268743619322777 0.017771857418492437 16.506980780512094 641.86344174668193
0.13198551866225899 0.15890058651566508 0.39268743619322777 0.017771857418492437 16.506980780512094 641.86344174668193
0.13198551866225899 0.3725616130977869 0.16644507236778738 0.017771857418492437 16.506980780512094 641.86344174668193
0.13198551866225899 0.3725616130977869 0.39268743619322777 0.0089561026288196462 16.506980780512094 641.86344174668193
0.13198551866225899 0.3725616130977869 0.39268743619322777 0.017771857418492437 21.417677311226726 641.86344174668193
0.13198551866225899 0.3725616130977869 0.39268743619322777 0.017771857418492437 16.506980780512094 751.70533992350101
0.2973910090047866 0.15890058651566508 0.16644507236778738 0.0089561026288196462 21.417677311226726 751.70533992350101
0.28745191907510159 0.29605561345815656 0.29743047244846821 0.0021882841913029552 10.27605601772666 834.4188111834228
0.5146184740122407 0.29605561345815656 0.29743047244846821 0.0021882841913029552 10.27605601772666 834.4188111834228
0.28745191907510159 0.23013280592858792 0.29743047244846821 0.0021882841913029552 10.27605601772666 834.4188111834228
0.28745191907510159 0.29605561345815656 0.21410583630204202 0.0021882841913029552 10.27605601772666 834.4188111834228
0.28745191907510159 0.29605561345815656 0.29743047244846821 0.0046253601212054496 10.27605601772666 834.4188111834228
0.28745191907510159 0.29605561345815656 0.29743047244846821 0.0021882841913029552 8.8015748672187328 834.4188111834228
0.28745191907510159 0.29605561345815656 0.29743047244846821 0.0021882841913029552 10.27605601772666 999.59639124572277
0.5146184740122407 0.23013280592858792 0.21410583630204202 0.0046253601212054496 8.8015748672187328 999.59639124572277
0.52422119886614382 0.48504878357052805 0.49776475168764589 0.013500240549072624 37.958673780784011 285.89702360332012
0.11164748943410813 0.48504878357052805 0.49776475168764589 0.013500240549072624 37.958673780784011 285.89702360332012
0.52422119886614382 0.3686059162020684 0.49776475168764589 0.013500240549072624 37.958673780784011 285.89702360332012
0.52422119886614382 0.48504878357052805 0.43130358308553696 0.013500240549072624 37.958673780784011 285.89702360332012
0.52422119886614382 0.48504878357052805 0.49776475168764589 0.014876345827244224 37.958673780784011 285.89702360332012
0.52422119886614382 0.48504878357052805 0.49776475168764589 0.013500240549072624 35.418326968327165 285.89702360332012
0.52422119886614382 0.48504878357052805 0.49776475168764589 0.013500240549072624 37.958673780784011 330.97541183233261
0.11164748943410813 0.3686059162020684 0.43130358308553696 0.014876345827244224 35.418326968327165 330.97541183233261
0.51681936443783338 0.2848217595368624 0.13594909124076368 0.0085318255329504614 19.990363923832774 615.32699847593904
0.34620502893812949 0.2848217595368624 0.13594909124076368 0.0085318255329504614 19.990363923832774 615.32699847593904
0.51681936443783338 0.24410907477140428 0.13594909124076368 0.0085318255329504614 19.990363923832774 615.32699847593904
0.51681936443783338 0.2848217595368624 0.45004109814763071 0.0085318255329504614 19.990363923832774 615.32699847593904
0.51681936443783338 0.2848217595368624 0.13594909124076368 0.0034506570346653463 19.990363923832774 615.32699847593904
0.51681936443783338 0.2848217595368624 0.13594909124076368 0.0085318255329504614 34.410167077556252 615.32699847593904
0.51681936443783338 0.2848217595368624 0.13594909124076368 0.0085318255329504614 19.990363923832774 169.55429147928953
0.34620502893812949 0.24410907477140428 0.45004109814763071 0.0034506570346653463 34.410167077556252 169.55429147928953
0.25466441875323653 0.49588981978595259 0.3371773477643728 0.017059415963292121 24.241912785917521 516.86006542295218
0.60371077661402517 0.49588981978595259 0.3371773477643728 0.017059415963292121 24.241912785917521 516.86006542295218
0.25466441875323653 0.35719159804284573 0.3371773477643728 0.017059415963292121 24.241912785917521 516.86006542295218
0.25466441875323653 0.49588981978595259 0.29536984115839005 0.017059415963292121 24.241912785917521 516.86006542295218
0.25466441875323653 0.49588981978595259 0.3371773477643728 0.013730660882778467 24.241912785917521 516.86006542295218
0.25466441875323653 0.49588981978595259 0.3371773477643728 0.017059415963292121 9.6931766830384731 516.86006542295218
0.25466441875323653 0.49588981978595259 0.3371773477643728 0.017059415963292121 24.241912785917521 710.30812431126833
0.60371077661402517 0.35719159804284573 0.29536984115839005 0.013730660882778467 9.6931766830384731 710.30812431126833
0.16510957959108052 0.17240696772933006 0.22930774837732315 0.0029453649135306481 32.537579920142889 312.10686769336462
0.084280365100130428 0.17240696772933006 0.22930774837732315 0.0029453649135306481 32.537579920142889 312.10686769336462
0.16510957959108052 0.42871679440140731 0.22930774837732315 0.0029453649135306481 32.537579920142889 312.10686769336462
0.16510957959108052 0.17240696772933006 0.1477058630436659 0.0029453649135306481 32.537579920142889 312.10686769336462
0.16510957959108052 0.17240696772933006 0.22930774837732315 0.018062687380611897 32.537579920142889 312.10686769336462
0.16510957959108052 0.17240696772933006 0.22930774837732315 0.0029453649135306481 22.396898401901126 312.10686769336462
0.16510957959108052 0.17240696772933006 0.22930774837732315 0.0029453649135306481 32.537579920142889 926.67184714227915
0.084280365100130428 0.42871679440140731 0.1477058630436659 0.018062687380611897 22.396898401901126 926.67184714227915
0.56309104505926366 0.35820647776126868 0.42819244265556333 0.011433452185243369 15.226513391360641 860.51503354683518
0.46445371746085579 0.35820647776126868 0.42819244265556333 0.011433452185243369 15.226513391360641 860.51503354683518
0.56309104505926366 0.16679926849901677 0.42819244265556333 0.011433452185243369 15.226513391360641 860.51503354683518
0.56309104505926366 0.35820647776126868 0.30551753528416159 0.011433452185243369 15.226513391360641 860.51503354683518
0.56309104505926366 0.35820647776126868 0.42819244265556333 0.0077814893091097473 15.226513391360641 860.51503354683518
0.56309104505926366 0.35820647776126868 0.42819244265556333 0.011433452185243369 25.573403865098953 860.51503354683518
0.56309104505926366 0.35820647776126868 0.42819244265556333 0.011433452185243369 15.226513391360641 400.44741984456778
0.46445371746085579 0.16679926849901677 0.30551753528416159 0.0077814893091097473 25.573403865098953 400.44741984456778
0.69515998717397443 0.14725807383656503 0.37658336013555527 0.01407217250019312 8.2857283782213926 770.56982554495335
0.14644662537612019 0.14725807383656503 0.37658336013555527 0.01407217250019312 8.2857283782213926 770.56982554495335
0.69515998717397443 0.46302165016531949 0.37658336013555527 0.01407217250019312 8.2857283782213926 770.56982554495335
0.69515998717397443 0.14725807383656503 0.15913407392799855 0.01407217250019312 8.2857283782213926 770.56982554495335
0.69515998717397443 0.14725807383656503 0.37658336013555527 0.01252136765662581 8.2857283782213926 770.56982554495335
0.69515998717397443 0.14725807383656503 0.37658336013555527 0.01407217250019312 15.688536159694195 770.56982554495335
0.69515998717397443 0.14725807383656503 0.37658336013555527 0.01407217250019312 8.2857283782213926 466.09050743281841
0.14644662537612019 0.46302165016531949 0.15913407392799855 0.01252136765662581 15.688536159694195 466.09050743281841
0.11436757142655551 0.33306521624326707 0.17779345810413361 0.00028460842762142422 35.975555527955294 418.97788746282458
0.40363754727877671 0.33306521624326707 0.17779345810413361 0.00028460842762142422 35.975555527955294 418.97788746282458
0.11436757142655551 0.12650085277855397 0.17779345810413361 0.00028460842762142422 35.975555527955294 418.97788746282458
0.11436757142655551 0.33306521624326707 0.38881435506045825 0.00028460842762142422 35.975555527955294 418.97788746282458
0.11436757142655551 0.33306521624326707 0.17779345810413361 0.0023439442083239559 35.975555527955294 418.97788746282458
0.11436757142655551 0.33306521624326707 0.17779345810413361 0.00028460842762142422 28.473458683118224 418.97788746282458
0.11436757142655551 0.33306521624326707 0.17779345810413361 0.00028460842762142422 35.975555527955294 853.88721376657486
0.40363754727877671 0.12650085277855397 0.38881435506045825 0.0023439442083239559 28.473458683118224 853.88721376657486
0.3054040151648223 0.20957549549639226 0.48244182579219341 0.019660445863753557 29.241318266838789 157.96267343685031
0.28570378380827605 0.20957549549639226 0.48244182579219341 0.019660445863753557 29.241318266838789 157.96267343685031
0.3054040151648223 0.25946861505508423 0.48244182579219341 0.019660445863753557 29.241318266838789 157.96267343685031
0.3054040151648223 0.20957549549639226 0.44271311610937125 0.019660445863753557 29.241318266838789 157.96267343685031
0.3054040151648223 0.20957549549639226 0.48244182579219341 0.0066759000064805151 29.241318266838789 157.96267343685031
0.3054040151648223 0.20957549549639226 0.48244182579219341 0.019660445863753557 33.560035426169634 157.96267343685031
0.3054040151648223 0.20957549549639226 0.48244182579219341 0.019660445863753557 29.241318266838789 609.06891450285912
0.28570378380827605 0.25946861505508423 0.44271311610937125 0.0066759000064805151 33.560035426169634 609.06891450285912
0.38474801057018332 0.42065118812024593 0.28130798600614071 0.0059135934459045528 18.493760695680976 959.49584431946278
0.66556215542368591 0.42065118812024593 0.28130798600614071 0.0059135934459045528 18.493760695680976 959.49584431946278
0.38474801057018332 0.34794786684215073 0.28130798600614071 0.0059135934459045528 18.493760695680976 959.49584431946278
0.38474801057018332 0.42065118812024593 0.20992286577820779 0.0059135934459045528 18.493760695680976 959.49584431946278
0.38474801057018332 0.42065118812024593 0.28130798600614071 0.01685211956873536 18.493760695680976 959.49584431946278
0.38474801057018332 0.42065118812024593 0.28130798600614071 0.0059135934459045528 14.234543146565557 959.49584431946278
0.38474801057018332 0.42065118812024593 0.28130798600614071 0.0059135934459045528 18.493760695680976 263.87168206274509
0.66556215542368591 0.34794786684215073 0.20992286577820779 0.01685211956873536 14.234543146565557 263.87168206274509
0.43191796261817211 0.18677173480391504 0.4510840602219105 0.0017927665216848257 25.04648801125586 786.2874454818666
0.20025928779505192 0.18677173480391504 0.4510840602219105 0.0017927665216848257 25.04648801125586 786.2874454818666
0.43191796261817211 0.49591328948736191 0.4510840602219105 0.0017927665216848257 25.04648801125586 786.2874454818666
0.43191796261817211 0.18677173480391504 0.19780092276632788 0.0017927665216848257 25.04648801125586 786.2874454818666
0.43191796261817211 0.18677173480391504 0.4510840602219105 0.0096114316532388347 25.04648801125586 786.2874454818666
0.43191796261817211 0.18677173480391504 0.4510840602219105 0.0017927665216848257 13.117510687559843 786.2874454818666
0.43191796261817211 0.18677173480391504 0.4510840602219105 0.0017927665216848257 25.04648801125586 145.65939325839281
0.20025928779505192 0.49591328948736191 0.19780092276632788 0.0096114316532388347 13.117510687559843 145.65939325839281
0.33734485763125116 0.39472071230411532 0.25075283274054527 0.013103286905214192 22.735973067581654 237.82050237059593
0.42981527908705169 0.39472071230411532 0.25075283274054527 0.013103286905214192 22.735973067581654 237.82050237059593
0.33734485763125116 0.10900266729295255 0.25075283274054527 0.013103286905214192 22.735973067581654 237.82050237059593
0.33734485763125116 0.39472071230411532 0.35561778210103512 0.013103286905214192 22.735973067581654 237.82050237059593
0.33734485763125116 0.39472071230411532 0.25075283274054527 0.019794750392436982 22.735973067581654 237.82050237059593
0.33734485763125116 0.39472071230411532 0.25075283274054527 0.013103286905214192 31.029377842321992 237.82050237059593
0.33734485763125116 0.39472071230411532 0.25075283274054527 0.013103286905214192 22.735973067581654 728.16140037029982
0.42981527908705169 0.10900266729295255 0.35561778210103512 0.019794750392436982 31.029377842321992 728.16140037029982
0.082747162785381079 0.27435732968151572 0.35850646384060381 0.0073399508705362677 12.484681636095047 486.55718043446541
0.21763121564872562 0.27435732968151572 0.35850646384060381 0.0073399508705362677 12.484681636095047 486.55718043446541
0.082747162785381079 0.28003120198845866 0.35850646384060381 0.0073399508705362677 12.484681636095047 486.55718043446541
0.082747162785381079 0.27435732968151572 0.40015371143817902 0.0073399508705362677 12.484681636095047 486.55718043446541
0.082747162785381079 0.27435732968151572 0.35850646384060381 0.01422642294932157 12.484681636095047 486.55718043446541
0.082747162785381079 0.27435732968151572 0.35850646384060381 0.0073399508705362677 28.645251795649529 486.55718043446541
0.082747162785381079 0.27435732968151572 0.35850646384060381 0.0073399508705362677 12.484681636095047 958.03829338401556
0.21763121564872562 0.28003120198845866 0.40015371143817902 0.01422642294932157 28.645251795649529 958.03829338401556
0.64831046895124012 0.45703774802386765 0.15895667411386968 0.018613839453831316 31.736551525071263 584.96535634621978
0.65110527654178441 0.45703774802386765 0.15895667411386968 0.018613839453831316 31.736551525071263 584.96535634621978
0.64831046895124012 0.31812053062021733 0.15895667411386968 0.018613839453831316 31.736551525071263 584.96535634621978
0.64831046895124012 0.45703774802386765 0.24545254632830621 0.018613839453831316 31.736551525071263 584.96535634621978
0.64831046895124012 0.45703774802386765 0.15895667411386968 0.0040419003240764143 31.736551525071263 584.96535634621978
0.64831046895124012 0.45703774802386765 0.15895667411386968 0.018613839453831316 19.13422024063766 584.96535634621978
0.64831046895124012 0.45703774802386765 0.15895667411386968 0.018613839453831316 31.736551525071263 361.06181237846613
0.65110527654178441 0.31812053062021733 0.24545254632830621 0.0040419003240764143 19.13422024063766 361.06181237846613
0.61788063147105277 0.24999617077410222 0.21046791262924672 0.016013502019271254 36.751178542152047 940.6256103888154
0.32034220281057058 0.24999617077410222 0.21046791262924672 0.016013502019271254 36.751178542152047 940.6256103888154
0.61788063147105277 0.21414675340056422 0.21046791262924672 0.016013502019271254 36.751178542152047 940.6256103888154
0.61788063147105277 0.24999617077410222 0.49263632521033285 0.016013502019271254 36.751178542152047 940.6256103888154
0.61788063147105277 0.24999617077410222 0.21046791262924672 0.016048142906278373 36.751178542152047 940.6256103888154
0.61788063147105277 0.24999617077410222 0.21046791262924672 0.016013502019271254 24.339133223518729 940.6256103888154
0.61788063147105277 0.24999617077410222 0.21046791262924672 0.016013502019271254 36.751178542152047 518.66131126880646
0.32034220281057058 0.21414675340056422 0.49263632521033285 0.016048142906278373 24.339133223518729 518.66131126880646
0.19450389547273517 0.43267201445996761 0.41011859811842444 0.0099617579935118578 11.002153746783733 139.03367565944791
0.5495832133572548 0.43267201445996761 0.41011859811842444 0.0099617579935118578 11.002153746783733 139.03367565944791
0.19450389547273517 0.37762060351669791 0.41011859811842444 0.0099617579935118578 11.002153746783733 139.03367565944791
0.19450389547273517 0.43267201445996761 0.25980433821678162 0.0099617579935118578 11.002153746783733 139.03367565944791
0.19450389547273517 0.43267201445996761 0.41011859811842444 0.0057740451918914916 11.002153746783733 139.03367565944791
0.19450389547273517 0.43267201445996761 0.41011859811842444 0.0099617579935118578 19.74910444766283 139.03367565944791
0.19450389547273517 0.43267201445996761 0.41011859811842444 0.0099617579935118578 11.002153746783733 807.58119188249111
0.5495832133572548 0.37762060351669791 0.25980433821678162 0.0057740451918914916 19.74910444766283 807.58119188249111
0.22558567444793876 0.11231244280934334 0.10539088621735573 0.010463296430185438 15.78088204562664 331.5598358400166
0.099052144819870597 0.11231244280934334 0.10539088621735573 0.010463296430185438 15.78088204562664 331.5598358400166
0.22558567444793876 0.4114741504192353 0.10539088621735573 0.010463296430185438 15.78088204562664 331.5598358400166
0.22558567444793876 0.11231244280934334 0.10902753435075284 0.010463296430185438 15.78088204562664 331.5598358400166
0.22558567444793876 0.11231244280934334 0.10539088621735573 0.00020578844845294954 15.78088204562664 331.5598358400166
0.22558567444793876 0.11231244280934334 0.10539088621735573 0.010463296430185438 9.9821227062493563 331.5598358400166
0.22558567444793876 0.11231244280934334 0.10539088621735573 0.010463296430185438 15.78088204562664 606.15887530148029
0.099052144819870597 0.4114741504192353 0.10902753435075284 0.00020578844845294954 9.9821227062493563 606.15887530148029
0.4623453496024012 0.32025684565305712 0.3058226339519024 0.0044493927007541057 28.46947275288403 683.0930033698678
0.53221137993969014 0.32025684565305712 0.3058226339519024 0.0044493927007541057 28.46947275288403 683.0930033698678
0.4623453496024012 0.19994804970920088 0.3058226339519024 0.0044493927007541057 28.46947275288403 683.0930033698678
0.4623453496024012 0.32025684565305712 0.33872558809816838 0.0044493927007541057 28.46947275288403 683.0930033698678
0.4623453496024012 0.32025684565305712 0.3058226339519024 0.010478691939450802 28.46947275288403 683.0930033698678
0.4623453496024012 0.32025684565305712 0.3058226339519024 0.0044493927007541057 37.973073694854975 683.0930033698678
0.4623453496024012 0.32025684565305712 0.3058226339519024 0.0044493927007541057 28.46947275288403 274.58458915352821
0.53221137993969014 0.19994804970920088 0.33872558809816838 0.010478691939450802 37.973073694854975 274.58458915352821
