0.48115487168543036 0.29687635675072671 0.1068729966878891 0.018549859159812332 10.652072496712208 346.56687742099166
0.15018035308457911 0.29687635675072671 0.1068729966878891 0.018549859159812332 10.652072496712208 346.56687742099166
0.48115487168543036 0.29660568125545983 0.1068729966878891 0.018549859159812332 10.652072496712208 346.56687742099166
0.48115487168543036 0.29687635675072671 0.2320317354053259 0.018549859159812332 10.652072496712208 346.56687742099166
0.48115487168543036 0.29687635675072671 0.1068729966878891 0.0031146732689812783 10.652072496712208 346.56687742099166
0.48115487168543036 0.29687635675072671 0.1068729966878891 0.018549859159812332 14.627741940319538 346.56687742099166
0.48115487168543036 0.29687635675072671 0.1068729966878891 0.018549859159812332 10.652072496712208 279.1694357059896
0.15018035308457911 0.29660568125545983 0.2320317354053259 0.0031146732689812783 14.627741940319538 279.1694357059896
0.24946340452879667 0.48295660167932508 0.3073049232363701 0.0075486674545332793 37.344561183825135 670.03029510378838
0.3999124689493328 0.48295660167932508 0.3073049232363701 0.0075486674545332793 37.344561183825135 670.03029510378838
0.24946340452879667 0.30851626917719843 0.3073049232363701 0.0075486674545332793 37.344561183825135 670.03029510378838
0.24946340452879667 0.48295660167932508 0.41494013108313088 0.0075486674545332793 37.344561183825135 670.03029510378838
0.24946340452879667 0.48295660167932508 0.3073049232363701 0.012679233304411175 37.344561183825135 670.03029510378838
0.24946340452879667 0.48295660167932508 0.3073049232363701 0.0075486674545332793 33.269318362697959 670.03029510378838
0.24946340452879667 0.48295660167932508 0.3073049232363701 0.0075486674545332793 37.344561183825135 594.48398975655437
0.3999124689493328 0.30851626917719843 0.41494013108313088 0.012679233304411175 33.269318362697959 594.48398975655437
0.18012715228833259 0.15955893434584142 0.20257712267339231 0.013002599279955031 26.934927107766271 918.75109449028969
0.28958600382320582 0.15955893434584142 0.20257712267339231 0.013002599279955031 26.934927107766271 918.75109449028969
0.18012715228833259 0.48052975945174692 0.20257712267339231 0.013002599279955031 26.934927107766271 918.75109449028969
0.18012715228833259 0.15955893434584142 0.36571386978030207 0.013002599279955031 26.934927107766271 918.75109449028969
0.18012715228833259 0.15955893434584142 0.20257712267339231 0.01824879295770079 26.934927107766271 918.75109449028969
0.18012715228833259 0.15955893434584142 0.20257712267339231 0.013002599279955031 27.10609582439065 918.75109449028969
0.18012715228833259 0.15955893434584142 0.20257712267339231 0.013002599279955031 26.934927107766271 810.51467610523105
0.28958600382320582 0.48052975945174692 0.36571386978030207 0.01824879295770079 27.10609582439065 810.51467610523105
0.58829927397891879 0.37037063203752041 0.40222760550677783 0.0020381904369220138 17.064802080392838 145.33963119611144
0.66166880647651849 0.37037063203752041 0.40222760550677783 0.0020381904369220138 17.064802080392838 145.33963119611144
0.58829927397891879 0.11744039356708527 0.40222760550677783 0.0020381904369220138 17.064802080392838 145.33963119611144
0.58829927397891879 0.37037063203752041 0.18594554960727694 0.0020381904369220138 17.064802080392838 145.33963119611144
0.58829927397891879 0.37037063203752041 0.40222760550677783 0.0086830101534724254 17.064802080392838 145.33963119611144
0.58829927397891879 0.37037063203752041 0.40222760550677783 0.0020381904369220138 16.924005972221494 145.33963119611144
0.58829927397891879 0.37037063203752041 0.40222760550677783 0.0020381904369220138 17.064802080392838 508.85064816102386
0.66166880647651849 0.11744039356708527 0.18594554960727694 0.0086830101534724254 16.924005972221494 508.85064816102386
0.61888784160837529 0.13510613031685353 0.35373913608491425 0.0043484123928472403 21.418421261012554 472.81952444463968
0.34993012663908296 0.13510613031685353 0.35373913608491425 0.0043484123928472403 21.418421261012554 472.81952444463968
0.61888784160837529 0.41521293781697755 0.35373913608491425 0.0043484123928472403 21.418421261012554 472.81952444463968
0.61888784160837529 0.13510613031685353 0.32713721394538881 0.0043484123928472403 21.418421261012554 472.81952444463968
0.61888784160837529 0.13510613031685353 0.35373913608491425 0.011407108755409718 21.418421261012554 472.81952444463968
0.61888784160837529 0.13510613031685353 0.35373913608491425 0.0043484123928472403 25.845793450251222 472.81952444463968
0.61888784160837529 0.13510613031685353 0.35373913608491425 0.0043484123928472403 21.418421261012554 357.07428874447942
0.34993012663908296 0.41521293781697755 0.32713721394538881 0.011407108755409718 25.845793450251222 357.07428874447942
0.068529149750247598 0.34590104036033154 0.15418916754424572 0.010709579510614277 26.549205223098397 599.40795050933957
0.59997706827707586 0.34590104036033154 0.15418916754424572 0.010709579510614277 26.549205223098397 599.40795050933957
0.068529149750247598 0.17673905044794083 0.15418916754424572 0.010709579510614277 26.549205223098397 599.40795050933957
0.068529149750247598 0.34590104036033154 0.11925028786063195 0.010709579510614277 26.549205223098397 599.40795050933957
0.068529149750247598 0.34590104036033154 0.15418916754424572 0.0017517511570826175 26.549205223098397 599.40795050933957
0.068529149750247598 0.34590104036033154 0.15418916754424572 0.010709579510614277 21.992730211466551 599.40795050933957
0.068529149750247598 0.34590104036033154 0.15418916754424572 0.010709579510614277 26.549205223098397 969.43171629682183
0.59997706827707586 0.17673905044794083 0.11925028786063195 0.0017517511570826175 21.992730211466551 969.43171629682183
0.36106393504887813 0.22252092286944392 0.46194268465042121 0.0098986935129389188 31.167673097923398 791.83926777914166
0.088173694675788283 0.22252092286944392 0.46194268465042121 0.0098986935129389188 31.167673097923398 791.83926777914166
0.36106393504887813 0.21234354414045811 0.46194268465042121 0.0098986935129389188 31.167673097923398 791.83926777914166
0.36106393504887813 0.22252092286944392 0.27471128441393378 0.0098986935129389188 31.167673097923398 791.83926777914166
0.36106393504887813 0.22252092286944392 0.46194268465042121 0.0073212304480373865 31.167673097923398 791.83926777914166
0.36106393504887813 0.22252092286944392 0.46194268465042121 0.0098986935129389188 8.4467089753597975 791.83926777914166
0.36106393504887813 0.22252092286944392 0.46194268465042121 0.0098986935129389188 31.167673097923398 725.60560638085008
0.088173694675788283 0.21234354414045811 0.27471128441393378 0.0073212304480373865 8.4467089753597975 725.60560638085008
0.45056883203797038 0.40858438014984133 0.26161165982484819 0.016221869272366168 12.861070439219475 215.30279610306025
0.46057147807441645 0.40858438014984133 0.26161165982484819 0.016221869272366168 12.861070439219475 215.30279610306025
0.45056883203797038 0.39886961057782178 0.26161165982484819 0.016221869272366168 12.861070439219475 215.30279610306025
0.45056883203797038 0.40858438014984133 0.4794886764138937 0.016221869272366168 12.861070439219475 215.30279610306025
0.45056883203797038 0.40858438014984133 0.26161165982484819 0.01697537494022399 12.861070439219475 215.30279610306025
0.45056883203797038 0.40858438014984133 0.26161165982484819 0.016221869272366168 35.759230956435204 215.30279610306025
0.45056883203797038 0.40858438014984133 0.26161165982484819 0.016221869272366168 12.861070439219475 154.96877329424024
0.46057147807441645 0.39886961057782178 0.4794886764138937 0.01697537494022399 35.759230956435204 154.96877329424024
0.3965758117847144 0.19961940683424473 0.48099614419043069 0.011525510098040105 34.428665462881327 182.66401970759034
0.31645972128026184 0.19961940683424473 0.48099614419043069 0.011525510098040105 34.428665462881327 182.66401970759034
0.3965758117847144 0.44460081346333025 0.48099614419043069 0.011525510098040105 34.428665462881327 182.66401970759034
0.3965758117847144 0.19961940683424473 0.31572941690683365 0.011525510098040105 34.428665462881327 182.66401970759034
0.3965758117847144 0.19961940683424473 0.48099614419043069 0.0093286747127771397 34.428665462881327 182.66401970759034
0.3965758117847144 0.19961940683424473 0.48099614419043069 0.011525510098040105 36.414409374818206 182.66401970759034
0.3965758117847144 0.19961940683424473 0.48099614419043069 0.011525510098040105 34.428665462881327 260.87596891447902
0.31645972128026184 0.44460081346333025 0.31572941690683365 0.0093286747127771397 36.414409374818206 260.87596891447902
0.33245626711286602 0.38255615793168551 0.27986250706017018 0.0026886682907119397 9.5600201766937971 956.12744744867086
0.55347692067734899 0.38255615793168551 0.27986250706017018 0.0026886682907119397 9.5600201766937971 956.12744744867086
0.33245626711286602 0.15651827976107599 0.27986250706017018 0.0026886682907119397 9.5600201766937971 956.12744744867086
0.33245626711286602 0.38255615793168551 0.13612530902028086 0.0026886682907119397 9.5600201766937971 956.12744744867086
0.33245626711286602 0.38255615793168551 0.27986250706017018 0.018989918676950039 9.5600201766937971 956.12744744867086
0.33245626711286602 0.38255615793168551 0.27986250706017018 0.0026886682907119397 11.438305072486401 956.12744744867086
0.33245626711286602 0.38255615793168551 0.27986250706017018 0.0026886682907119397 9.5600201766937971 618.81736209616065
0.55347692067734899 0.15651827976107599 0.13612530902028086 0.018989918676950039 11.438305072486401 618.81736209616065
0.098087077401578432 0.26230313554406171 0.38451096341013913 0.017112046248465778 18.1606301125139 751.30687262862921
0.095318678626790637 0.26230313554406171 0.38451096341013913 0.017112046248465778 18.1606301125139 751.30687262862921
0.098087077401578432 0.22940227203071117 0.38451096341013913 0.017112046248465778 18.1606301125139 751.30687262862921
0.098087077401578432 0.26230313554406171 0.28222352750599389 0.017112046248465778 18.1606301125139 751.30687262862921
0.098087077401578432 0.26230313554406171 0.38451096341013913 0.014659076961129905 18.1606301125139 751.30687262862921
0.098087077401578432 0.26230313554406171 0.38451096341013913 0.017112046248465778 20.421581270173192 751.30687262862921
0.098087077401578432 0.26230313554406171 0.38451096341013913 0.017112046248465778 18.1606301125139 849.45987826213241
0.095318678626790637 0.22940227203071117 0.28222352750599389 0.014659076961129905 20.421581270173192 849.45987826213241
0.67383112157694991 0.46997132450342183 0.18572088256478311 0.0083145565377548344 29.854371335357428 427.89539927616715
0.53593609989620739 0.46997132450342183 0.18572088256478311 0.0083145565377548344 29.854371335357428 427.89539927616715
0.67383112157694991 0.3663197845220566 0.18572088256478311 0.0083145565377548344 29.854371335357428 427.89539927616715
0.67383112157694991 0.46997132450342183 0.46494365744292743 0.0083145565377548344 29.854371335357428 427.89539927616715
0.67383112157694991 0.46997132450342183 0.18572088256478311 0.0049966198908165099 29.854371335357428 427.89539927616715
0.67383112157694991 0.46997132450342183 0.18572088256478311 0.0083145565377548344 23.798549670726061 427.89539927616715
0.67383112157694991 0.46997132450342183 0.18572088256478311 0.0083145565377548344 29.854371335357428 477.9228906147182
0.53593609989620739 0.3663197845220566 0.46494365744292743 0.0049966198908165099 23.798549670726061 477.9228906147182
0.54192090961150818 0.23705038949847224 0.23411188945174219 0.0059659499311819674 23.662490595132113 309.76983048021793
0.19636559984646734 0.23705038949847224 0.23411188945174219 0.0059659499311819674 23.662490595132113 309.76983048021793
0.54192090961150818 0.26389633677899837 0.23411188945174219 0.0059659499311819674 23.662490595132113 309.76983048021793
0.54192090961150818 0.23705038949847224 0.22470184676349164 0.0059659499311819674 23.662490595132113 309.76983048021793
0.54192090961150818 0.23705038949847224 0.23411188945174219 0.015306161101348701 23.662490595132113 309.76983048021793
0.54192090961150818 0.23705038949847224 0.23411188945174219 0.0059659499311819674 17.696363564580679 309.76983048021793
0.54192090961150818 0.23705038949847224 0.23411188945174219 0.0059659499311819674 23.662490595132113 402.9418365098536
0.19636559984646734 0.26389633677899837 0.22470184676349164 0.015306161101348701 17.696363564580679 402.9418365098536
0.14898781571537256 0.44473841190338137 0.43299638107419014 0.019444017150998114 20.355323834344745 886.35825319215655
0.43369777998886994 0.44473841190338137 0.43299638107419014 0.019444017150998114 20.355323834344745 886.35825319215655
0.14898781571537256 0.32541712075471879 0.43299638107419014 0.019444017150998114 20.355323834344745 886.35825319215655
0.14898781571537256 0.44473841190338137 0.42930279560387141 0.019444017150998114 20.355323834344745 886.35825319215655
0.14898781571537256 0.44473841190338137 0.43299638107419014 0.0057474789492785935 20.355323834344745 886.35825319215655
0.14898781571537256 0.44473841190338137 0.43299638107419014 0.019444017150998114 30.214887300506234 886.35825319215655
0.14898781571537256 0.44473841190338137 0.43299638107419014 0.019444017150998114 20.355323834344745 917.30110319331288
0.43369777998886994 0.32541712075471879 0.42930279560387141 0.0057474789492785935 30.214887300506234 917.30110319331288
0.28155801803804931 0.1244647938758135 0.12512689568102361 0.00037760103661566978 13.927716484293342 625.29969466850162
0.21390647632069881 0.1244647938758135 0.12512689568102361 0.00037760103661566978 13.927716484293342 625.29969466850162
0.28155801803804931 0.46054018773138528 0.12512689568102361 0.00037760103661566978 13.927716484293342 625.29969466850162
0.28155801803804931 0.1244647938758135 0.37696375027298934 0.00037760103661566978 13.927716484293342 625.29969466850162
0.28155801803804931 0.1244647938758135 0.12512689568102361 0.0014167175957933071 13.927716484293342 625.29969466850162
0.28155801803804931 0.1244647938758135 0.12512689568102361 0.00037760103661566978 31.58096107840538 625.29969466850162
0.28155801803804931 0.1244647938758135 0.12512689568102361 0.00037760103661566978 13.927716484293342 714.4540105946362
0.21390647632069881 0.46054018773138528 0.37696375027298934 0.0014167175957933071 31.58096107840538 714.4540105946362
0.52848851298913357 0.30742137841880324 0.32635533101856706 0.013815107663720847 34.058163326233625 498.76322634518147
0.6548387233633548 0.30742137841880324 0.32635533101856706 0.013815107663720847 34.058163326233625 498.76322634518147
0.52848851298913357 0.14706092551350594 0.32635533101856706 0.013815107663720847 34.058163326233625 498.76322634518147
0.52848851298913357 0.30742137841880324 0.16922844499349593 0.013815107663720847 34.058163326233625 498.76322634518147
0.52848851298913357 0.30742137841880324 0.32635533101856706 0.010974176979064942 34.058163326233625 498.76322634518147
0.52848851298913357 0.30742137841880324 0.32635533101856706 0.013815107663720847 12.463331056758761 498.76322634518147
0.52848851298913357 0.30742137841880324 0.32635533101856706 0.013815107663720847 34.058163326233625 158.31921780481935
0.6548387233633548 0.14706092551350594 0.16922844499349593 0.010974176979064942 12.463331056758761 158.31921780481935
0.50049150949344035 0.10718225985765457 0.2895396824926138 0.0088840478932485003 16.397238422185183 856.20792219415307
0.38223991706036026 0.10718225985765457 0.2895396824926138 0.0088840478932485003 16.397238422185183 856.20792219415307
0.50049150949344035 0.46531234458088877 0.2895396824926138 0.0088840478932485003 16.397238422185183 856.20792219415307
0.50049150949344035 0.10718225985765457 0.13789138272404672 0.0088840478932485003 16.397238422185183 856.20792219415307
0.50049150949344035 0.10718225985765457 0.2895396824926138 0.0024076395092532043 16.397238422185183 856.20792219415307
0.50049150949344035 0.10718225985765457 0.2895396824926138 0.0088840478932485003 13.472835628315806 856.20792219415307
0.50049150949344035 0.10718225985765457 0.2895396824926138 0.0088840478932485003 16.397238422185183 335.29245322570205
0.38223991706036026 0.46531234458088877 0.13789138272404672 0.0024076395092532043 13.472835628315806 335.29245322570205
0.26881026686169207 0.32431090250611305 0.48987375907599928 0.015205939330533149 28.08377025835216 279.72625475376844
0.16269667162559925 0.32431090250611305 0.48987375907599928 0.015205939330533149 28.08377025835216 279.72625475376844
0.26881026686169207 0.12722376622259618 0.48987375907599928 0.015205939330533149 28.08377025835216 279.72625475376844
0.26881026686169207 0.32431090250611305 0.30829928070306778 0.015205939330533149 28.08377025835216 279.72625475376844
0.26881026686169207 0.32431090250611305 0.48987375907599928 0.011994117034599187 28.08377025835216 279.72625475376844
0.26881026686169207 0.32431090250611305 0.48987375907599928 0.015205939330533149 30.688930109143257 279.72625475376844
0.26881026686169207 0.32431090250611305 0.48987375907599928 0.015205939330533149 28.08377025835216 988.53263361379504
0.16269667162559925 0.12722376622259618 0.30829928070306778 0.011994117034599187 30.688930109143257 988.53263361379504
0.16143736187368629 0.24457187615334988 0.19461670517921448 0.0045699821559712292 36.195718815550208 528.36640011519194
0.68969969679601484 0.24457187615334988 0.19461670517921448 0.0045699821559712292 36.195718815550208 528.36640011519194
0.16143736187368629 0.26185854226350785 0.19461670517921448 0.0045699821559712292 36.195718815550208 528.36640011519194
0.16143736187368629 0.24457187615334988 0.46063549332320697 0.0045699821559712292 36.195718815550208 528.36640011519194
0.16143736187368629 0.24457187615334988 0.19461670517921448 0.016326162452064454 36.195718815550208 528.36640011519194
0.16143736187368629 0.24457187615334988 0.19461670517921448 0.0045699821559712292 29.235179835930467 528.36640011519194
0.16143736187368629 0.24457187615334988 0.19461670517921448 0.0045699821559712292 36.195718815550208 753.9316195063293
0.68969969679601484 0.26185854226350785 0.46063549332320697 0.016326162452064454 29.235179835930467 753.9316195063293
0.56958003523759537 0.43682258166372778 0.39416972547769547 0.010932434185966851 11.3196353726089 655.00983158126473
0.26655514468438923 0.43682258166372778 0.39416972547769547 0.010932434185966851 11.3196353726089 655.00983158126473
0.56958003523759537 0.34876991771161558 0.39416972547769547 0.010932434185966851 11.3196353726089 655.00983158126473
0.56958003523759537 0.43682258166372778 0.29336762912571435 0.010932434185966851 11.3196353726089 655.00983158126473
0.56958003523759537 0.43682258166372778 0.39416972547769547 0.0067384906295686964 11.3196353726089 655.00983158126473
0.56958003523759537 0.43682258166372778 0.39416972547769547 0.010932434185966851 18.559627395123243 655.00983158126473
0.56958003523759537 0.43682258166372778 0.39416972547769547 0.010932434185966851 11.3196353726089 115.16591301187873
0.26655514468438923 0.34876991771161558 0.29336762912571435 0.0067384906295686964 18.559627395123243 115.16591301187873
0.68141582305543125 0.27021057419478894 0.44890524446964264 0.013243807104602458 12.164496902376413 983.09400640428066
0.5871408704202622 0.27021057419478894 0.44890524446964264 0.013243807104602458 12.164496902376413 983.09400640428066
0.68141582305543125 0.24630979001522066 0.44890524446964264 0.013243807104602458 12.164496902376413 983.09400640428066
0.68141582305543125 0.27021057419478894 0.4462776858359575 0.013243807104602458 12.164496902376413 983.09400640428066
0.68141582305543125 0.27021057419478894 0.44890524446964264 0.013329766700044276 12.164496902376413 983.09400640428066
0.68141582305543125 0.27021057419478894 0.44890524446964264 0.013243807104602458 24.694486383348703 983.09400640428066
0.68141582305543125 0.27021057419478894 0.44890524446964264 0.013243807104602458 12.164496902376413 300.45014070346951
0.5871408704202622 0.24630979001522066 0.4462776858359575 0.013329766700044276 24.694486383348703 300.45014070346951
0.13108719941228628 0.46245670504868031 0.24925781339406969 0.0022806831737980249 32.287504581734538 209.73733393475413
0.36792252394370728 0.46245670504868031 0.24925781339406969 0.0022806831737980249 32.287504581734538 209.73733393475413
0.13108719941228628 0.35783664397895343 0.24925781339406969 0.0022806831737980249 32.287504581734538 209.73733393475413
0.13108719941228628 0.46245670504868031 0.20089101903140547 0.0022806831737980249 32.287504581734538 209.73733393475413
0.13108719941228628 0.46245670504868031 0.24925781339406969 0.0036963181829079987 32.287504581734538 209.73733393475413
0.13108719941228628 0.46245670504868031 0.24925781339406969 0.0022806831737980249 19.408628718927503 209.73733393475413
0.13108719941228628 0.46245670504868031 0.24925781339406969 0.0022806831737980249 32.287504581734538 575.78807258978486
0.36792252394370728 0.35783664397895343 0.20089101903140547 0.0036963181829079987 19.408628718927503 575.78807258978486
0.29915801757015287 0.18272301554679871 0.34148284457623956 0.017554851601645351 25.429372733458877 402.13949559256434
0.48328249179758126 0.18272301554679871 0.34148284457623956 0.017554851601645351 25.429372733458877 402.13949559256434
0.29915801757015287 0.43120890781283383 0.34148284457623956 0.017554851601645351 25.429372733458877 402.13949559256434
0.29915801757015287 0.18272301554679871 0.15478958934545517 0.017554851601645351 25.429372733458877 402.13949559256434
0.29915801757015287 0.18272301554679871 0.34148284457623956 0.0080282928269356495 25.429372733458877 402.13949559256434
0.29915801757015287 0.18272301554679871 0.34148284457623956 0.017554851601645351 10.572080530226231 402.13949559256434
0.29915801757015287 0.18272301554679871 0.34148284457623956 0.017554851601645351 25.429372733458877 781.71478370204568
0.48328249179758126 0.43120890781283383 0.15478958934545517 0.0080282928269356495 10.572080530226231 781.71478370204568
0.38865330992266528 0.39984708353877074 0.14105396978557111 0.0065523755742236973 22.114995803683996 725.65793208777905
0.060462683672085404 0.39984708353877074 0.14105396978557111 0.0065523755742236973 22.114995803683996 725.65793208777905
0.38865330992266528 0.16773580797016621 0.14105396978557111 0.0065523755742236973 22.114995803683996 725.65793208777905
0.38865330992266528 0.39984708353877074 0.39706666842103011 0.0065523755742236973 22.114995803683996 725.65793208777905
0.38865330992266528 0.39984708353877074 0.14105396978557111 0.017660537531785668 22.114995803683996 725.65793208777905
0.38865330992266528 0.39984708353877074 0.14105396978557111 0.0065523755742236973 37.398450842127204 725.65793208777905
0.38865330992266528 0.39984708353877074 0.14105396978557111 0.0065523755742236973 22.114995803683996 549.03125734999776
0.060462683672085404 0.16773580797016621 0.39706666842103011 0.017660537531785668 37.398450842127204 549.03125734999776
0.41781674283556636 0.20835652314126493 0.32342730984091761 0.0013919442372396591 28.690822415053844 573.62724980339408
0.57142902766354375 0.20835652314126493 0.32342730984091761 0.0013919442372396591 28.690822415053844 573.62724980339408
0.41781674283556636 0.21340627744793894 0.32342730984091761 0.0013919442372396591 28.690822415053844 573.62724980339408
0.41781674283556636 0.20835652314126493 0.41065101660788061 0.0013919442372396591 28.690822415053844 573.62724980339408
0.41781674283556636 0.20835652314126493 0.32342730984091761 0.0063206311244517564 28.690822415053844 573.62724980339408
0.41781674283556636 0.20835652314126493 0.32342730984091761 0.0013919442372396591 34.750412583351135 573.62724980339408
0.41781674283556636 0.20835652314126493 0.32342730984091761 0.0013919442372396591 28.690822415053844 429.9383188597858
0.57142902766354375 0.21340627744793894 0.41065101660788061 0.0063206311244517564 34.750412583351135 429.9383188597858
0.35370742995291943 0.42235424555838108 0.12219582274556161 0.014830735776573421 18.813488224521279 447.14557230472565
0.303663818584755 0.42235424555838108 0.12219582274556161 0.014830735776573421 18.813488224521279 447.14557230472565
0.35370742995291943 0.37532305158674717 0.12219582274556161 0.014830735776573421 18.813488224521279 447.14557230472565
0.35370742995291943 0.42235424555838108 0.24354741238057614 0.014830735776573421 18.813488224521279 447.14557230472565
0.35370742995291943 0.42235424555838108 0.12219582274556161 0.015965112294815481 18.813488224521279 447.14557230472565
0.35370742995291943 0.42235424555838108 0.12219582274556161 0.014830735776573421 9.3375959824770689 447.14557230472565
0.35370742995291943 0.42235424555838108 0.12219582274556161 0.014830735776573421 18.813488224521279 899.926673527807
0.303663818584755 0.37532305158674717 0.24354741238057614 0.015965112294815481 9.3375959824770689 899.926673527807
0.076223455229774112 0.14574727565050127 0.41756884194910526 0.0057440777489915495 8.9071630705147982 242.29584187269211
0.50818604319356375 0.14574727565050127 0.41756884194910526 0.0057440777489915495 8.9071630705147982 242.29584187269211
0.076223455229774112 0.41063454300165181 0.41756884194910526 0.0057440777489915495 8.9071630705147982 242.29584187269211
0.076223455229774112 0.14574727565050127 0.18808315098285677 0.0057440777489915495 8.9071630705147982 242.29584187269211
0.076223455229774112 0.14574727565050127 0.41756884194910526 0.01039676593206823 8.9071630705147982 242.29584187269211
0.076223455229774112 0.14574727565050127 0.41756884194910526 0.0057440777489915495 22.97175058349967 242.29584187269211
0.076223455229774112 0.14574727565050127 0.41756884194910526 0.0057440777489915495 8.9071630705147982 680.81636866554618
0.50818604319356375 0.41063454300165181 0.18808315098285677 0.01039676593206823 22.97175058349967 680.81636866554618
0.65193805834278462 0.33486707583069802 0.2186812985688448 0.019220860646665096 35.592213377356529 818.93928339704871
0.11806875257752836 0.33486707583069802 0.2186812985688448 0.019220860646665096 35.592213377356529 818.93928339704871
0.65193805834278462 0.19755127094686031 0.2186812985688448 0.019220860646665096 35.592213377356529 818.93928339704871
0.65193805834278462 0.33486707583069802 0.35830283090472226 0.019220860646665096 35.592213377356529 818.93928339704871
0.65193805834278462 0.33486707583069802 0.2186812985688448 0.00075108094941824682 35.592213377356529 818.93928339704871
0.65193805834278462 0.33486707583069802 0.2186812985688448 0.019220860646665096 24.983674475923181 818.93928339704871
0.65193805834278462 0.33486707583069802 0.2186812985688448 0.019220860646665096 35.592213377356529 196.29860846325755
0.11806875257752836 0.19755127094686031 0.35830283090472226 0.00075108094941824682 24.983674475923181 196.29860846325755
0.60127506656572216 0.17059823870658875 0.1640432421118021 0.016871140252798796 32.923740513622761 699.6601702645421
0.44617379852570588 0.17059823870658875 0.1640432421118021 0.016871140252798796 32.923740513622761 699.6601702645421
0.60127506656572216 0.49528730213642125 0.1640432421118021 0.016871140252798796 32.923740513622761 699.6601702645421
0.60127506656572216 0.17059823870658875 0.10478012785315514 0.016871140252798796 32.923740513622761 699.6601702645421
0.60127506656572216 0.17059823870658875 0.1640432421118021 0.019568425808660687 32.923740513622761 699.6601702645421
0.60127506656572216 0.17059823870658875 0.1640432421118021 0.016871140252798796 16.0287563521415 699.6601702645421
0.60127506656572216 0.17059823870658875 0.1640432421118021 0.016871140252798796 32.923740513622761 234.25702089443803
0.44617379852570588 0.49528730213642125 0.10478012785315514 0.019568425808660687 16.0287563521415 234.25702089443803
0.20837203362025319 0.35972567126154897 0.36283027119934563 0.0080723662199452539 14.609698915854096 376.30350114777684
0.17873333343304693 0.35972567126154897 0.36283027119934563 0.0080723662199452539 14.609698915854096 376.30350114777684
0.20837203362025319 0.10680730156600476 0.36283027119934563 0.0080723662199452539 14.609698915854096 376.30350114777684
0.20837203362025319 0.35972567126154897 0.34688081145286564 0.0080723662199452539 14.609698915854096 376.30350114777684
0.20837203362025319 0.35972567126154897 0.36283027119934563 0.0099929892715066686 14.609698915854096 376.30350114777684
0.20837203362025319 0.35972567126154897 0.36283027119934563 0.0080723662199452539 28.117903519421816 376.30350114777684
0.20837203362025319 0.35972567126154897 0.36283027119934563 0.0080723662199452539 14.609698915854096 635.71812706068158
0.17873333343304693 0.10680730156600476 0.34688081145286564 0.0099929892715066686 28.117903519421816 635.71812706068158
0.22155640106648206 0.28311030678451066 0.27068458721041677 0.012520819485187532 19.673340620473027 115.16428859904408
0.63176880883984265 0.28311030678451066 0.27068458721041677 0.012520819485187532 19.673340620473027 115.16428859904408
0.22155640106648206 0.27911372706294058 0.27068458721041677 0.012520819485187532 19.673340620473027 115.16428859904408
0.22155640106648206 0.28311030678451066 0.49610419832170016 0.012520819485187532 19.673340620473027 115.16428859904408
0.22155640106648206 0.28311030678451066 0.27068458721041677 0.0044247136821970344 19.673340620473027 115.16428859904408
0.22155640106648206 0.28311030678451066 0.27068458721041677 0.012520819485187532 34.134856706485152 115.16428859904408
0.22155640106648206 0.28311030678451066 0.27068458721041677 0.012520819485187532 19.673340620473027 883.50273491814733
0.63176880883984265 0.27911372706294058 0.49610419832170016 0.0044247136821970344 34.134856706485152 883.50273491814733
0.46847728411667044 0.49711566157639031 0.47181517258286476 0.0036852625900879506 24.79691419005394 888.68272174149752
0.24197641718201335 0.49711566157639031 0.47181517258286476 0.0036852625900879506 24.79691419005394 888.68272174149752
0.46847728411667044 0.31563377268612386 0.47181517258286476 0.0036852625900879506 24.79691419005394 888.68272174149752
0.46847728411667044 0.49711566157639031 0.25086920000612734 0.0036852625900879506 24.79691419005394 888.68272174149752
0.46847728411667044 0.49711566157639031 0.47181517258286476 0.013998955922201278 24.79691419005394 888.68272174149752
0.46847728411667044 0.49711566157639031 0.47181517258286476 0.0036852625900879506 13.644844435155392 888.68272174149752
0.46847728411667044 0.49711566157639031 0.47181517258286476 0.0036852625900879506 24.79691419005394 439.44215485826135
0.24197641718201335 0.31563377268612386 0.25086920000612734 0.013998955922201278 13.644844435155392 439.44215485826135
