0.4578513246495276 0.2609035436064005 0.49511069022119047 0.0078736380398273468 27.059207793325186 149.02628473937511
0.19272471251897511 0.2609035436064005 0.49511069022119047 0.0078736380398273468 27.059207793325186 149.02628473937511
0.4578513246495276 0.32986290231347082 0.49511069022119047 0.0078736380398273468 27.059207793325186 149.02628473937511
0.4578513246495276 0.2609035436064005 0.3335045613348484 0.0078736380398273468 27.059207793325186 149.02628473937511
0.4578513246495276 0.2609035436064005 0.49511069022119047 0.019778596862405538 27.059207793325186 149.02628473937511
0.4578513246495276 0.2609035436064005 0.49511069022119047 0.0078736380398273468 29.133938487619162 149.02628473937511
0.4578513246495276 0.2609035436064005 0.49511069022119047 0.0078736380398273468 27.059207793325186 544.40461108461022
0.19272471251897511 0.32986290231347082 0.3335045613348484 0.019778596862405538 29.133938487619162 544.40461108461022
0.2325016223825514 0.47176387868821623 0.29387311153113843 0.016400345074571668 17.189548408612609 922.54431722685695
0.43226051810197524 0.47176387868821623 0.29387311153113843 0.016400345074571668 17.189548408612609 922.54431722685695
0.2325016223825514 0.26833603717386723 0.29387311153113843 0.016400345074571668 17.189548408612609 922.54431722685695
0.2325016223825514 0.47176387868821623 0.11327357143163681 0.016400345074571668 17.189548408612609 922.54431722685695
0.2325016223825514 0.47176387868821623 0.29387311153113843 0.0096230733858421458 17.189548408612609 922.54431722685695
0.2325016223825514 0.47176387868821623 0.29387311153113843 0.016400345074571668 18.719405272975564 922.54431722685695
0.2325016223825514 0.47176387868821623 0.29387311153113843 0.016400345074571668 17.189548408612609 775.78361155465245
0.43226051810197524 0.26833603717386723 0.11327357143163681 0.0096230733858421458 18.719405272975564 775.78361155465245
0.19772624014876783 0.19826941266655923 0.38925021290779116 0.0035987711243331438 10.527329800650477 673.70847789570689
0.2153430359903723 0.19826941266655923 0.38925021290779116 0.0035987711243331438 10.527329800650477 673.70847789570689
0.19772624014876783 0.14574351161718369 0.38925021290779116 0.0035987711243331438 10.527329800650477 673.70847789570689
0.19772624014876783 0.19826941266655923 0.26874981038272383 0.0035987711243331438 10.527329800650477 673.70847789570689
0.19772624014876783 0.19826941266655923 0.38925021290779116 0.0040550337940454487 10.527329800650477 673.70847789570689
0.19772624014876783 0.19826941266655923 0.38925021290779116 0.0035987711243331438 13.603330880403519 673.70847789570689
0.19772624014876783 0.19826941266655923 0.38925021290779116 0.0035987711243331438 10.527329800650477 572.90905313566327
0.2153430359903723 0.14574351161718369 0.26874981038272383 0.0040550337940454487 13.603330880403519 572.90905313566327
0.61224012188613408 0.38430063873529441 0.19035657793283464 0.012087636387534441 37.220284018665552 350.35140477120876
0.65848030322231343 0.38430063873529441 0.19035657793283464 0.012087636387534441 37.220284018665552 350.35140477120876
0.61224012188613408 0.45921660028398037 0.19035657793283464 0.012087636387534441 37.220284018665552 350.35140477120876
0.61224012188613408 0.38430063873529441 0.48584076948463917 0.012087636387534441 37.220284018665552 350.35140477120876
0.61224012188613408 0.38430063873529441 0.19035657793283464 0.014209344164468349 37.220284018665552 350.35140477120876
0.61224012188613408 0.38430063873529441 0.19035657793283464 0.012087636387534441 30.61697138659656 350.35140477120876
0.61224012188613408 0.38430063873529441 0.19035657793283464 0.012087636387534441 37.220284018665552 299.80945819988847
0.65848030322231343 0.45921660028398037 0.48584076948463917 0.014209344164468349 30.61697138659656 299.80945819988847
0.64258904457092281 0.12273938581347466 0.24197014868259431 0.014727344358898701 31.262660931795835 218.98773470893502
0.31758198305033142 0.12273938581347466 0.24197014868259431 0.014727344358898701 31.262660931795835 218.98773470893502
0.64258904457092281 0.16164016127586367 0.24197014868259431 0.014727344358898701 31.262660931795835 218.98773470893502
0.64258904457092281 0.12273938581347466 0.22607036121189594 0.014727344358898701 31.262660931795835 218.98773470893502
0.64258904457092281 0.12273938581347466 0.24197014868259431 0.0058007920930162075 31.262660931795835 218.98773470893502
0.64258904457092281 0.12273938581347466 0.24197014868259431 0.014727344358898701 10.410565530881286 218.98773470893502
0.64258904457092281 0.12273938581347466 0.24197014868259431 0.014727344358898701 31.262660931795835 119.35836998745799
0.31758198305033142 0.16164016127586367 0.22607036121189594 0.0058007920930162075 10.410565530881286 119.35836998745799
0.085886733001098031 0.30875382423400877 0.4407632693648339 0.00094186096638441096 12.956508716568351 795.63077222555876
0.55743276937864716 0.30875382423400877 0.4407632693648339 0.00094186096638441096 12.956508716568351 795.63077222555876
0.085886733001098031 0.44972872845828538 0.4407632693648339 0.00094186096638441096 12.956508716568351 795.63077222555876
0.085886733001098031 0.30875382423400877 0.42129213623702533 0.00094186096638441096 12.956508716568351 795.63077222555876
0.085886733001098031 0.30875382423400877 0.4407632693648339 0.016025341320037842 12.956508716568351 795.63077222555876
0.085886733001098031 0.30875382423400877 0.4407632693648339 0.00094186096638441096 37.501429311931133 795.63077222555876
0.085886733001098031 0.30875382423400877 0.4407632693648339 0.00094186096638441096 12.956508716568351 760.28024395927787
0.55743276937864716 0.44972872845828538 0.42129213623702533 0.016025341320037842 37.501429311931133 760.28024395927787
0.34433858217671509 0.23527538366615774 0.14861024878919127 0.019000398530252278 21.322979463264346 603.08784823864698
0.091362292366102327 0.23527538366615774 0.14861024878919127 0.019000398530252278 21.322979463264346 603.08784823864698
0.34433858217671509 0.36431424245238309 0.14861024878919127 0.019000398530252278 21.322979463264346 603.08784823864698
0.34433858217671509 0.23527538366615774 0.3720811143517494 0.019000398530252278 21.322979463264346 603.08784823864698
0.34433858217671509 0.23527538366615774 0.14861024878919127 0.010457382090575994 21.322979463264346 603.08784823864698
0.34433858217671509 0.23527538366615774 0.14861024878919127 0.019000398530252278 24.768153728917241 603.08784823864698
0.34433858217671509 0.23527538366615774 0.14861024878919127 0.019000398530252278 21.322979463264346 990.95022594556212
0.091362292366102327 0.36431424245238309 0.3720811143517494 0.010457382090575994 24.768153728917241 990.95022594556212
0.4274998546112328 0.44611893109977252 0.34974692575633526 0.0052515484131872656 26.454213757067919 476.60577008500695
0.53481438537128267 0.44611893109977252 0.34974692575633526 0.0052515484131872656 26.454213757067919 476.60577008500695
0.4274998546112328 0.22740285582840444 0.34974692575633526 0.0052515484131872656 26.454213757067919 476.60577008500695
0.4274998546112328 0.44611893109977252 0.17996892407536508 0.0052515484131872656 26.454213757067919 476.60577008500695
0.4274998546112328 0.44611893109977252 0.34974692575633526 0.00023161009475588799 26.454213757067919 476.60577008500695
0.4274998546112328 0.44611893109977252 0.34974692575633526 0.0052515484131872656 19.276424843817949 476.60577008500695
0.4274998546112328 0.44611893109977252 0.34974692575633526 0.0052515484131872656 26.454213757067919 336.37782586738467
0.53481438537128267 0.22740285582840444 0.17996892407536508 0.00023161009475588799 19.276424843817949 336.37782586738467
0.37770932354032988 0.16130342260003092 0.11786245331168176 0.002373049203678966 18.021703839302063 424.54849947243929
0.35392618575133378 0.16130342260003092 0.11786245331168176 0.002373049203678966 18.021703839302063 424.54849947243929
0.37770932354032988 0.17854019775986674 0.11786245331168176 0.002373049203678966 18.021703839302063 424.54849947243929
0.37770932354032988 0.16130342260003092 0.218557283654809 0.002373049203678966 18.021703839302063 424.54849947243929
0.37770932354032988 0.16130342260003092 0.11786245331168176 0.013699683212675156 18.021703839302063 424.54849947243929
0.37770932354032988 0.16130342260003092 0.11786245331168176 0.002373049203678966 22.839538717642426 424.54849947243929
0.37770932354032988 0.16130342260003092 0.11786245331168176 0.002373049203678966 18.021703839302063 442.28717060759664
0.35392618575133378 0.17854019775986674 0.218557283654809 0.013699683212675156 22.839538717642426 442.28717060759664
0.30978770121000704 0.36902063041925437 0.31819041445851326 0.013685575105063619 29.714980872347951 748.06653531268239
0.6010591099504381 0.36902063041925437 0.31819041445851326 0.013685575105063619 29.714980872347951 748.06653531268239
0.30978770121000704 0.41702021099627018 0.31819041445851326 0.013685575105063619 29.714980872347951 748.06653531268239
0.30978770121000704 0.36902063041925437 0.43583798967301846 0.013685575105063619 29.714980872347951 748.06653531268239
0.30978770121000704 0.36902063041925437 0.31819041445851326 0.0034861465021967892 29.714980872347951 748.06653531268239
0.30978770121000704 0.36902063041925437 0.31819041445851326 0.013685575105063619 25.057349812239408 748.06653531268239
0.30978770121000704 0.36902063041925437 0.31819041445851326 0.013685575105063619 29.714980872347951 884.16411736980081
0.6010591099504381 0.41702021099627018 0.43583798967301846 0.0034861465021967892 25.057349812239408 884.16411736980081
0.1201233790256083 0.29866890348494057 0.22294148541986944 0.0067645361397415402 34.568059558048844 952.77550341561437
0.087091105757281184 0.29866890348494057 0.22294148541986944 0.0067645361397415402 34.568059558048844 952.77550341561437
0.1201233790256083 0.39393405169248585 0.22294148541986944 0.0067645361397415402 34.568059558048844 952.77550341561437
0.1201233790256083 0.29866890348494057 0.38348979353904722 0.0067645361397415402 34.568059558048844 952.77550341561437
0.1201233790256083 0.29866890348494057 0.22294148541986944 0.0078179040314629682 34.568059558048844 952.77550341561437
0.1201233790256083 0.29866890348494057 0.22294148541986944 0.0067645361397415402 34.853370545431972 952.77550341561437
0.1201233790256083 0.29866890348494057 0.22294148541986944 0.0067645361397415402 34.568059558048844 640.31054163351655
0.087091105757281184 0.39393405169248585 0.38348979353904722 0.0078179040314629682 34.853370545431972 640.31054163351655
0.692065340699628 0.48155701719224453 0.42248839028179652 0.018036351271532476 9.698949970304966 179.41842693835497
0.45657595652155569 0.48155701719224453 0.42248839028179652 0.018036351271532476 9.698949970304966 179.41842693835497
0.692065340699628 0.20741401873528958 0.42248839028179652 0.018036351271532476 9.698949970304966 179.41842693835497
0.692065340699628 0.48155701719224453 0.16309302076697352 0.018036351271532476 9.698949970304966 179.41842693835497
0.692065340699628 0.48155701719224453 0.42248839028179652 0.018030217973142863 9.698949970304966 179.41842693835497
0.692065340699628 0.48155701719224453 0.42248839028179652 0.018036351271532476 9.176101490855217 179.41842693835497
0.692065340699628 0.48155701719224453 0.42248839028179652 0.018036351271532476 9.698949970304966 240.20912097766995
0.45657595652155569 0.20741401873528958 0.16309302076697352 0.018030217973142863 9.176101490855217 240.20912097766995
0.55991304297931488 0.22390143461525441 0.37097228206694133 0.015435037687234582 13.818076804280281 495.41804483160377
0.14878346626646816 0.22390143461525441 0.37097228206694133 0.015435037687234582 13.818076804280281 495.41804483160377
0.55991304297931488 0.30964139699935911 0.37097228206694133 0.015435037687234582 13.818076804280281 495.41804483160377
0.55991304297931488 0.22390143461525441 0.32225537225604062 0.015435037687234582 13.818076804280281 495.41804483160377
0.55991304297931488 0.22390143461525441 0.37097228206694133 0.0023474098570644857 13.818076804280281 495.41804483160377
0.55991304297931488 0.22390143461525441 0.37097228206694133 0.015435037687234582 34.062905974686146 495.41804483160377
0.55991304297931488 0.22390143461525441 0.37097228206694133 0.015435037687234582 13.818076804280281 193.90194406732917
0.14878346626646816 0.30964139699935911 0.32225537225604062 0.0023474098570644857 34.062905974686146 193.90194406732917
0.17078513102605936 0.40680938176810744 0.17133096642792225 0.0093824854280799633 33.948072867467999 622.0610722899437
0.39623121623881158 0.40680938176810744 0.17133096642792225 0.0093824854280799633 33.948072867467999 622.0610722899437
0.17078513102605936 0.29772463552653794 0.17133096642792225 0.0093824854280799633 33.948072867467999 622.0610722899437
0.17078513102605936 0.40680938176810744 0.12998998463153841 0.0093824854280799633 33.948072867467999 622.0610722899437
0.17078513102605936 0.40680938176810744 0.17133096642792225 0.012513956693001094 33.948072867467999 622.0610722899437
0.17078513102605936 0.40680938176810744 0.17133096642792225 0.0093824854280799633 13.775331696495414 622.0610722899437
0.17078513102605936 0.40680938176810744 0.17133096642792225 0.0093824854280799633 33.948072867467999 679.69676433131099
0.39623121623881158 0.29772463552653794 0.12998998463153841 0.012513956693001094 13.775331696495414 679.69676433131099
0.259123440599069 0.13643858358263972 0.46355112716555602 0.011046571991406382 23.772577533498406 883.00459086894989
0.29326656400226053 0.13643858358263972 0.46355112716555602 0.011046571991406382 23.772577533498406 883.00459086894989
0.259123440599069 0.11319285854697228 0.46355112716555602 0.011046571991406382 23.772577533498406 883.00459086894989
0.259123440599069 0.13643858358263972 0.27607905529439447 0.011046571991406382 23.772577533498406 883.00459086894989
0.259123440599069 0.13643858358263972 0.46355112716555602 0.016845633859932423 23.772577533498406 883.00459086894989
0.259123440599069 0.13643858358263972 0.46355112716555602 0.011046571991406382 16.188554737716913 883.00459086894989
0.259123440599069 0.13643858358263972 0.46355112716555602 0.011046571991406382 23.772577533498406 895.75491650030017
0.29326656400226053 0.11319285854697228 0.27607905529439447 0.016845633859932423 16.188554737716913 895.75491650030017
0.50985911265015593 0.34417562484741215 0.26312836781144144 0.0050335220057517293 20.464959882199764 306.52252277359366
0.66306639551185065 0.34417562484741215 0.26312836781144144 0.0050335220057517293 20.464959882199764 306.52252277359366
0.50985911265015593 0.47627614326775081 0.26312836781144144 0.0050335220057517293 20.464959882199764 306.52252277359366
0.50985911265015593 0.34417562484741215 0.47147874869406226 0.0050335220057517293 20.464959882199764 306.52252277359366
0.50985911265015593 0.34417562484741215 0.26312836781144144 0.006677873917855323 20.464959882199764 306.52252277359366
0.50985911265015593 0.34417562484741215 0.26312836781144144 0.0050335220057517293 28.016641663387418 306.52252277359366
0.50985911265015593 0.34417562484741215 0.26312836781144144 0.0050335220057517293 20.464959882199764 423.55569070205092
0.66306639551185065 0.47627614326775081 0.47147874869406226 0.006677873917855323 28.016641663387418 423.55569070205092
0.51721569523215294 0.14435374699532988 0.30306900441646578 0.01986028170902282 36.554839864373207 651.22436378151178
0.4501748409587889 0.14435374699532988 0.30306900441646578 0.01986028170902282 36.554839864373207 651.22436378151178
0.51721569523215294 0.11095975227653981 0.30306900441646578 0.01986028170902282 36.554839864373207 651.22436378151178
0.51721569523215294 0.14435374699532988 0.44014531932771206 0.01986028170902282 36.554839864373207 651.22436378151178
0.51721569523215294 0.14435374699532988 0.30306900441646578 0.015361636098846795 36.554839864373207 651.22436378151178
0.51721569523215294 0.14435374699532988 0.30306900441646578 0.01986028170902282 27.033286841586232 651.22436378151178
0.51721569523215294 0.14435374699532988 0.30306900441646578 0.01986028170902282 36.554839864373207 150.8022733964026
0.4501748409587889 0.11095975227653981 0.44014531932771206 0.015361636098846795 27.033286841586232 150.8022733964026
0.29187560728751122 0.336653471365571 0.10192927569150925 0.0061128657959401613 11.678291337564588 524.68744115903974
0.17981044021435083 0.336653471365571 0.10192927569150925 0.0061128657959401613 11.678291337564588 524.68744115903974
0.29187560728751122 0.49943362697958948 0.10192927569150925 0.0061128657959401613 11.678291337564588 524.68744115903974
0.29187560728751122 0.336653471365571 0.2074140165001154 0.0061128657959401613 11.678291337564588 524.68744115903974
0.29187560728751122 0.336653471365571 0.10192927569150925 0.0052228847099468111 11.678291337564588 524.68744115903974
0.29187560728751122 0.336653471365571 0.10192927569150925 0.0061128657959401613 17.055465925484896 524.68744115903974
0.29187560728751122 0.336653471365571 0.10192927569150925 0.0061128657959401613 11.678291337564588 719.2280207760632
0.17981044021435083 0.49943362697958948 0.2074140165001154 0.0052228847099468111 17.055465925484896 719.2280207760632
0.13773483680561183 0.207012577354908 0.40658563040196893 0.014351162036694587 16.038586089387536 275.93574272468686
0.63069116449914864 0.207012577354908 0.40658563040196893 0.014351162036694587 16.038586089387536 275.93574272468686
0.13773483680561183 0.31460886709392072 0.40658563040196893 0.014351162036694587 16.038586089387536 275.93574272468686
0.13773483680561183 0.207012577354908 0.16132782921195032 0.014351162036694587 16.038586089387536 275.93574272468686
0.13773483680561183 0.207012577354908 0.40658563040196893 0.00089234047122299675 16.038586089387536 275.93574272468686
0.13773483680561183 0.207012577354908 0.40658563040196893 0.014351162036694587 14.788513129577041 275.93574272468686
0.13773483680561183 0.207012577354908 0.40658563040196893 0.014351162036694587 16.038586089387536 967.04009445384145
0.63069116449914864 0.31460886709392072 0.16132782921195032 0.00089234047122299675 14.788513129577041 967.04009445384145
0.5522186600137502 0.4240925826132298 0.20778945796191695 0.00056424385011196137 27.724652729928493 852.52370778471231
0.23797592199407513 0.4240925826132298 0.20778945796191695 0.00056424385011196137 27.724652729928493 852.52370778471231
0.5522186600137502 0.27808278799057007 0.20778945796191695 0.00056424385011196137 27.724652729928493 852.52370778471231
0.5522186600137502 0.4240925826132298 0.39091904759407048 0.00056424385011196137 27.724652729928493 852.52370778471231
0.5522186600137502 0.4240925826132298 0.20778945796191695 0.011029888047836722 27.724652729928493 852.52370778471231
0.5522186600137502 0.4240925826132298 0.20778945796191695 0.00056424385011196137 33.167198143899441 852.52370778471231
0.5522186600137502 0.4240925826132298 0.20778945796191695 0.00056424385011196137 27.724652729928493 355.95994153991342
0.23797592199407513 0.27808278799057007 0.39091904759407048 0.011029888047836722 33.167198143899441 355.95994153991342
0.66382038188166914 0.28137883543968201 0.16242904029786587 0.0032029507406055929 25.75918573141098 721.87418257817626
0.57002719626761966 0.28137883543968201 0.16242904029786587 0.0032029507406055929 25.75918573141098 721.87418257817626
0.66382038188166914 0.38034683428704741 0.16242904029786587 0.0032029507406055929 25.75918573141098 721.87418257817626
0.66382038188166914 0.28137883543968201 0.14442953169345857 0.0032029507406055929 25.75918573141098 721.87418257817626
0.66382038188166914 0.28137883543968201 0.16242904029786587 0.0089635134449228653 25.75918573141098 721.87418257817626
0.66382038188166914 0.28137883543968201 0.16242904029786587 0.0032029507406055929 8.3135243058204651 721.87418257817626
0.66382038188166914 0.28137883543968201 0.16242904029786587 0.0032029507406055929 25.75918573141098 513.44831986352801
0.57002719626761966 0.38034683428704741 0.14442953169345857 0.0089635134449228653 8.3135243058204651 513.44831986352801
0.10714750895276665 0.49845426604151732 0.3613196235150099 0.011690381209738554 22.444358916953206 398.46225157380104
0.29998753950931129 0.49845426604151732 0.3613196235150099 0.011690381209738554 22.444358916953206 398.46225157380104
0.10714750895276665 0.21843623369932175 0.3613196235150099 0.011690381209738554 22.444358916953206 398.46225157380104
0.10714750895276665 0.49845426604151732 0.30215176269412042 0.011690381209738554 22.444358916953206 398.46225157380104
0.10714750895276665 0.49845426604151732 0.3613196235150099 0.019204845528677107 22.444358916953206 398.46225157380104
0.10714750895276665 0.49845426604151732 0.3613196235150099 0.011690381209738554 35.833764655515552 398.46225157380104
0.10714750895276665 0.49845426604151732 0.3613196235150099 0.011690381209738554 22.444358916953206 816.47181874141097
0.29998753950931129 0.21843623369932175 0.30215176269412042 0.019204845528677107 35.833764655515552 816.47181874141097
0.32246536626480515 0.16881718449294569 0.2534450888633728 0.0087138831570744528 11.835130268707871 205.94510361552238
0.51186162005178626 0.16881718449294569 0.2534450888633728 0.0087138831570744528 11.835130268707871 205.94510361552238
0.32246536626480515 0.19564302898943425 0.2534450888633728 0.0087138831570744528 11.835130268707871 205.94510361552238
0.32246536626480515 0.16881718449294569 0.45450321473181254 0.0087138831570744528 11.835130268707871 205.94510361552238
0.32246536626480515 0.16881718449294569 0.2534450888633728 0.014874372063390913 11.835130268707871 205.94510361552238
0.32246536626480515 0.16881718449294569 0.2534450888633728 0.0087138831570744528 25.949609663337469 205.94510361552238
0.32246536626480515 0.16881718449294569 0.2534450888633728 0.0087138831570744528 11.835130268707871 597.33404805883765
0.51186162005178626 0.19564302898943425 0.45450321473181254 0.014874372063390913 25.949609663337469 597.33404805883765
0.40561640448868269 0.3611123342067003 0.45467961579561234 0.017242024395801126 31.957687951624393 979.40807705745101
0.11947127650491893 0.3611123342067003 0.45467961579561234 0.017242024395801126 31.957687951624393 979.40807705745101
0.40561640448868269 0.40873238220810892 0.45467961579561234 0.017242024395801126 31.957687951624393 979.40807705745101
0.40561640448868269 0.3611123342067003 0.29989052675664429 0.017242024395801126 31.957687951624393 979.40807705745101
0.40561640448868269 0.3611123342067003 0.45467961579561234 0.0046318456824868915 31.957687951624393 979.40807705745101
0.40561640448868269 0.3611123342067003 0.45467961579561234 0.017242024395801126 21.830263027921319 979.40807705745101
0.40561640448868269 0.3611123342067003 0.45467961579561234 0.017242024395801126 31.957687951624393 279.83607528731227
0.11947127650491893 0.40873238220810892 0.29989052675664429 0.0046318456824868915 21.830263027921319 279.83607528731227
0.44024752830155189 0.24631020575761797 0.28480628766119481 0.01018699123170227 8.5333973281085491 822.18565233051777
0.58350496641360217 0.24631020575761797 0.28480628766119481 0.01018699123170227 8.5333973281085491 822.18565233051777
0.44024752830155189 0.35993116088211541 0.28480628766119481 0.01018699123170227 8.5333973281085491 822.18565233051777
0.44024752830155189 0.24631020575761797 0.11113527864217759 0.01018699123170227 8.5333973281085491 822.18565233051777
0.44024752830155189 0.24631020575761797 0.28480628766119481 0.011931702441535892 8.5333973281085491 822.18565233051777
0.44024752830155189 0.24631020575761797 0.28480628766119481 0.01018699123170227 20.259093467146158 822.18565233051777
0.44024752830155189 0.24631020575761797 0.28480628766119481 0.01018699123170227 8.5333973281085491 160.74528591707349
0.58350496641360217 0.35993116088211541 0.11113527864217759 0.011931702441535892 20.259093467146158 160.74528591707349
0.37233550818637007 0.4354786433279515 0.4852320987731219 0.0041725064519792798 35.218912383541465 245.64872635528445
0.3664803271647542 0.4354786433279515 0.4852320987731219 0.0041725064519792798 35.218912383541465 245.64872635528445
0.37233550818637007 0.24841038808226587 0.4852320987731219 0.0041725064519792798 35.218912383541465 245.64872635528445
0.37233550818637007 0.4354786433279515 0.34091629162430764 0.0041725064519792798 35.218912383541465 245.64872635528445
0.37233550818637007 0.4354786433279515 0.4852320987731219 0.0016962767127901319 35.218912383541465 245.64872635528445
0.37233550818637007 0.4354786433279515 0.4852320987731219 0.0041725064519792798 23.90238650329411 245.64872635528445
0.37233550818637007 0.4354786433279515 0.4852320987731219 0.0041725064519792798 35.218912383541465 715.54807359352708
0.3664803271647542 0.24841038808226587 0.34091629162430764 0.0016962767127901319 23.90238650329411 715.54807359352708
0.05822768486104906 0.10896866284310819 0.18050860688090326 0.015811522428505125 29.06412704102695 450.38347048684955
0.48472399604506783 0.10896866284310819 0.18050860688090326 0.015811522428505125 29.06412704102695 450.38347048684955
0.05822768486104906 0.16250758282840252 0.18050860688090326 0.015811522428505125 29.06412704102695 450.38347048684955
0.05822768486104906 0.10896866284310819 0.49013052769005305 0.015811522428505125 29.06412704102695 450.38347048684955
0.05822768486104906 0.10896866284310819 0.18050860688090326 0.0072655200062319639 29.06412704102695 450.38347048684955
0.05822768486104906 0.10896866284310819 0.18050860688090326 0.015811522428505125 36.488934971392155 450.38347048684955
0.05822768486104906 0.10896866284310819 0.18050860688090326 0.015811522428505125 29.06412704102695 921.5022505261004
0.48472399604506783 0.16250758282840252 0.49013052769005305 0.0072655200062319639 36.488934971392155 921.5022505261004
0.63013957589864722 0.32291736640036106 0.38015297427773476 0.0097604043733328597 19.18725748732686 576.97143889963627
0.064099289895966652 0.32291736640036106 0.38015297427773476 0.0097604043733328597 19.18725748732686 576.97143889963627
0.63013957589864722 0.42598685622215271 0.38015297427773476 0.0097604043733328597 19.18725748732686 576.97143889963627
0.63013957589864722 0.32291736640036106 0.25723348967730997 0.0097604043733328597 19.18725748732686 576.97143889963627
0.63013957589864722 0.32291736640036106 0.38015297427773476 0.017499751437827945 19.18725748732686 576.97143889963627
0.63013957589864722 0.32291736640036106 0.38015297427773476 0.0097604043733328597 11.305128505453467 576.97143889963627
0.63013957589864722 0.32291736640036106 0.38015297427773476 0.0097604043733328597 19.18725748732686 409.29893674328923
0.064099289895966652 0.42598685622215271 0.25723348967730997 0.017499751437827945 11.305128505453467 409.29893674328923
0.57924007736146443 0.18410968594253063 0.42541592940688133 0.0071600546944886444 19.328874882310629 891.92737573757768
0.3833572342526167 0.18410968594253063 0.42541592940688133 0.0071600546944886444 19.328874882310629 891.92737573757768
0.57924007736146443 0.12844687066972257 0.42541592940688133 0.0071600546944886444 19.328874882310629 891.92737573757768
0.57924007736146443 0.18410968594253063 0.40467744879424572 0.0071600546944886444 19.328874882310629 891.92737573757768
0.57924007736146443 0.18410968594253063 0.42541592940688133 0.0028997469704598192 19.328874882310629 891.92737573757768
0.57924007736146443 0.18410968594253063 0.42541592940688133 0.0071600546944886444 31.478861479088664 891.92737573757768
0.57924007736146443 0.18410968594253063 0.42541592940688133 0.0071600546944886444 19.328874882310629 475.05234694108367
0.3833572342526167 0.12844687066972257 0.40467744879424572 0.0028997469704598192 31.478861479088664 475.05234694108367
0.19014161615632474 0.39806602187454698 0.22587207630276682 0.018433304030261933 24.452899789437652 118.51545479148626
0.16665749396197496 0.39806602187454698 0.22587207630276682 0.018433304030261933 24.452899789437652 118.51545479148626
0.19014161615632474 0.46652941554784777 0.22587207630276682 0.018433304030261933 24.452899789437652 118.51545479148626
0.19014161615632474 0.39806602187454698 0.2499116111546755 0.018433304030261933 24.452899789437652 118.51545479148626
0.19014161615632474 0.39806602187454698 0.22587207630276682 0.013044394019059838 24.452899789437652 118.51545479148626
0.19014161615632474 0.39806602187454698 0.22587207630276682 0.018433304030261933 12.624081626534462 118.51545479148626
0.19014161615632474 0.39806602187454698 0.22587207630276682 0.018433304030261933 24.452899789437652 848.82788611575961
0.16665749396197496 0.46652941554784777 0.2499116111546755 0.013044394019059838 12.624081626534462 848.82788611575961
0.24042404675856233 0.2715491712093353 0.33361843563616278 0.0015325022574514153 33.267751393839717 379.54311426728964
0.68573832721449435 0.2715491712093353 0.33361843563616278 0.0015325022574514153 33.267751393839717 379.54311426728964
0.24042404675856233 0.34442513324320317 0.33361843563616278 0.0015325022574514153 33.267751393839717 379.54311426728964
0.24042404675856233 0.2715491712093353 0.19443820193409922 0.0015325022574514153 33.267751393839717 379.54311426728964
0.24042404675856233 0.2715491712093353 0.33361843563616278 0.018613566539064048 33.267751393839717 379.54311426728964
0.24042404675856233 0.2715491712093353 0.33361843563616278 0.0015325022574514153 17.82783162035048 379.54311426728964
0.24042404675856233 0.2715491712093353 0.33361843563616278 0.0015325022574514153 33.267751393839717 614.19940618798137
0.68573832721449435 0.34442513324320317 0.19443820193409922 0.018613566539064048 17.82783162035048 614.19940618798137
0.49114949670620256 0.46072524115443236 0.13329352624714375 0.012843593364767732 14.954161021858454 703.00607765093446
0.26543836505152285 0.46072524115443236 0.13329352624714375 0.012843593364767732 14.954161021858454 703.00607765093446
0.49114949670620256 0.25750763192772863 0.13329352624714375 0.012843593364767732 14.954161021858454 703.00607765093446
0.49114949670620256 0.46072524115443236 0.35233839899301533 0.012843593364767732 14.954161021858454 703.00607765093446
0.49114949670620256 0.46072524115443236 0.13329352624714375 0.008467715678177775 14.954161021858454 703.00607765093446
0.49114949670620256 0.46072524115443236 0.13329352624714375 0.012843593364767732 30.142070215195417 703.00607765093446
0.49114949670620256 0.46072524115443236 0.13329352624714375 0.012843593364767732 14.954161021858454 254.95327254757285
0.26543836505152285 0.25750763192772863 0.35233839899301533 0.008467715678177775 30.142070215195417 254.95327254757285
