0.47127256751991803 0.11415081843733788 0.17429691217839718 0.010769002699665726 21.829105710610747 501.08591122552752
0.5151090647559613 0.11415081843733788 0.17429691217839718 0.010769002699665726 21.829105710610747 501.08591122552752
0.47127256751991803 0.38815783560276029 0.17429691217839718 0.010769002699665726 21.829105710610747 501.08591122552752
0.47127256751991803 0.11415081843733788 0.15435901843011379 0.010769002699665726 21.829105710610747 501.08591122552752
0.47127256751991803 0.11415081843733788 0.17429691217839718 0.018452804601751267 21.829105710610747 501.08591122552752
0.47127256751991803 0.11415081843733788 0.17429691217839718 0.010769002699665726 9.136812437325716 501.08591122552752
0.47127256751991803 0.11415081843733788 0.17429691217839718 0.010769002699665726 21.829105710610747 395.67716978490353
0.5151090647559613 0.38815783560276029 0.15435901843011379 0.018452804601751267 9.136812437325716 395.67716978490353
0.21927852099761364 0.30328284800052641 0.37386499755084512 0.0047551642116159202 26.140033539384604 627.56401635706425
0.11495555001311003 0.30328284800052641 0.37386499755084512 0.0047551642116159202 26.140033539384604 627.56401635706425
0.21927852099761364 0.20124107412993908 0.37386499755084512 0.0047551642116159202 26.140033539384604 627.56401635706425
0.21927852099761364 0.30328284800052641 0.39964562989771368 0.0047551642116159202 26.140033539384604 627.56401635706425
0.21927852099761364 0.30328284800052641 0.37386499755084512 0.0087877890292555102 26.140033539384604 627.56401635706425
0.21927852099761364 0.30328284800052641 0.37386499755084512 0.0047551642116159202 35.024667533114552 627.56401635706425
0.21927852099761364 0.30328284800052641 0.37386499755084512 0.0047551642116159202 26.140033539384604 923.68686199188232
0.11495555001311003 0.20124107412993908 0.39964562989771368 0.0087877890292555102 35.024667533114552 923.68686199188232
0.21096911015920339 0.22666250355541706 0.26609421670436861 0.015079369187913836 30.639311645179987 876.40371806919575
0.57311624982394271 0.22666250355541706 0.26609421670436861 0.015079369187913836 30.639311645179987 876.40371806919575
0.21096911015920339 0.18467957302927973 0.26609421670436861 0.015079369187913836 30.639311645179987 876.40371806919575
0.21096911015920339 0.22666250355541706 0.44416936263442042 0.015079369187913836 30.639311645179987 876.40371806919575
0.21096911015920339 0.22666250355541706 0.26609421670436861 0.0032194567916914822 30.639311645179987 876.40371806919575
0.21096911015920339 0.22666250355541706 0.26609421670436861 0.015079369187913836 25.133188210427761 876.40371806919575
0.21096911015920339 0.22666250355541706 0.26609421670436861 0.015079369187913836 30.639311645179987 708.06816294789314
0.57311624982394271 0.18467957302927973 0.44416936263442042 0.0032194567916914822 25.133188210427761 708.06816294789314
0.59879897478967903 0.4406724583357573 0.46644374579191206 0.009027539341524244 13.387854753062129 299.75692881271243
0.29563018479384479 0.4406724583357573 0.46644374579191206 0.009027539341524244 13.387854753062129 299.75692881271243
0.59879897478967903 0.42276285775005817 0.46644374579191206 0.009027539341524244 13.387854753062129 299.75692881271243
0.59879897478967903 0.4406724583357573 0.20202282667160035 0.009027539341524244 13.387854753062129 299.75692881271243
0.59879897478967903 0.4406724583357573 0.46644374579191206 0.012883278067037466 13.387854753062129 299.75692881271243
0.59879897478967903 0.4406724583357573 0.46644374579191206 0.009027539341524244 22.660875266417861 299.75692881271243
0.59879897478967903 0.4406724583357573 0.46644374579191206 0.009027539341524244 13.387854753062129 165.58397002518177
0.29563018479384479 0.42276285775005817 0.20202282667160035 0.012883278067037466 22.660875266417861 165.58397002518177
0.64961822684854265 0.25230430103838442 0.31493078470230107 0.0064082445096224549 10.125545283779502 431.34418781846762
0.63519947170279911 0.25230430103838442 0.31493078470230107 0.0064082445096224549 10.125545283779502 431.34418781846762
0.64961822684854265 0.11877681091427804 0.31493078470230107 0.0064082445096224549 10.125545283779502 431.34418781846762
0.64961822684854265 0.25230430103838442 0.46106003224849701 0.0064082445096224549 10.125545283779502 431.34418781846762
0.64961822684854265 0.25230430103838442 0.31493078470230107 0.0075258505444973714 10.125545283779502 431.34418781846762
0.64961822684854265 0.25230430103838442 0.31493078470230107 0.0064082445096224549 27.858405692502856 431.34418781846762
0.64961822684854265 0.25230430103838442 0.31493078470230107 0.0064082445096224549 10.125545283779502 268.58014743775129
0.63519947170279911 0.11877681091427804 0.46106003224849701 0.0075258505444973714 27.858405692502856 268.58014743775129
0.078976792050525546 0.4662974741309881 0.11448074132204056 0.017682066081278026 37.873180519789457 754.69728792086244
0.23473593532107767 0.4662974741309881 0.11448074132204056 0.017682066081278026 37.873180519789457 754.69728792086244
0.078976792050525546 0.4822568241506815 0.11448074132204056 0.017682066081278026 37.873180519789457 754.69728792086244
0.078976792050525546 0.4662974741309881 0.290794699639082 0.017682066081278026 37.873180519789457 754.69728792086244
0.078976792050525546 0.4662974741309881 0.11448074132204056 0.017080751499347388 37.873180519789457 754.69728792086244
0.078976792050525546 0.4662974741309881 0.11448074132204056 0.017682066081278026 16.24453741312027 754.69728792086244
0.078976792050525546 0.4662974741309881 0.11448074132204056 0.017682066081278026 37.873180519789457 611.99208814650774
0.23473593532107767 0.4822568241506815 0.290794699639082 0.017080751499347388 16.24453741312027 611.99208814650774
0.35126842735335223 0.18969467356801034 0.41922866664826874 0.0020960652772337202 27.34378357604146 947.24407428875566
0.45452473764307788 0.18969467356801034 0.41922866664826874 0.0020960652772337202 27.34378357604146 947.24407428875566
0.35126842735335223 0.3037003889679909 0.41922866664826874 0.0020960652772337202 27.34378357604146 947.24407428875566
0.35126842735335223 0.18969467356801034 0.14000569023191931 0.0020960652772337202 27.34378357604146 947.24407428875566
0.35126842735335223 0.18969467356801034 0.41922866664826874 0.011512499550357462 27.34378357604146 947.24407428875566
0.35126842735335223 0.18969467356801034 0.41922866664826874 0.0020960652772337202 13.970260510221124 947.24407428875566
0.35126842735335223 0.18969467356801034 0.41922866664826874 0.0020960652772337202 27.34378357604146 856.285117007792
0.45452473764307788 0.3037003889679909 0.14000569023191931 0.011512499550357462 13.970260510221124 856.285117007792
0.42045090370811516 0.37880992144346237 0.21955967955291272 0.013406669711135329 16.653803421184421 173.72229006141424
0.17672880594618617 0.37880992144346237 0.21955967955291272 0.013406669711135329 16.653803421184421 173.72229006141424
0.42045090370811516 0.29218035601079462 0.21955967955291272 0.013406669711135329 16.653803421184421 173.72229006141424
0.42045090370811516 0.37880992144346237 0.30716148875653748 0.013406669711135329 16.653803421184421 173.72229006141424
0.42045090370811516 0.37880992144346237 0.21955967955291272 0.0019563947832211851 16.653803421184421 173.72229006141424
0.42045090370811516 0.37880992144346237 0.21955967955291272 0.013406669711135329 33.999641325324774 173.72229006141424
0.42045090370811516 0.37880992144346237 0.21955967955291272 0.013406669711135329 16.653803421184421 470.21874394267797
0.17672880594618617 0.29218035601079462 0.30716148875653748 0.0019563947832211851 33.999641325324774 470.21874394267797
0.3860586645081639 0.2137688744813204 0.43787051960825918 0.019345053664781155 23.134530635550618 225.56289182975888
0.68138750069774678 0.2137688744813204 0.43787051960825918 0.019345053664781155 23.134530635550618 225.56289182975888
0.3860586645081639 0.13937678039073945 0.43787051960825918 0.019345053664781155 23.134530635550618 225.56289182975888
0.3860586645081639 0.2137688744813204 0.49430622309446337 0.019345053664781155 23.134530635550618 225.56289182975888
0.3860586645081639 0.2137688744813204 0.43787051960825918 0.014457623782381418 23.134530635550618 225.56289182975888
0.3860586645081639 0.2137688744813204 0.43787051960825918 0.019345053664781155 30.88353999145329 225.56289182975888
0.3860586645081639 0.2137688744813204 0.43787051960825918 0.019345053664781155 23.134530635550618 364.31156843900681
0.68138750069774678 0.13937678039073945 0.49430622309446337 0.014457623782381418 30.88353999145329 364.31156843900681
0.30163654047064481 0.40600739829242227 0.23900414481759072 0.0055981341615319253 20.881592214107513 802.04099360853434
0.26851844959892329 0.40600739829242227 0.23900414481759072 0.0055981341615319253 20.881592214107513 802.04099360853434
0.30163654047064481 0.45246534757316115 0.23900414481759072 0.0055981341615319253 20.881592214107513 802.04099360853434
0.30163654047064481 0.40600739829242227 0.25208128467202184 0.0055981341615319253 20.881592214107513 802.04099360853434
0.30163654047064481 0.40600739829242227 0.23900414481759072 0.0048892825497314331 20.881592214107513 802.04099360853434
0.30163654047064481 0.40600739829242227 0.23900414481759072 0.0055981341615319253 13.205212775617838 802.04099360853434
0.30163654047064481 0.40600739829242227 0.23900414481759072 0.0055981341615319253 20.881592214107513 963.07334117591381
0.26851844959892329 0.45246534757316115 0.25208128467202184 0.0048892825497314331 13.205212775617838 963.07334117591381
0.12829434713348747 0.12628169879317286 0.34685426987707613 0.014996619402058424 14.338914968073368 597.33588788658381
0.37884737732820206 0.12628169879317286 0.34685426987707613 0.014996619402058424 14.338914968073368 597.33588788658381
0.12829434713348747 0.33658058568835258 0.34685426987707613 0.014996619402058424 14.338914968073368 597.33588788658381
0.12829434713348747 0.12628169879317286 0.1044294971972704 0.014996619402058424 14.338914968073368 597.33588788658381
0.12829434713348747 0.12628169879317286 0.34685426987707613 0.0092213138420134799 14.338914968073368 597.33588788658381
0.12829434713348747 0.12628169879317286 0.34685426987707613 0.014996619402058424 18.401638438925147 597.33588788658381
0.12829434713348747 0.12628169879317286 0.34685426987707613 0.014996619402058424 14.338914968073368 731.96390606462955
0.37884737732820206 0.33658058568835258 0.1044294971972704 0.0092213138420134799 18.401638438925147 731.96390606462955
0.68369613424874842 0.34339815676212315 0.14564433880150318 0.0012091393060982229 33.648592049255967 470.68910198286176
0.16989655080251392 0.34339815676212315 0.14564433880150318 0.0012091393060982229 33.648592049255967 470.68910198286176
0.68369613424874842 0.27466919906437398 0.14564433880150318 0.0012091393060982229 33.648592049255967 470.68910198286176
0.68369613424874842 0.34339815676212315 0.34977045767009263 0.0012091393060982229 33.648592049255967 470.68910198286176
0.68369613424874842 0.34339815676212315 0.14564433880150318 0.018788451262377204 33.648592049255967 470.68910198286176
0.68369613424874842 0.34339815676212315 0.14564433880150318 0.0012091393060982229 29.554072834551334 470.68910198286176
0.68369613424874842 0.34339815676212315 0.14564433880150318 0.0012091393060982229 33.648592049255967 147.73156568408012
0.16989655080251392 0.27466919906437398 0.34977045767009263 0.018788451262377204 29.554072834551334 147.73156568408012
0.57201660671271382 0.15112355425953866 0.29725476242601873 0.0038674230366945272 34.838036077097058 154.91307303309441
0.48163649220950894 0.15112355425953866 0.29725476242601873 0.0038674230366945272 34.838036077097058 154.91307303309441
0.57201660671271382 0.37087933495640757 0.29725476242601873 0.0038674230366945272 34.838036077097058 154.91307303309441
0.57201660671271382 0.15112355425953866 0.18987495116889477 0.0038674230366945272 34.838036077097058 154.91307303309441
0.57201660671271382 0.15112355425953866 0.29725476242601873 0.0012146559646353126 34.838036077097058 154.91307303309441
0.57201660671271382 0.15112355425953866 0.29725476242601873 0.0038674230366945272 19.661940589547157 154.91307303309441
0.57201660671271382 0.15112355425953866 0.29725476242601873 0.0038674230366945272 34.838036077097058 271.49274814873934
0.48163649220950894 0.37087933495640757 0.18987495116889477 0.0012146559646353126 19.661940589547157 271.49274814873934
0.1588007698766887 0.36825985163450248 0.49837028272449968 0.012355575623549522 9.1486218124628067 928.26618319377303
0.068457574443891639 0.36825985163450248 0.49837028272449968 0.012355575623549522 9.1486218124628067 928.26618319377303
0.1588007698766887 0.23435246981680394 0.49837028272449968 0.012355575623549522 9.1486218124628067 928.26618319377303
0.1588007698766887 0.36825985163450248 0.35709692128002646 0.012355575623549522 9.1486218124628067 928.26618319377303
0.1588007698766887 0.36825985163450248 0.49837028272449968 0.010866241954639555 9.1486218124628067 928.26618319377303
0.1588007698766887 0.36825985163450248 0.49837028272449968 0.012355575623549522 24.485348371788859 928.26618319377303
0.1588007698766887 0.36825985163450248 0.49837028272449968 0.012355575623549522 9.1486218124628067 601.28176938742399
0.068457574443891639 0.23435246981680394 0.35709692128002646 0.010866241954639555 24.485348371788859 601.28176938742399
0.27112766723148524 0.2885135505348444 0.1937383256852627 0.0082188785396516331 17.634504280984402 667.32652699574828
0.58025845154188571 0.2885135505348444 0.1937383256852627 0.0082188785396516331 17.634504280984402 667.32652699574828
0.27112766723148524 0.15473022013902665 0.1937383256852627 0.0082188785396516331 17.634504280984402 667.32652699574828
0.27112766723148524 0.2885135505348444 0.41100786998867989 0.0082188785396516331 17.634504280984402 667.32652699574828
0.27112766723148524 0.2885135505348444 0.1937383256852627 0.015198192958347501 17.634504280984402 667.32652699574828
0.27112766723148524 0.2885135505348444 0.1937383256852627 0.0082188785396516331 37.064572732895613 667.32652699574828
0.27112766723148524 0.2885135505348444 0.1937383256852627 0.0082188785396516331 17.634504280984402 803.71687468141317
0.58025845154188571 0.15473022013902665 0.41100786998867989 0.015198192958347501 37.064572732895613 803.71687468141317
0.49773574154824013 0.48077191375195982 0.39250990226864813 0.016746383223123849 30.382474849000573 343.80473271012306
0.37099760337732729 0.48077191375195982 0.39250990226864813 0.016746383223123849 30.382474849000573 343.80473271012306
0.49773574154824013 0.44320330880582337 0.39250990226864813 0.016746383223123849 30.382474849000573 343.80473271012306
0.49773574154824013 0.48077191375195982 0.24065154343843462 0.016746383223123849 30.382474849000573 343.80473271012306
0.49773574154824013 0.48077191375195982 0.39250990226864813 0.0055454126711934806 30.382474849000573 343.80473271012306
0.49773574154824013 0.48077191375195982 0.39250990226864813 0.016746383223123849 10.715299958363175 343.80473271012306
0.49773574154824013 0.48077191375195982 0.39250990226864813 0.016746383223123849 30.382474849000573 516.52735415846109
0.37099760337732729 0.44320330880582337 0.24065154343843462 0.0055454126711934806 10.715299958363175 516.52735415846109
0.53060688804835077 0.280609068274498 0.22913175225257876 0.0018729087729007009 12.575637774541974 898.66815926507115
0.097003736020997156 0.280609068274498 0.22913175225257876 0.0018729087729007009 12.575637774541974 898.66815926507115
0.53060688804835077 0.16946330331265927 0.22913175225257876 0.0018729087729007009 12.575637774541974 898.66815926507115
0.53060688804835077 0.280609068274498 0.27193693891167642 0.0018729087729007009 12.575637774541974 898.66815926507115
0.53060688804835077 0.280609068274498 0.22913175225257876 0.016508247607387602 12.575637774541974 898.66815926507115
0.53060688804835077 0.280609068274498 0.22913175225257876 0.0018729087729007009 11.698025802150369 898.66815926507115
0.53060688804835077 0.280609068274498 0.22913175225257876 0.0018729087729007009 12.575637774541974 226.5803400427103
0.097003736020997156 0.16946330331265927 0.27193693891167642 0.016508247607387602 11.698025802150369 226.5803400427103
0.27860322962515055 0.48828948959708218 0.42879768759012227 0.013184797528944912 31.877876475453377 125.20121950656176
0.52790216100402176 0.48828948959708218 0.42879768759012227 0.013184797528944912 31.877876475453377 125.20121950656176
0.27860322962515055 0.43254584819078445 0.42879768759012227 0.013184797528944912 31.877876475453377 125.20121950656176
0.27860322962515055 0.48828948959708218 0.47972400635480883 0.013184797528944912 31.877876475453377 125.20121950656176
0.27860322962515055 0.48828948959708218 0.42879768759012227 0.0068651210531592375 31.877876475453377 125.20121950656176
0.27860322962515055 0.48828948959708218 0.42879768759012227 0.013184797528944912 36.198862727731466 125.20121950656176
0.27860322962515055 0.48828948959708218 0.42879768759012227 0.013184797528944912 31.877876475453377 642.51589998602867
0.52790216100402176 0.43254584819078445 0.47972400635480883 0.0068651210531592375 36.198862727731466 642.51589998602867
0.15098732961341738 0.16802309267222881 0.13655310831964018 0.0074238726224750279 24.901469491422176 373.95678032189608
0.32338243774138387 0.16802309267222881 0.13655310831964018 0.0074238726224750279 24.901469491422176 373.95678032189608
0.15098732961341738 0.35341184176504614 0.13655310831964018 0.0074238726224750279 24.901469491422176 373.95678032189608
0.15098732961341738 0.16802309267222881 0.32581021301448343 0.0074238726224750279 24.901469491422176 373.95678032189608
0.15098732961341738 0.16802309267222881 0.13655310831964018 0.0025343030514195564 24.901469491422176 373.95678032189608
0.15098732961341738 0.16802309267222881 0.13655310831964018 0.0074238726224750279 23.472911251708865 373.95678032189608
0.15098732961341738 0.16802309267222881 0.13655310831964018 0.0074238726224750279 24.901469491422176 876.70492678880692
0.32338243774138387 0.35341184176504614 0.32581021301448343 0.0025343030514195564 23.472911251708865 876.70492678880692
0.53884725519455967 0.35097207315266132 0.33700009994208813 0.018696409281902016 22.64132190681994 697.36495288088918
0.5503615533467382 0.35097207315266132 0.33700009994208813 0.018696409281902016 22.64132190681994 697.36495288088918
0.53884725519455967 0.24149434044957163 0.33700009994208813 0.018696409281902016 22.64132190681994 697.36495288088918
0.53884725519455967 0.35097207315266132 0.12116317935287953 0.018696409281902016 22.64132190681994 697.36495288088918
0.53884725519455967 0.35097207315266132 0.33700009994208813 0.012176206836849453 22.64132190681994 697.36495288088918
0.53884725519455967 0.35097207315266132 0.33700009994208813 0.018696409281902016 20.556560784578323 697.36495288088918
0.53884725519455967 0.35097207315266132 0.33700009994208813 0.018696409281902016 22.64132190681994 447.11886756122112
0.5503615533467382 0.24149434044957163 0.12116317935287953 0.012176206836849453 20.556560784578323 447.11886756122112
0.67091866717673831 0.14356108568608761 0.48226620219647887 0.016075963487289846 15.871170314028859 827.79861390590668
0.22225772053934634 0.14356108568608761 0.48226620219647887 0.016075963487289846 15.871170314028859 827.79861390590668
0.67091866717673831 0.33766777999699116 0.48226620219647887 0.016075963487289846 15.871170314028859 827.79861390590668
0.67091866717673831 0.14356108568608761 0.36848204024136066 0.016075963487289846 15.871170314028859 827.79861390590668
0.67091866717673831 0.14356108568608761 0.48226620219647887 0.0082109756655991094 15.871170314028859 827.79861390590668
0.67091866717673831 0.14356108568608761 0.48226620219647887 0.016075963487289846 30.415905706584454 827.79861390590668
0.67091866717673831 0.14356108568608761 0.48226620219647887 0.016075963487289846 15.871170314028859 437.17560525983572
0.22225772053934634 0.33766777999699116 0.36848204024136066 0.0082109756655991094 30.415905706584454 437.17560525983572
0.10024779131636023 0.32650548554956915 0.28191362135112286 0.010022848728671671 28.6119304895401 251.20668252930045
0.65283636064268646 0.32650548554956915 0.28191362135112286 0.010022848728671671 28.6119304895401 251.20668252930045
0.10024779131636023 0.25114700719714167 0.28191362135112286 0.010022848728671671 28.6119304895401 251.20668252930045
0.10024779131636023 0.32650548554956915 0.18571639470756054 0.010022848728671671 28.6119304895401 251.20668252930045
0.10024779131636023 0.32650548554956915 0.28191362135112286 0.017787776407785713 28.6119304895401 251.20668252930045
0.10024779131636023 0.32650548554956915 0.28191362135112286 0.010022848728671671 17.422331964597106 251.20668252930045
0.10024779131636023 0.32650548554956915 0.28191362135112286 0.010022848728671671 28.6119304895401 893.56829170137644
0.65283636064268646 0.25114700719714167 0.18571639470756054 0.017787776407785713 17.422331964597106 893.56829170137644
0.32934529590420419 0.20624443143606186 0.37718698084354407 0.010526812381856146 36.605032600462437 443.72769286856055
0.19979842747561632 0.20624443143606186 0.37718698084354407 0.010526812381856146 36.605032600462437 443.72769286856055
0.32934529590420419 0.13477392606437208 0.37718698084354407 0.010526812381856146 36.605032600462437 443.72769286856055
0.32934529590420419 0.20624443143606186 0.23336495906114579 0.010526812381856146 36.605032600462437 443.72769286856055
0.32934529590420419 0.20624443143606186 0.37718698084354407 0.013457029105722907 36.605032600462437 443.72769286856055
0.32934529590420419 0.20624443143606186 0.37718698084354407 0.010526812381856146 12.31358190253377 443.72769286856055
0.32934529590420419 0.20624443143606186 0.37718698084354407 0.010526812381856146 36.605032600462437 687.17466164380312
0.19979842747561632 0.13477392606437208 0.23336495906114579 0.013457029105722907 12.31358190253377 687.17466164380312
0.39853800404816858 0.41392027214169502 0.17761584371328354 0.0045142582159489394 10.908179396763444 570.26085704565048
0.42645760322920973 0.41392027214169502 0.17761584371328354 0.0045142582159489394 10.908179396763444 570.26085704565048
0.39853800404816858 0.47325319945812228 0.17761584371328354 0.0045142582159489394 10.908179396763444 570.26085704565048
0.39853800404816858 0.41392027214169502 0.4130210168659687 0.0045142582159489394 10.908179396763444 570.26085704565048
0.39853800404816858 0.41392027214169502 0.17761584371328354 0.0038790152573958043 10.908179396763444 570.26085704565048
0.39853800404816858 0.41392027214169502 0.17761584371328354 0.0045142582159489394 31.891614498570561 570.26085704565048
0.39853800404816858 0.41392027214169502 0.17761584371328354 0.0045142582159489394 10.908179396763444 189.06140755861998
0.42645760322920973 0.47325319945812228 0.4130210168659687 0.0038790152573958043 31.891614498570561 189.06140755861998
0.44856680952943856 0.17865832559764386 0.35793782807886598 0.008441733215004207 32.395321449264884 727.7059587650001
0.28619439876638347 0.17865832559764386 0.35793782807886598 0.008441733215004207 32.395321449264884 727.7059587650001
0.44856680952943856 0.32058344744145872 0.35793782807886598 0.008441733215004207 32.395321449264884 727.7059587650001
0.44856680952943856 0.17865832559764386 0.37594704963266856 0.008441733215004207 32.395321449264884 727.7059587650001
0.44856680952943856 0.17865832559764386 0.35793782807886598 0.010212122311443092 32.395321449264884 727.7059587650001
0.44856680952943856 0.17865832559764386 0.35793782807886598 0.008441733215004207 33.016229283064604 727.7059587650001
0.44856680952943856 0.17865832559764386 0.35793782807886598 0.008441733215004207 32.395321449264884 308.15431252121925
0.28619439876638347 0.32058344744145872 0.37594704963266856 0.010212122311443092 33.016229283064604 308.15431252121925
0.36413508085533969 0.38945783860981464 0.15916930325329304 0.016967952986247838 15.136426400393248 404.23902235925198
0.66887024021707475 0.38945783860981464 0.15916930325329304 0.016967952986247838 15.136426400393248 404.23902235925198
0.36413508085533969 0.28367284685373306 0.15916930325329304 0.016967952986247838 15.136426400393248 404.23902235925198
0.36413508085533969 0.38945783860981464 0.17122166119515897 0.016967952986247838 15.136426400393248 404.23902235925198
0.36413508085533969 0.38945783860981464 0.15916930325329304 0.00062700899112969641 15.136426400393248 404.23902235925198
0.36413508085533969 0.38945783860981464 0.15916930325329304 0.016967952986247838 14.837114477530122 404.23902235925198
0.36413508085533969 0.38945783860981464 0.15916930325329304 0.016967952986247838 15.136426400393248 568.96280534565449
0.66887024021707475 0.28367284685373306 0.17122166119515897 0.00062700899112969641 14.837114477530122 568.96280534565449
0.066408266080543399 0.26607349812984471 0.45129791721701629 0.0028514930948615076 20.084081787616014 199.50814060866833
0.14186971154995262 0.26607349812984471 0.45129791721701629 0.0028514930948615076 20.084081787616014 199.50814060866833
0.066408266080543399 0.10540936626493931 0.45129791721701629 0.0028514930948615076 20.084081787616014 199.50814060866833
0.066408266080543399 0.26607349812984471 0.2220073938369751 0.0028514930948615076 20.084081787616014 199.50814060866833
0.066408266080543399 0.26607349812984471 0.45129791721701629 0.0061965449303388598 20.084081787616014 199.50814060866833
0.066408266080543399 0.26607349812984471 0.45129791721701629 0.0028514930948615076 17.257661625742912 199.50814060866833
0.066408266080543399 0.26607349812984471 0.45129791721701629 0.0028514930948615076 20.084081787616014 788.54002915322781
0.14186971154995262 0.10540936626493931 0.2220073938369751 0.0061965449303388598 17.257661625742912 788.54002915322781
0.62184012141078704 0.45214156135916717 0.25018544867634773 0.011340930003859105 24.387800229713321 972.91630981490016
0.40187670853920276 0.45214156135916717 0.25018544867634773 0.011340930003859105 24.387800229713321 972.91630981490016
0.62184012141078704 0.49349871948361401 0.25018544867634773 0.011340930003859105 24.387800229713321 972.91630981490016
0.62184012141078704 0.45214156135916717 0.42984885796904571 0.011340930003859105 24.387800229713321 972.91630981490016
0.62184012141078704 0.45214156135916717 0.25018544867634773 0.015780445144511761 24.387800229713321 972.91630981490016
0.62184012141078704 0.45214156135916717 0.25018544867634773 0.011340930003859105 26.962640641257167 972.91630981490016
0.62184012141078704 0.45214156135916717 0.25018544867634773 0.011340930003859105 24.387800229713321 541.327103972435
0.40187670853920276 0.49349871948361401 0.42984885796904571 0.015780445144511761 26.962640641257167 541.327103972435
0.59141275379806757 0.24082375615835191 0.10482188388705255 0.014000327521748842 29.099736606702209 657.7445087954402
0.081289721233770248 0.24082375615835191 0.10482188388705255 0.014000327521748842 29.099736606702209 657.7445087954402
0.59141275379806757 0.189476190879941 0.10482188388705255 0.014000327521748842 29.099736606702209 657.7445087954402
0.59141275379806757 0.24082375615835191 0.28323419615626333 0.014000327521748842 29.099736606702209 657.7445087954402
0.59141275379806757 0.24082375615835191 0.10482188388705255 0.0042394723782315851 29.099736606702209 657.7445087954402
0.59141275379806757 0.24082375615835191 0.10482188388705255 0.014000327521748842 21.798355301842093 657.7445087954402
0.59141275379806757 0.24082375615835191 0.10482188388705255 0.014000327521748842 29.099736606702209 328.02777979522943
0.081289721233770248 0.189476190879941 0.28323419615626333 0.0042394723782315851 21.798355301842093 328.02777979522943
0.17816746863536537 0.42689944580197337 0.306034866720438 0.00021413174793124201 18.402546282857656 531.15256736055017
0.46364562283270055 0.42689944580197337 0.306034866720438 0.00021413174793124201 18.402546282857656 531.15256736055017
0.17816746863536537 0.40295006558299062 0.306034866720438 0.00021413174793124201 18.402546282857656 531.15256736055017
0.17816746863536537 0.42689944580197337 0.46295647323131561 0.00021413174793124201 18.402546282857656 531.15256736055017
0.17816746863536537 0.42689944580197337 0.306034866720438 0.013874275511503222 18.402546282857656 531.15256736055017
0.17816746863536537 0.42689944580197337 0.306034866720438 0.00021413174793124201 26.113639540970325 531.15256736055017
0.17816746863536537 0.42689944580197337 0.306034866720438 0.00021413174793124201 18.402546282857656 994.91839911788702
0.46364562283270055 0.40295006558299062 0.46295647323131561 0.013874275511503222 26.113639540970325 994.91839911788702
0.25237836753949522 0.1035067167133093 0.21068216003477575 0.019587546401657163 8.3805790282785892 270.12877026572824
0.34828319237567479 0.1035067167133093 0.21068216003477575 0.019587546401657163 8.3805790282785892 270.12877026572824
0.25237836753949522 0.38609558157622814 0.21068216003477575 0.019587546401657163 8.3805790282785892 270.12877026572824
0.25237836753949522 0.1035067167133093 0.31842985413968561 0.019587546401657163 8.3805790282785892 270.12877026572824
0.25237836753949522 0.1035067167133093 0.21068216003477575 0.019443740751035513 8.3805790282785892 270.12877026572824
0.25237836753949522 0.1035067167133093 0.21068216003477575 0.019587546401657163 35.916984604671597 270.12877026572824
0.25237836753949522 0.1035067167133093 0.21068216003477575 0.019587546401657163 8.3805790282785892 747.54577856510878
0.34828319237567479 0.38609558157622814 0.31842985413968561 0.019443740751035513 35.916984604671597 747.54577856510878
0.47899666638113553 0.31431385613977914 0.40955158658325674 0.0058393419861793522 36.120775101706386 846.66194450110197
0.60797040448524053 0.31431385613977914 0.40955158658325674 0.0058393419861793522 36.120775101706386 846.66194450110197
0.47899666638113553 0.22456950247287752 0.40955158658325674 0.0058393419861793522 36.120775101706386 846.66194450110197
0.47899666638113553 0.31431385613977914 0.1355732623487711 0.0058393419861793522 36.120775101706386 846.66194450110197
0.47899666638113553 0.31431385613977914 0.40955158658325674 0.009807714848965407 36.120775101706386 846.66194450110197
0.47899666638113553 0.31431385613977914 0.40955158658325674 0.0058393419861793522 8.1275939680635929 846.66194450110197
0.47899666638113553 0.31431385613977914 0.40955158658325674 0.0058393419861793522 36.120775101706386 122.43065852671862
0.60797040448524053 0.22456950247287752 0.1355732623487711 0.009807714848965407 8.1275939680635929 122.43065852671862
