0.46116932099685065 0.20367130488157273 0.36025150530040262 0.017703491716086865 20.253201100975275 896.03567337617278
0.65752145345322788 0.20367130488157273 0.36025150530040262 0.017703491716086865 20.253201100975275 896.03567337617278
0.46116932099685065 0.21191611774265767 0.36025150530040262 0.017703491716086865 20.253201100975275 896.03567337617278
0.46116932099685065 0.20367130488157273 0.35155537240207202 0.017703491716086865 20.253201100975275 896.03567337617278
0.46116932099685065 0.20367130488157273 0.36025150530040262 0.0096625816892832537 20.253201100975275 896.03567337617278
0.46116932099685065 0.20367130488157273 0.36025150530040262 0.017703491716086865 17.92358217947185 896.03567337617278
0.46116932099685065 0.20367130488157273 0.36025150530040262 0.017703491716086865 20.253201100975275 327.53739319741726
0.65752145345322788 0.21191611774265767 0.35155537240207202 0.0096625816892832537 17.92358217947185 327.53739319741726
0.22946173311211165 0.41453946307301526 0.15979842208325865 0.006391650498844683 23.500852046534419 122.57224395871162
0.21756274099461731 0.41453946307301526 0.15979842208325865 0.006391650498844683 23.500852046534419 122.57224395871162
0.22946173311211165 0.39844226762652402 0.15979842208325865 0.006391650498844683 23.500852046534419 122.57224395871162
0.22946173311211165 0.41453946307301526 0.1967837292701006 0.006391650498844683 23.500852046534419 122.57224395871162
0.22946173311211165 0.41453946307301526 0.15979842208325865 0.01989802231770009 23.500852046534419 122.57224395871162
0.22946173311211165 0.41453946307301526 0.15979842208325865 0.006391650498844683 29.973249018192291 122.57224395871162
0.22946173311211165 0.41453946307301526 0.15979842208325865 0.006391650498844683 23.500852046534419 996.17224633693695
0.21756274099461731 0.39844226762652402 0.1967837292701006 0.01989802231770009 29.973249018192291 996.17224633693695
0.2007666790857911 0.14106205962598325 0.45517400354146964 0.013390030816942455 34.219770526513457 369.55456957221031
0.43194611729122689 0.14106205962598325 0.45517400354146964 0.013390030816942455 34.219770526513457 369.55456957221031
0.2007666790857911 0.4155912201851607 0.45517400354146964 0.013390030816942455 34.219770526513457 369.55456957221031
0.2007666790857911 0.14106205962598325 0.2475604571402073 0.013390030816942455 34.219770526513457 369.55456957221031
0.2007666790857911 0.14106205962598325 0.45517400354146964 0.014328783744946123 34.219770526513457 369.55456957221031
0.2007666790857911 0.14106205962598325 0.45517400354146964 0.013390030816942455 32.276594528928399 369.55456957221031
0.2007666790857911 0.14106205962598325 0.45517400354146964 0.013390030816942455 34.219770526513457 748.03401604294777
0.43194611729122689 0.4155912201851607 0.2475604571402073 0.014328783744946123 32.276594528928399 748.03401604294777
0.60892268004827199 0.32705229260027413 0.25550197660923002 0.0021175405161455276 14.029806192964315 692.966044601053
0.19431980014778671 0.32705229260027413 0.25550197660923002 0.0021175405161455276 14.029806192964315 692.966044601053
0.60892268004827199 0.17711732089519502 0.25550197660923002 0.0021175405161455276 14.029806192964315 692.966044601053
0.60892268004827199 0.32705229260027413 0.40546610206365585 0.0021175405161455276 14.029806192964315 692.966044601053
0.60892268004827199 0.32705229260027413 0.25550197660923002 0.0040945657378062611 14.029806192964315 692.966044601053
0.60892268004827199 0.32705229260027413 0.25550197660923002 0.0021175405161455276 11.752820398658514 692.966044601053
0.60892268004827199 0.32705229260027413 0.25550197660923002 0.0021175405161455276 14.029806192964315 121.1746621876955
0.19431980014778671 0.17711732089519502 0.40546610206365585 0.0040945657378062611 11.752820398658514 121.1746621876955
0.63951001758687198 0.16590844504535199 0.10086115747690201 0.0047379683131352065 9.486333329230547 825.15411172062159
0.53259971938095985 0.16590844504535199 0.10086115747690201 0.0047379683131352065 9.486333329230547 825.15411172062159
0.63951001758687198 0.48095677159726624 0.10086115747690201 0.0047379683131352065 9.486333329230547 825.15411172062159
0.63951001758687198 0.16590844504535199 0.25801334530115128 0.0047379683131352065 9.486333329230547 825.15411172062159
0.63951001758687198 0.16590844504535199 0.10086115747690201 0.01621531509514898 9.486333329230547 825.15411172062159
0.63951001758687198 0.16590844504535199 0.10086115747690201 0.0047379683131352065 36.641521204262972 825.15411172062159
0.63951001758687198 0.16590844504535199 0.10086115747690201 0.0047379683131352065 9.486333329230547 308.54669790714979
0.53259971938095985 0.48095677159726624 0.25801334530115128 0.01621531509514898 36.641521204262972 308.54669790714979
0.089164966903626908 0.35191546566784382 0.30043838620185853 0.010791034942865372 34.297306371852756 248.5656906850636
0.092316107964143163 0.35191546566784382 0.30043838620185853 0.010791034942865372 34.297306371852756 248.5656906850636
0.089164966903626908 0.11786739379167557 0.30043838620185853 0.010791034942865372 34.297306371852756 248.5656906850636
0.089164966903626908 0.35191546566784382 0.48778817132115371 0.010791034942865372 34.297306371852756 248.5656906850636
0.089164966903626908 0.35191546566784382 0.30043838620185853 0.0060706723246723411 34.297306371852756 248.5656906850636
0.089164966903626908 0.35191546566784382 0.30043838620185853 0.010791034942865372 11.196773799136281 248.5656906850636
0.089164966903626908 0.35191546566784382 0.30043838620185853 0.010791034942865372 34.297306371852756 567.58379954844713
0.092316107964143163 0.11786739379167557 0.48778817132115371 0.0060706723246723411 11.196773799136281 567.58379954844713
0.3410610335413366 0.27842051088809971 0.20828384570777417 0.0090496164681389945 29.985704442486167 439.33749841526151
0.55584256094880402 0.27842051088809971 0.20828384570777417 0.0090496164681389945 29.985704442486167 439.33749841526151
0.3410610335413366 0.29622697867453096 0.20828384570777417 0.0090496164681389945 29.985704442486167 439.33749841526151
0.3410610335413366 0.27842051088809971 0.34325225837528706 0.0090496164681389945 29.985704442486167 439.33749841526151
0.3410610335413366 0.27842051088809971 0.20828384570777417 0.0005015139667317272 29.985704442486167 439.33749841526151
0.3410610335413366 0.27842051088809971 0.20828384570777417 0.0090496164681389945 21.117320500314236 439.33749841526151
0.3410610335413366 0.27842051088809971 0.20828384570777417 0.0090496164681389945 29.985704442486167 788.14635965973139
0.55584256094880402 0.29622697867453096 0.34325225837528706 0.0005015139667317272 21.117320500314236 788.14635965973139
0.43057957170531147 0.48930545672774317 0.40864251814782626 0.015062123685330154 18.23429287597537 565.87396506220102
0.31789149981923398 0.48930545672774317 0.40864251814782626 0.015062123685330154 18.23429287597537 565.87396506220102
0.43057957170531147 0.30813765004277227 0.40864251814782626 0.015062123685330154 18.23429287597537 565.87396506220102
0.43057957170531147 0.48930545672774317 0.11036181263625622 0.015062123685330154 18.23429287597537 565.87396506220102
0.43057957170531147 0.48930545672774317 0.40864251814782626 0.010647369990870358 18.23429287597537 565.87396506220102
0.43057957170531147 0.48930545672774317 0.40864251814782626 0.015062123685330154 23.087933009490371 565.87396506220102
0.43057957170531147 0.48930545672774317 0.40864251814782626 0.015062123685330154 18.23429287597537 542.70482566207647
0.31789149981923398 0.30813765004277227 0.11036181263625622 0.010647369990870358 23.087933009490371 542.70482566207647
0.37594859558157617 0.10561594031751156 0.22695240154862406 0.01237217966578901 26.709831573069096 732.10647637024522
0.45815469459630542 0.10561594031751156 0.22695240154862406 0.01237217966578901 26.709831573069096 732.10647637024522
0.37594859558157617 0.46089430935680864 0.22695240154862406 0.01237217966578901 26.709831573069096 732.10647637024522
0.37594859558157617 0.10561594031751156 0.29755770564079287 0.01237217966578901 26.709831573069096 732.10647637024522
0.37594859558157617 0.10561594031751156 0.22695240154862406 0.0034440701445564632 26.709831573069096 732.10647637024522
0.37594859558157617 0.10561594031751156 0.22695240154862406 0.01237217966578901 26.556297793984413 732.10647637024522
0.37594859558157617 0.10561594031751156 0.22695240154862406 0.01237217966578901 26.709831573069096 435.9188511967659
0.45815469459630542 0.46089430935680864 0.29755770564079287 0.0034440701445564632 26.556297793984413 435.9188511967659
0.3118253352120518 0.31337722279131414 0.42805875465273857 0.0038459873704239731 21.521377379074693 408.64305701106787
0.086770738521590826 0.31337722279131414 0.42805875465273857 0.0038459873704239731 21.521377379074693 408.64305701106787
0.3118253352120518 0.14741510674357416 0.42805875465273857 0.0038459873704239731 21.521377379074693 408.64305701106787
0.3118253352120518 0.31337722279131414 0.45527353510260582 0.0038459873704239731 21.521377379074693 408.64305701106787
0.3118253352120518 0.31337722279131414 0.42805875465273857 0.013582825811579826 21.521377379074693 408.64305701106787
0.3118253352120518 0.31337722279131414 0.42805875465273857 0.0038459873704239731 21.297103075310588 408.64305701106787
0.3118253352120518 0.31337722279131414 0.42805875465273857 0.0038459873704239731 21.521377379074693 894.05557028949261
0.086770738521590826 0.14741510674357416 0.45527353510260582 0.013582825811579826 21.297103075310588 894.05557028949261
0.11808509365655481 0.2430055543780327 0.13281134553253651 0.016724916835501789 12.758083196356893 202.13550683110952
0.60328276674263182 0.2430055543780327 0.13281134553253651 0.016724916835501789 12.758083196356893 202.13550683110952
0.11808509365655481 0.2634936671704054 0.13281134553253651 0.016724916835501789 12.758083196356893 202.13550683110952
0.11808509365655481 0.2430055543780327 0.30137486197054386 0.016724916835501789 12.758083196356893 202.13550683110952
0.11808509365655481 0.2430055543780327 0.13281134553253651 0.017913346446864306 12.758083196356893 202.13550683110952
0.11808509365655481 0.2430055543780327 0.13281134553253651 0.016724916835501789 8.6883534602820873 202.13550683110952
0.11808509365655481 0.2430055543780327 0.13281134553253651 0.016724916835501789 12.758083196356893 688.43441642820835
0.60328276674263182 0.2634936671704054 0.30137486197054386 0.017913346446864306 8.6883534602820873 688.43441642820835
0.69382542213425036 0.42588890269398694 0.3315737549215555 0.0082355085825547587 31.007013499736786 975.54697180166841
0.35298074106685812 0.42588890269398694 0.3315737549215555 0.0082355085825547587 31.007013499736786 975.54697180166841
0.69382542213425036 0.32501441538333897 0.3315737549215555 0.0082355085825547587 31.007013499736786 975.54697180166841
0.69382542213425036 0.42588890269398694 0.14676893316209316 0.0082355085825547587 31.007013499736786 975.54697180166841
0.69382542213425036 0.42588890269398694 0.3315737549215555 0.0077758040335029364 31.007013499736786 975.54697180166841
0.69382542213425036 0.42588890269398694 0.3315737549215555 0.0082355085825547587 35.532006138935685 975.54697180166841
0.69382542213425036 0.42588890269398694 0.3315737549215555 0.0082355085825547587 31.007013499736786 188.57712969183922
0.35298074106685812 0.32501441538333897 0.14676893316209316 0.0077758040335029364 35.532006138935685 188.57712969183922
0.56191150052472949 0.26865188181400301 0.48631242401897912 0.0055760918868705631 37.476875029504299 662.12957687675953
0.66339164194650946 0.26865188181400301 0.48631242401897912 0.0055760918868705631 37.476875029504299 662.12957687675953
0.56191150052472949 0.2290485229343176 0.48631242401897912 0.0055760918868705631 37.476875029504299 662.12957687675953
0.56191150052472949 0.26865188181400301 0.39327335022389887 0.0055760918868705631 37.476875029504299 662.12957687675953
0.56191150052472949 0.26865188181400301 0.48631242401897912 0.012321414863690736 37.476875029504299 662.12957687675953
0.56191150052472949 0.26865188181400301 0.48631242401897912 0.0055760918868705631 15.338364915922284 662.12957687675953
0.56191150052472949 0.26865188181400301 0.48631242401897912 0.0055760918868705631 37.476875029504299 227.96245384961367
0.66339164194650946 0.2290485229343176 0.39327335022389887 0.012321414863690736 15.338364915922284 227.96245384961367
0.16898460187949238 0.45151539668440821 0.28744911290705205 0.019362259594723583 10.724868962541223 535.54115248844028
0.29168294188566501 0.45151539668440821 0.28744911290705205 0.019362259594723583 10.724868962541223 535.54115248844028
0.16898460187949238 0.36596599966287613 0.28744911290705205 0.019362259594723583 10.724868962541223 535.54115248844028
0.16898460187949238 0.45151539668440821 0.16053602732717992 0.019362259594723583 10.724868962541223 535.54115248844028
0.16898460187949238 0.45151539668440821 0.28744911290705205 0.0020800976796075702 10.724868962541223 535.54115248844028
0.16898460187949238 0.45151539668440821 0.28744911290705205 0.019362259594723583 32.573572818189859 535.54115248844028
0.16898460187949238 0.45151539668440821 0.28744911290705205 0.019362259594723583 10.724868962541223 642.12642144411802
0.29168294188566501 0.36596599966287613 0.16053602732717992 0.0020800976796075702 32.573572818189859 642.12642144411802
0.26092337649315595 0.18116432540118696 0.3796707935631275 0.0012263759573921563 16.991979854181409 272.77158601209521
0.39718169993720942 0.18116432540118696 0.3796707935631275 0.0012263759573921563 16.991979854181409 272.77158601209521
0.26092337649315595 0.44500384964048867 0.3796707935631275 0.0012263759573921563 16.991979854181409 272.77158601209521
0.26092337649315595 0.18116432540118696 0.20820000097155572 0.0012263759573921563 16.991979854181409 272.77158601209521
0.26092337649315595 0.18116432540118696 0.3796707935631275 0.0064105381000787017 16.991979854181409 272.77158601209521
0.26092337649315595 0.18116432540118696 0.3796707935631275 0.0012263759573921563 27.347620895132422 272.77158601209521
0.26092337649315595 0.18116432540118696 0.3796707935631275 0.0012263759573921563 16.991979854181409 875.3232454881072
0.39718169993720942 0.44500384964048867 0.20820000097155572 0.0064105381000787017 27.347620895132422 875.3232454881072
0.50786006669513872 0.38890577442944052 0.17846392616629603 0.014974551126733423 26.802588954567909 849.308056011796
0.14655477530322969 0.38890577442944052 0.17846392616629603 0.014974551126733423 26.802588954567909 849.308056011796
0.50786006669513872 0.1569213755428791 0.17846392616629603 0.014974551126733423 26.802588954567909 849.308056011796
0.50786006669513872 0.38890577442944052 0.43779683411121373 0.014974551126733423 26.802588954567909 849.308056011796
0.50786006669513872 0.38890577442944052 0.17846392616629603 0.016653077905438841 26.802588954567909 849.308056011796
0.50786006669513872 0.38890577442944052 0.17846392616629603 0.014974551126733423 16.696900345385075 849.308056011796
0.50786006669513872 0.38890577442944052 0.17846392616629603 0.014974551126733423 26.802588954567909 447.50877860933542
0.14655477530322969 0.1569213755428791 0.43779683411121373 0.016653077905438841 16.696900345385075 447.50877860933542
0.52048380146734408 0.18867808654904367 0.44321077615022664 0.010044926445372405 14.741029284894466 505.48641541972756
0.24019469474442301 0.18867808654904367 0.44321077615022664 0.010044926445372405 14.741029284894466 505.48641541972756
0.52048380146734408 0.43085516765713694 0.44321077615022664 0.010044926445372405 14.741029284894466 505.48641541972756
0.52048380146734408 0.18867808654904367 0.46913372501730921 0.010044926445372405 14.741029284894466 505.48641541972756
0.52048380146734408 0.18867808654904367 0.44321077615022664 0.0054196161128580575 14.741029284894466 505.48641541972756
0.52048380146734408 0.18867808654904367 0.44321077615022664 0.010044926445372405 15.801879160106182 505.48641541972756
0.52048380146734408 0.18867808654904367 0.44321077615022664 0.010044926445372405 14.741029284894466 270.98873592913151
0.24019469474442301 0.43085516765713694 0.46913372501730921 0.0054196161128580575 15.801879160106182 270.98873592913151
0.28880628179758783 0.38099747747182844 0.24285515546798708 0.01605871739462018 32.997398862615228 631.96809124201536
0.6297307625878602 0.38099747747182844 0.24285515546798708 0.01605871739462018 32.997398862615228 631.96809124201536
0.28880628179758783 0.16738200820982457 0.24285515546798708 0.01605871739462018 32.997398862615228 631.96809124201536
0.28880628179758783 0.38099747747182844 0.27686157822608948 0.01605871739462018 32.997398862615228 631.96809124201536
0.28880628179758783 0.38099747747182844 0.24285515546798708 0.015633137923665344 32.997398862615228 631.96809124201536
0.28880628179758783 0.38099747747182844 0.24285515546798708 0.01605871739462018 28.359657919034362 631.96809124201536
0.28880628179758783 0.38099747747182844 0.24285515546798708 0.01605871739462018 32.997398862615228 602.54924222826958
0.6297307625878602 0.16738200820982457 0.27686157822608948 0.015633137923665344 28.359657919034362 602.54924222826958
0.14080473133362831 0.25136181451380257 0.3475069385021925 0.0044970617273822431 24.723222928121686 879.03107088059187
0.18140398054383694 0.25136181451380257 0.3475069385021925 0.0044970617273822431 24.723222928121686 879.03107088059187
0.14080473133362831 0.24671284109354019 0.3475069385021925 0.0044970617273822431 24.723222928121686 879.03107088059187
0.14080473133362831 0.25136181451380257 0.1292008813470602 0.0044970617273822431 24.723222928121686 879.03107088059187
0.14080473133362831 0.25136181451380257 0.3475069385021925 0.011301413439214231 24.723222928121686 879.03107088059187
0.14080473133362831 0.25136181451380257 0.3475069385021925 0.0044970617273822431 33.438881833106279 879.03107088059187
0.14080473133362831 0.25136181451380257 0.3475069385021925 0.0044970617273822431 24.723222928121686 804.21873778104782
0.18140398054383694 0.24671284109354019 0.1292008813470602 0.011301413439214231 33.438881833106279 804.21873778104782
0.54895112765952936 0.46841264627873902 0.1479327615350485 0.010548845215141775 19.541978791356087 302.3876310326159
0.44985951273702079 0.46841264627873902 0.1479327615350485 0.010548845215141775 19.541978791356087 302.3876310326159
0.54895112765952936 0.35823973082005978 0.1479327615350485 0.010548845215141775 19.541978791356087 302.3876310326159
0.54895112765952936 0.46841264627873902 0.32460697628557683 0.010548845215141775 19.541978791356087 302.3876310326159
0.54895112765952936 0.46841264627873902 0.1479327615350485 0.0010890860730782153 19.541978791356087 302.3876310326159
0.54895112765952936 0.46841264627873902 0.1479327615350485 0.010548845215141775 14.355238975957036 302.3876310326159
0.54895112765952936 0.46841264627873902 0.1479327615350485 0.010548845215141775 19.541978791356087 515.25773219764233
0.44985951273702079 0.35823973082005978 0.32460697628557683 0.0010890860730782153 14.355238975957036 515.25773219764233
0.66079062512144437 0.22611669786274435 0.29632061831653123 0.013168158044666053 18.975098051130772 435.72924248874187
0.12042663940228521 0.22611669786274435 0.29632061831653123 0.013168158044666053 18.975098051130772 435.72924248874187
0.66079062512144437 0.26221267282962801 0.29632061831653123 0.013168158044666053 18.975098051130772 435.72924248874187
0.66079062512144437 0.22611669786274435 0.1654351118952036 0.013168158044666053 18.975098051130772 435.72924248874187
0.66079062512144437 0.22611669786274435 0.29632061831653123 0.019242656781710686 18.975098051130772 435.72924248874187
0.66079062512144437 0.22611669786274435 0.29632061831653123 0.013168158044666053 34.52341709472239 435.72924248874187
0.66079062512144437 0.22611669786274435 0.29632061831653123 0.013168158044666053 18.975098051130772 364.69032820314169
0.12042663940228521 0.26221267282962801 0.1654351118952036 0.019242656781710686 34.52341709472239 364.69032820314169
0.11045579896308481 0.44317210428416731 0.49599569700658319 0.0018943846018984916 28.792916649952531 759.08591328188777
0.50964788147248319 0.44317210428416731 0.49599569700658319 0.0018943846018984916 28.792916649952531 759.08591328188777
0.11045579896308481 0.34912408404052259 0.49599569700658319 0.0018943846018984916 28.792916649952531 759.08591328188777
0.11045579896308481 0.44317210428416731 0.38271020315587523 0.0018943846018984916 28.792916649952531 759.08591328188777
0.11045579896308481 0.44317210428416731 0.49599569700658319 0.0090761056676507013 28.792916649952531 759.08591328188777
0.11045579896308481 0.44317210428416731 0.49599569700658319 0.0018943846018984916 9.5794689022004604 759.08591328188777
0.11045579896308481 0.44317210428416731 0.49599569700658319 0.0018943846018984916 28.792916649952531 961.70796100050211
0.50964788147248319 0.34912408404052259 0.38271020315587523 0.0090761056676507013 9.5794689022004604 961.70796100050211
0.31915774215012782 0.11353110298514367 0.18811659067869188 0.018717835506796836 35.490095170214772 949.88687662407756
0.30029798853211098 0.11353110298514367 0.18811659067869188 0.018717835506796836 35.490095170214772 949.88687662407756
0.31915774215012782 0.46490968987345693 0.18811659067869188 0.018717835506796836 35.490095170214772 949.88687662407756
0.31915774215012782 0.11353110298514367 0.43661176264286039 0.018717835506796836 35.490095170214772 949.88687662407756
0.31915774215012782 0.11353110298514367 0.18811659067869188 0.0047444521041586996 35.490095170214772 949.88687662407756
0.31915774215012782 0.11353110298514367 0.18811659067869188 0.018717835506796836 22.275895012542605 949.88687662407756
0.31915774215012782 0.11353110298514367 0.18811659067869188 0.018717835506796836 35.490095170214772 731.58386219292879
0.30029798853211098 0.46490968987345693 0.43661176264286039 0.0047444521041586996 22.275895012542605 731.58386219292879
0.40864683198742563 0.30585506856441502 0.38857272565364842 0.0074072780216112733 8.7455271482467651 176.36844180524349
0.5684385399799794 0.30585506856441502 0.38857272565364842 0.0074072780216112733 8.7455271482467651 176.36844180524349
0.40864683198742563 0.12682105191051962 0.38857272565364842 0.0074072780216112733 8.7455271482467651 176.36844180524349
0.40864683198742563 0.30585506856441502 0.216221009939909 0.0074072780216112733 8.7455271482467651 176.36844180524349
0.40864683198742563 0.30585506856441502 0.38857272565364842 0.014912206882983448 8.7455271482467651 176.36844180524349
0.40864683198742563 0.30585506856441502 0.38857272565364842 0.0074072780216112733 25.693949490785599 176.36844180524349
0.40864683198742563 0.30585506856441502 0.38857272565364842 0.0074072780216112733 8.7455271482467651 149.09566175192595
0.5684385399799794 0.12682105191051962 0.216221009939909 0.014912206882983448 25.693949490785599 149.09566175192595
0.43843690780922762 0.28906613923609259 0.16889566667377948 0.00023136780913919213 32.21467961743474 222.93036570772529
0.063779854914173484 0.28906613923609259 0.16889566667377948 0.00023136780913919213 32.21467961743474 222.93036570772529
0.43843690780922762 0.27954077199101446 0.16889566667377948 0.00023136780913919213 32.21467961743474 222.93036570772529
0.43843690780922762 0.28906613923609259 0.17919810600578787 0.00023136780913919213 32.21467961743474 222.93036570772529
0.43843690780922762 0.28906613923609259 0.16889566667377948 0.0015021133640781047 32.21467961743474 222.93036570772529
0.43843690780922762 0.28906613923609259 0.16889566667377948 0.00023136780913919213 23.984098156914115 222.93036570772529
0.43843690780922762 0.28906613923609259 0.16889566667377948 0.00023136780913919213 32.21467961743474 267.30955317616463
0.063779854914173484 0.27954077199101446 0.17919810600578787 0.0015021133640781047 23.984098156914115 267.30955317616463
0.37434370839036996 0.47826681993901732 0.37009948231279854 0.013978259836509825 12.032154334709048 799.41203147172928
0.48630428626202038 0.47826681993901732 0.37009948231279854 0.013978259836509825 12.032154334709048 799.41203147172928
0.37434370839036996 0.31606073416769509 0.37009948231279854 0.013978259836509825 12.032154334709048 799.41203147172928
0.37434370839036996 0.47826681993901732 0.37441443316638467 0.013978259836509825 12.032154334709048 799.41203147172928
0.37434370839036996 0.47826681993901732 0.37009948231279854 0.011657632562518122 12.032154334709048 799.41203147172928
0.37434370839036996 0.47826681993901732 0.37009948231279854 0.013978259836509825 20.10459727793932 799.41203147172928
0.37434370839036996 0.47826681993901732 0.37009948231279854 0.013978259836509825 12.032154334709048 612.49320693314075
0.48630428626202038 0.31606073416769509 0.37441443316638467 0.011657632562518122 20.10459727793932 612.49320693314075
0.056218852661550051 0.15174871757626535 0.26538056209683419 0.0058173003016039728 22.247305234894156 592.93363690376282
0.36553642977960404 0.15174871757626535 0.26538056209683419 0.0058173003016039728 22.247305234894156 592.93363690376282
0.056218852661550051 0.49490863829851151 0.26538056209683419 0.0058173003016039728 22.247305234894156 592.93363690376282
0.056218852661550051 0.15174871757626535 0.41895319074392323 0.0058173003016039728 22.247305234894156 592.93363690376282
0.056218852661550051 0.15174871757626535 0.26538056209683419 0.017225657992251217 22.247305234894156 592.93363690376282
0.056218852661550051 0.15174871757626535 0.26538056209683419 0.0058173003016039728 10.330319928005338 592.93363690376282
0.056218852661550051 0.15174871757626535 0.26538056209683419 0.0058173003016039728 22.247305234894156 857.55871199071407
0.36553642977960404 0.49490863829851151 0.41895319074392323 0.017225657992251217 10.330319928005338 857.55871199071407
0.63194956923834977 0.36568084806203849 0.46424082145094869 0.019604751741513611 25.502166461199522 466.29020711407065
0.58572955061681564 0.36568084806203849 0.46424082145094869 0.019604751741513611 25.502166461199522 466.29020711407065
0.63194956923834977 0.10642864964902402 0.46424082145094869 0.019604751741513611 25.502166461199522 466.29020711407065
0.63194956923834977 0.36568084806203849 0.22684680595993997 0.019604751741513611 25.502166461199522 466.29020711407065
0.63194956923834977 0.36568084806203849 0.46424082145094869 0.0070713424585759641 25.502166461199522 466.29020711407065
0.63194956923834977 0.36568084806203849 0.46424082145094869 0.019604751741513611 37.625334236770868 466.29020711407065
0.63194956923834977 0.36568084806203849 0.46424082145094869 0.019604751741513611 25.502166461199522 469.72062587738037
0.58572955061681564 0.10642864964902402 0.22684680595993997 0.0070713424585759641 37.625334236770868 469.72062587738037
0.58128780755214393 0.12729133591055872 0.31575511470437051 0.016946487188711761 27.980785641819239 152.26853061467409
0.26385319563560183 0.12729133591055872 0.31575511470437051 0.016946487188711761 27.980785641819239 152.26853061467409
0.58128780755214393 0.41020714938640601 0.31575511470437051 0.016946487188711761 27.980785641819239 152.26853061467409
0.58128780755214393 0.12729133591055872 0.48663283064961438 0.016946487188711761 27.980785641819239 152.26853061467409
0.58128780755214393 0.12729133591055872 0.31575511470437051 0.013009150820225478 27.980785641819239 152.26853061467409
0.58128780755214393 0.12729133591055872 0.31575511470437051 0.016946487188711761 12.762554299086332 152.26853061467409
0.58128780755214393 0.12729133591055872 0.31575511470437051 0.016946487188711761 27.980785641819239 397.04544339329004
0.26385319563560183 0.41020714938640601 0.48663283064961438 0.013009150820225478 12.762554299086332 397.04544339329004
0.18837114069610833 0.3412158340215683 0.11698965355753899 0.0084583626678213491 16.236583350226283 925.62520476058125
0.68606264623813329 0.3412158340215683 0.11698965355753899 0.0084583626678213491 16.236583350226283 925.62520476058125
0.18837114069610833 0.19712388925254345 0.11698965355753899 0.0084583626678213491 16.236583350226283 925.62520476058125
0.18837114069610833 0.3412158340215683 0.26639524847269058 0.0084583626678213491 16.236583350226283 925.62520476058125
0.18837114069610833 0.3412158340215683 0.11698965355753899 0.0027845866935327654 16.236583350226283 925.62520476058125
0.18837114069610833 0.3412158340215683 0.11698965355753899 0.0084583626678213491 31.384791994467378 925.62520476058125
0.18837114069610833 0.3412158340215683 0.11698965355753899 0.0084583626678213491 16.236583350226283 923.31122364848852
0.68606264623813329 0.19712388925254345 0.26639524847269058 0.0027845866935327654 31.384791994467378 923.31122364848852
0.24219390959478915 0.21470612771809103 0.42474058456718922 0.011357533456012607 11.480266248807311 662.93629230931401
0.16442787074483928 0.21470612771809103 0.42474058456718922 0.011357533456012607 11.480266248807311 662.93629230931401
0.24219390959478915 0.21378459855914117 0.42474058456718922 0.011357533456012607 11.480266248807311 662.93629230931401
0.24219390959478915 0.21470612771809103 0.11562174372375011 0.011357533456012607 11.480266248807311 662.93629230931401
0.24219390959478915 0.21470612771809103 0.42474058456718922 0.0083525412023067493 11.480266248807311 662.93629230931401
0.24219390959478915 0.21470612771809103 0.42474058456718922 0.011357533456012607 28.993313118815422 662.93629230931401
0.24219390959478915 0.21470612771809103 0.42474058456718922 0.011357533456012607 11.480266248807311 706.70032184571028
0.16442787074483928 0.21378459855914117 0.11562174372375011 0.0083525412023067493 28.993313118815422 706.70032184571028
0.48910115873441096 0.40389917604625225 0.2236311797052622 0.002830058018676937 36.298677559942007 339.41785413771868
0.38430616580881172 0.40389917604625225 0.2236311797052622 0.002830058018676937 36.298677559942007 339.41785413771868
0.48910115873441096 0.37570128925144675 0.2236311797052622 0.002830058018676937 36.298677559942007 339.41785413771868
0.48910115873441096 0.40389917604625225 0.33271888978779318 0.002830058018676937 36.298677559942007 339.41785413771868
0.48910115873441096 0.40389917604625225 0.2236311797052622 0.018578299773670735 36.298677559942007 339.41785413771868
0.48910115873441096 0.40389917604625225 0.2236311797052622 0.002830058018676937 18.786616681143641 339.41785413771868
0.48910115873441096 0.40389917604625225 0.2236311797052622 0.002830058018676937 36.298677559942007 165.96004087477922
0.38430616580881172 0.37570128925144675 0.33271888978779318 0.018578299773670735 18.786616681143641 165.96004087477922
