0.48541071484796694 0.21175724603235724 0.45494726002216346 0.012291724078916015 12.902414903044701 619.71202967688441
0.39895239877514538 0.21175724603235724 0.45494726002216346 0.012291724078916015 12.902414903044701 619.71202967688441
0.48541071484796694 0.18739234432578089 0.45494726002216346 0.012291724078916015 12.902414903044701 619.71202967688441
0.48541071484796694 0.21175724603235724 0.17335384301841261 0.012291724078916015 12.902414903044701 619.71202967688441
0.48541071484796694 0.21175724603235724 0.45494726002216346 0.010295114014111461 12.902414903044701 619.71202967688441
0.48541071484796694 0.21175724603235724 0.45494726002216346 0.012291724078916015 27.979530675336719 619.71202967688441
0.48541071484796694 0.21175724603235724 0.45494726002216346 0.012291724078916015 12.902414903044701 519.91468574851751
0.39895239877514538 0.18739234432578089 0.17335384301841261 0.010295114014111461 27.979530675336719 519.91468574851751
0.24358159434050319 0.41964059732854364 0.2560564979910851 0.0037641811136156327 31.099147127941251 521.24860696494579
0.15114170419983564 0.41964059732854364 0.2560564979910851 0.0037641811136156327 31.099147127941251 521.24860696494579
0.24358159434050319 0.42391846962273128 0.2560564979910851 0.0037641811136156327 31.099147127941251 521.24860696494579
0.24358159434050319 0.41964059732854364 0.38123526461422441 0.0037641811136156327 31.099147127941251 521.24860696494579
0.24358159434050319 0.41964059732854364 0.2560564979910851 0.00069896796680986881 31.099147127941251 521.24860696494579
0.24358159434050319 0.41964059732854364 0.2560564979910851 0.0037641811136156327 16.123870193958282 521.24860696494579
0.24358159434050319 0.41964059732854364 0.2560564979910851 0.0037641811136156327 31.099147127941251 807.09042642265558
0.15114170419983564 0.42391846962273128 0.38123526461422441 0.00069896796680986881 16.123870193958282 807.09042642265558
0.17682531722821293 0.14936724975705148 0.36080706380307681 0.016640687648765744 26.621393302455544 314.74963985383511
0.6600736970547586 0.14936724975705148 0.36080706380307681 0.016640687648765744 26.621393302455544 314.74963985383511
0.17682531722821293 0.39016412496566777 0.36080706380307681 0.016640687648765744 26.621393302455544 314.74963985383511
0.17682531722821293 0.14936724975705148 0.42576179578900342 0.016640687648765744 26.621393302455544 314.74963985383511
0.17682531722821293 0.14936724975705148 0.36080706380307681 0.0062669980434700845 26.621393302455544 314.74963985383511
0.17682531722821293 0.14936724975705148 0.36080706380307681 0.016640687648765744 13.856888899579644 314.74963985383511
0.17682531722821293 0.14936724975705148 0.36080706380307681 0.016640687648765744 26.621393302455544 604.90250010043383
0.6600736970547586 0.39016412496566777 0.42576179578900342 0.0062669980434700845 13.856888899579644 604.90250010043383
0.59513261271640661 0.33212853521108632 0.15957273952662945 0.0081526466619223376 21.380738906562328 863.16110817715526
0.29118231185711918 0.33212853521108632 0.15957273952662945 0.0081526466619223376 21.380738906562328 863.16110817715526
0.59513261271640661 0.20169020406901839 0.15957273952662945 0.0081526466619223376 21.380738906562328 863.16110817715526
0.59513261271640661 0.33212853521108632 0.22101475745439531 0.0081526466619223376 21.380738906562328 863.16110817715526
0.59513261271640661 0.33212853521108632 0.15957273952662945 0.015864338461682202 21.380738906562328 863.16110817715526
0.59513261271640661 0.33212853521108632 0.15957273952662945 0.0081526466619223376 34.113470699638128 863.16110817715526
0.59513261271640661 0.33212853521108632 0.15957273952662945 0.0081526466619223376 21.380738906562328 275.07235389202833
0.29118231185711918 0.20169020406901839 0.22101475745439531 0.015864338461682202 34.113470699638128 275.07235389202833
0.62572242012247437 0.17491301521658897 0.20805673561990262 0.0055139461148530243 17.135150164365768 774.9703062698245
0.59901331751607356 0.17491301521658897 0.20805673561990262 0.0055139461148530243 17.135150164365768 774.9703062698245
0.62572242012247437 0.3054809495806694 0.20805673561990262 0.0055139461148530243 17.135150164365768 774.9703062698245
0.62572242012247437 0.17491301521658897 0.46745887249708173 0.0055139461148530243 17.135150164365768 774.9703062698245
0.62572242012247437 0.17491301521658897 0.20805673561990262 0.0045158192884176968 17.135150164365768 774.9703062698245
0.62572242012247437 0.17491301521658897 0.20805673561990262 0.0055139461148530243 9.2578444369137287 774.9703062698245
0.62572242012247437 0.17491301521658897 0.20805673561990262 0.0055139461148530243 17.135150164365768 144.28076632320881
0.59901331751607356 0.3054809495806694 0.46745887249708173 0.0045158192884176968 9.2578444369137287 144.28076632320881
0.065226074913516646 0.35765446126461031 0.40919664315879345 0.019301462132297456 26.895419063046575 423.38187852874398
0.35089260130189354 0.35765446126461031 0.40919664315879345 0.019301462132297456 26.895419063046575 423.38187852874398
0.065226074913516646 0.29239155016839502 0.40919664315879345 0.019301462132297456 26.895419063046575 423.38187852874398
0.065226074913516646 0.35765446126461031 0.28459265008568768 0.019301462132297456 26.895419063046575 423.38187852874398
0.065226074913516646 0.35765446126461031 0.40919664315879345 0.014062256640009584 26.895419063046575 423.38187852874398
0.065226074913516646 0.35765446126461031 0.40919664315879345 0.019301462132297456 34.904093297198415 423.38187852874398
0.065226074913516646 0.35765446126461031 0.40919664315879345 0.019301462132297456 26.895419063046575 728.55425849556923
0.35089260130189354 0.29239155016839502 0.28459265008568768 0.014062256640009584 34.904093297198415 728.55425849556923
0.35518336463719602 0.28740019090473656 0.1014171063899994 0.0011631698008626702 37.387731337919831 160.58999607339501
0.45897261057980354 0.28740019090473656 0.1014171063899994 0.0011631698008626702 37.387731337919831 160.58999607339501
0.35518336463719602 0.12165447846055032 0.1014171063899994 0.0011631698008626702 37.387731337919831 160.58999607339501
0.35518336463719602 0.28740019090473656 0.13380692191421986 0.0011631698008626702 37.387731337919831 160.58999607339501
0.35518336463719602 0.28740019090473656 0.1014171063899994 0.019630206501856446 37.387731337919831 160.58999607339501
0.35518336463719602 0.28740019090473656 0.1014171063899994 0.0011631698008626702 25.019966803491116 160.58999607339501
0.35518336463719602 0.28740019090473656 0.1014171063899994 0.0011631698008626702 37.387731337919831 959.41648781299591
0.45897261057980354 0.12165447846055032 0.13380692191421986 0.019630206501856446 25.019966803491116 959.41648781299591
0.45482343542389564 0.4952637027949095 0.30021307617425919 0.01490997534375638 10.585386522114277 962.12646942585707
0.089771358715370286 0.4952637027949095 0.30021307617425919 0.01490997534375638 10.585386522114277 962.12646942585707
0.45482343542389564 0.48356512524187567 0.30021307617425919 0.01490997534375638 10.585386522114277 962.12646942585707
0.45482343542389564 0.4952637027949095 0.31355714313685895 0.01490997534375638 10.585386522114277 962.12646942585707
0.45482343542389564 0.4952637027949095 0.30021307617425919 0.010084972888790072 10.585386522114277 962.12646942585707
0.45482343542389564 0.4952637027949095 0.30021307617425919 0.01490997534375638 22.774554437026381 962.12646942585707
0.45482343542389564 0.4952637027949095 0.30021307617425919 0.01490997534375638 10.585386522114277 360.66852174699306
0.089771358715370286 0.48356512524187567 0.31355714313685895 0.010084972888790072 22.774554437026381 360.66852174699306
0.40241670934483403 0.10981336906552315 0.13219580091536046 0.017793295481987298 34.126739364117384 783.64298017695546
0.55507423602975903 0.10981336906552315 0.13219580091536046 0.017793295481987298 34.126739364117384 783.64298017695546
0.40241670934483403 0.33549134358763699 0.13219580091536046 0.017793295481987298 34.126739364117384 783.64298017695546
0.40241670934483403 0.10981336906552315 0.47560589015483856 0.017793295481987298 34.126739364117384 783.64298017695546
0.40241670934483403 0.10981336906552315 0.13219580091536046 0.016378275471553207 34.126739364117384 783.64298017695546
0.40241670934483403 0.10981336906552315 0.13219580091536046 0.017793295481987298 19.313771978020668 783.64298017695546
0.40241670934483403 0.10981336906552315 0.13219580091536046 0.017793295481987298 34.126739364117384 466.57729987055063
0.55507423602975903 0.33549134358763699 0.47560589015483856 0.016378275471553207 19.313771978020668 466.57729987055063
0.32816199087537823 0.32080360502004623 0.33173945136368277 0.0064828025005757807 13.886436393484473 235.17955411225557
0.31486112498678265 0.32080360502004623 0.33173945136368277 0.0064828025005757807 13.886436393484473 235.17955411225557
0.32816199087537823 0.27201211638748646 0.33173945136368277 0.0064828025005757807 13.886436393484473 235.17955411225557
0.32816199087537823 0.32080360502004623 0.2709753565490246 0.0064828025005757807 13.886436393484473 235.17955411225557
0.32816199087537823 0.32080360502004623 0.33173945136368277 0.0068401425106450918 13.886436393484473 235.17955411225557
0.32816199087537823 0.32080360502004623 0.33173945136368277 0.0064828025005757807 24.833059219643474 235.17955411225557
0.32816199087537823 0.32080360502004623 0.33173945136368277 0.0064828025005757807 13.886436393484473 852.63009425252676
0.31486112498678265 0.27201211638748646 0.2709753565490246 0.0068401425106450918 24.833059219643474 852.63009425252676
0.091292171739041805 0.24742299653589728 0.22711706086993219 0.01348360818270594 20.392941815778613 482.16702956706285
0.53689892324618993 0.24742299653589728 0.22711706086993219 0.01348360818270594 20.392941815778613 482.16702956706285
0.091292171739041805 0.13894519209861755 0.22711706086993219 0.01348360818270594 20.392941815778613 482.16702956706285
0.091292171739041805 0.24742299653589728 0.12332686819136143 0.01348360818270594 20.392941815778613 482.16702956706285
0.091292171739041805 0.24742299653589728 0.22711706086993219 0.0025084133792668585 20.392941815778613 482.16702956706285
0.091292171739041805 0.24742299653589728 0.22711706086993219 0.01348360818270594 37.419636409729719 482.16702956706285
0.091292171739041805 0.24742299653589728 0.22711706086993219 0.01348360818270594 20.392941815778613 608.58427118510008
0.53689892324618993 0.13894519209861755 0.12332686819136143 0.0025084133792668585 37.419636409729719 608.58427118510008
0.67717386926524337 0.43329115770757198 0.42744214907288558 0.0022097481817007067 23.590252447873354 580.57850124314427
0.094354656664654618 0.43329115770757198 0.42744214907288558 0.0022097481817007067 23.590252447873354 580.57850124314427
0.67717386926524337 0.45046591870486741 0.42744214907288558 0.0022097481817007067 23.590252447873354 580.57850124314427
0.67717386926524337 0.43329115770757198 0.33106692098081114 0.0022097481817007067 23.590252447873354 580.57850124314427
0.67717386926524337 0.43329115770757198 0.42744214907288558 0.012047750078700485 23.590252447873354 580.57850124314427
0.67717386926524337 0.43329115770757198 0.42744214907288558 0.0022097481817007067 10.359778517857194 580.57850124314427
0.67717386926524337 0.43329115770757198 0.42744214907288558 0.0022097481817007067 23.590252447873354 265.13095069676638
0.094354656664654618 0.45046591870486741 0.33106692098081114 0.012047750078700485 10.359778517857194 265.13095069676638
0.54526241752319038 0.27216881997883324 0.37905562147498129 0.0048101042039692399 29.893829312175512 937.99316138029099
0.43529381682164958 0.27216881997883324 0.37905562147498129 0.0048101042039692399 29.893829312175512 937.99316138029099
0.54526241752319038 0.1544511303305626 0.37905562147498129 0.0048101042039692399 29.893829312175512 937.99316138029099
0.54526241752319038 0.27216881997883324 0.18396897278726101 0.0048101042039692399 29.893829312175512 937.99316138029099
0.54526241752319038 0.27216881997883324 0.37905562147498129 0.0079649920722469694 29.893829312175512 937.99316138029099
0.54526241752319038 0.27216881997883324 0.37905562147498129 0.0048101042039692399 30.535450058057904 937.99316138029099
0.54526241752319038 0.27216881997883324 0.37905562147498129 0.0048101042039692399 29.893829312175512 169.16517838835716
0.43529381682164958 0.1544511303305626 0.18396897278726101 0.0079649920722469694 30.535450058057904 169.16517838835716
0.14219414982944725 0.4580537628382445 0.17863001301884651 0.010861820237524808 18.090217655524611 136.40474369749427
0.19477083911187942 0.4580537628382445 0.17863001301884651 0.010861820237524808 18.090217655524611 136.40474369749427
0.14219414982944725 0.4413685854524374 0.17863001301884651 0.010861820237524808 18.090217655524611 136.40474369749427
0.14219414982944725 0.4580537628382445 0.36359041072428233 0.010861820237524808 18.090217655524611 136.40474369749427
0.14219414982944725 0.4580537628382445 0.17863001301884651 0.017569431962445377 18.090217655524611 136.40474369749427
0.14219414982944725 0.4580537628382445 0.17863001301884651 0.010861820237524808 13.552844945341349 136.40474369749427
0.14219414982944725 0.4580537628382445 0.17863001301884651 0.010861820237524808 18.090217655524611 711.69072426855564
0.19477083911187942 0.4413685854524374 0.36359041072428233 0.017569431962445377 13.552844945341349 711.69072426855564
0.2772625020239502 0.18465713486075402 0.4864766869693995 0.009122812743484976 9.6267705243080854 327.15766867622733
0.65580034567974499 0.18465713486075402 0.4864766869693995 0.009122812743484976 9.6267705243080854 327.15766867622733
0.2772625020239502 0.36955196633934972 0.4864766869693995 0.009122812743484976 9.6267705243080854 327.15766867622733
0.2772625020239502 0.18465713486075402 0.41750418767333031 0.009122812743484976 9.6267705243080854 327.15766867622733
0.2772625020239502 0.18465713486075402 0.4864766869693995 0.013237783045880499 9.6267705243080854 327.15766867622733
0.2772625020239502 0.18465713486075402 0.4864766869693995 0.009122812743484976 18.756566217169166 327.15766867622733
0.2772625020239502 0.18465713486075402 0.4864766869693995 0.009122812743484976 9.6267705243080854 927.0622443407774
0.65580034567974499 0.36955196633934972 0.41750418767333031 0.013237783045880499 18.756566217169166 927.0622443407774
0.53433065032586446 0.39566415250301368 0.28683214075863361 0.015136687300540509 34.385545376688242 678.69413197040558
0.21294605745933948 0.39566415250301368 0.28683214075863361 0.015136687300540509 34.385545376688242 678.69413197040558
0.53433065032586446 0.23146946765482426 0.28683214075863361 0.015136687300540509 34.385545376688242 678.69413197040558
0.53433065032586446 0.39566415250301368 0.23474264144897461 0.015136687300540509 34.385545376688242 678.69413197040558
0.53433065032586446 0.39566415250301368 0.28683214075863361 0.0036345375265926126 34.385545376688242 678.69413197040558
0.53433065032586446 0.39566415250301368 0.28683214075863361 0.015136687300540509 29.198687292635441 678.69413197040558
0.53433065032586446 0.39566415250301368 0.28683214075863361 0.015136687300540509 34.385545376688242 399.06610399484634
0.21294605745933948 0.23146946765482426 0.23474264144897461 0.0036345375265926126 29.198687292635441 399.06610399484634
0.50671115880832074 0.19550045989453793 0.34689148031175138 0.00030185212306678297 22.163657333701849 110.31795935705304
0.16365957004018128 0.19550045989453793 0.34689148031175138 0.00030185212306678297 22.163657333701849 110.31795935705304
0.50671115880832074 0.35616009570658214 0.34689148031175138 0.00030185212306678297 22.163657333701849 110.31795935705304
0.50671115880832074 0.19550045989453793 0.25343171879649162 0.00030185212306678297 22.163657333701849 110.31795935705304
0.50671115880832074 0.19550045989453793 0.34689148031175138 0.014712103470601144 22.163657333701849 110.31795935705304
0.50671115880832074 0.19550045989453793 0.34689148031175138 0.00030185212306678297 30.060949318110943 110.31795935705304
0.50671115880832074 0.19550045989453793 0.34689148031175138 0.00030185212306678297 22.163657333701849 126.07195507735014
0.16365957004018128 0.35616009570658214 0.25343171879649162 0.014712103470601144 30.060949318110943 126.07195507735014
0.26485258997417982 0.3844325874000788 0.14809856228530408 0.014050092460028829 25.353529697284102 911.7996284738183
0.38127581519074732 0.3844325874000788 0.14809856228530408 0.014050092460028829 25.353529697284102 911.7996284738183
0.26485258997417982 0.24268696084618568 0.14809856228530408 0.014050092460028829 25.353529697284102 911.7996284738183
0.26485258997417982 0.3844325874000788 0.4988135904073715 0.014050092460028829 25.353529697284102 911.7996284738183
0.26485258997417982 0.3844325874000788 0.14809856228530408 0.0050992040708661077 25.353529697284102 911.7996284738183
0.26485258997417982 0.3844325874000788 0.14809856228530408 0.014050092460028829 17.777746116742492 911.7996284738183
0.26485258997417982 0.3844325874000788 0.14809856228530408 0.014050092460028829 25.353529697284102 751.20094884186983
0.38127581519074732 0.24268696084618568 0.4988135904073715 0.0050992040708661077 17.777746116742492 751.20094884186983
0.15490218941122291 0.25781749933958054 0.44337532520294187 0.0058915629360824827 32.367009727284312 705.32638374716043
0.26815238497219979 0.25781749933958054 0.44337532520294187 0.0058915629360824827 32.367009727284312 705.32638374716043
0.15490218941122291 0.17135859094560146 0.44337532520294187 0.0058915629360824827 32.367009727284312 705.32638374716043
0.15490218941122291 0.25781749933958054 0.3449026968330145 0.0058915629360824827 32.367009727284312 705.32638374716043
0.15490218941122291 0.25781749933958054 0.44337532520294187 0.0094297200592234742 32.367009727284312 705.32638374716043
0.15490218941122291 0.25781749933958054 0.44337532520294187 0.0058915629360824827 12.661643225699663 705.32638374716043
0.15490218941122291 0.25781749933958054 0.44337532520294187 0.0058915629360824827 32.367009727284312 998.32639042288065
0.26815238497219979 0.17135859094560146 0.3449026968330145 0.0094297200592234742 12.661643225699663 998.32639042288065
0.573219709424302 0.472018177062273 0.24223846942186356 0.019677644749544563 12.119497481733561 353.682950604707
0.68810118041001256 0.472018177062273 0.24223846942186356 0.019677644749544563 12.119497481733561 353.682950604707
0.573219709424302 0.43288550227880485 0.24223846942186356 0.019677644749544563 12.119497481733561 353.682950604707
0.573219709424302 0.472018177062273 0.10265515483915806 0.019677644749544563 12.119497481733561 353.682950604707
0.573219709424302 0.472018177062273 0.24223846942186356 0.019043842006474732 12.119497481733561 353.682950604707
0.573219709424302 0.472018177062273 0.24223846942186356 0.019677644749544563 31.544010939076543 353.682950604707
0.573219709424302 0.472018177062273 0.24223846942186356 0.019677644749544563 12.119497481733561 331.47680219262838
0.68810118041001256 0.43288550227880485 0.10265515483915806 0.019043842006474732 31.544010939076543 331.47680219262838
0.68505673701874903 0.233454766869545 0.18750152289867403 0.017037942531518638 11.397314827889204 264.44841399788857
0.36888406635262067 0.233454766869545 0.18750152289867403 0.017037942531518638 11.397314827889204 264.44841399788857
0.68505673701874903 0.13690734021365644 0.18750152289867403 0.017037942531518638 11.397314827889204 264.44841399788857
0.68505673701874903 0.233454766869545 0.36238092519342902 0.017037942531518638 11.397314827889204 264.44841399788857
0.68505673701874903 0.233454766869545 0.18750152289867403 0.001353126481920481 11.397314827889204 264.44841399788857
0.68505673701874903 0.233454766869545 0.18750152289867403 0.017037942531518638 11.342990735545754 264.44841399788857
0.68505673701874903 0.233454766869545 0.18750152289867403 0.017037942531518638 11.397314827889204 537.74574808776379
0.36888406635262067 0.13690734021365644 0.36238092519342902 0.001353126481920481 11.342990735545754 537.74574808776379
0.12455078717321157 0.44764781817793853 0.38873889893293379 0.008548467340692879 36.148879399523139 812.805091496557
0.5861805266235024 0.44764781817793853 0.38873889893293379 0.008548467340692879 36.148879399523139 812.805091496557
0.12455078717321157 0.47381877303123476 0.38873889893293379 0.008548467340692879 36.148879399523139 812.805091496557
0.12455078717321157 0.44764781817793853 0.1920143958181143 0.008548467340692879 36.148879399523139 812.805091496557
0.12455078717321157 0.44764781817793853 0.38873889893293379 0.010882800007052721 36.148879399523139 812.805091496557
0.12455078717321157 0.44764781817793853 0.38873889893293379 0.008548467340692879 36.554355558007956 812.805091496557
0.12455078717321157 0.44764781817793853 0.38873889893293379 0.008548467340692879 36.148879399523139 784.91761535406113
0.5861805266235024 0.47381877303123476 0.1920143958181143 0.010882800007052721 36.554355558007956 784.91761535406113
0.29520158045925199 0.12103959433734418 0.29648480080068113 0.011450044462643565 28.13427178375423 550.09729629382491
0.06205880041234195 0.12103959433734418 0.29648480080068113 0.011450044462643565 28.13427178375423 550.09729629382491
0.29520158045925199 0.34026353545486931 0.29648480080068113 0.011450044462643565 28.13427178375423 550.09729629382491
0.29520158045925199 0.12103959433734418 0.2396661400794983 0.011450044462643565 28.13427178375423 550.09729629382491
0.29520158045925199 0.12103959433734418 0.29648480080068113 0.015213245074450972 28.13427178375423 550.09729629382491
0.29520158045925199 0.12103959433734418 0.29648480080068113 0.011450044462643565 23.821108473464847 550.09729629382491
0.29520158045925199 0.12103959433734418 0.29648480080068113 0.011450044462643565 28.13427178375423 565.58759734034538
0.06205880041234195 0.34026353545486931 0.2396661400794983 0.015213245074450972 23.821108473464847 565.58759734034538
0.39487171946093436 0.30996409542858605 0.495378614589572 0.0029239362914115193 16.323221076279879 451.57885476946831
0.4816876559983938 0.30996409542858605 0.495378614589572 0.0029239362914115193 16.323221076279879 451.57885476946831
0.39487171946093436 0.2521749220788479 0.495378614589572 0.0029239362914115193 16.323221076279879 451.57885476946831
0.39487171946093436 0.30996409542858605 0.40691662654280669 0.0029239362914115193 16.323221076279879 451.57885476946831
0.39487171946093436 0.30996409542858605 0.495378614589572 0.0056847848767414694 16.323221076279879 451.57885476946831
0.39487171946093436 0.30996409542858605 0.495378614589572 0.0029239362914115193 20.208821326494217 451.57885476946831
0.39487171946093436 0.30996409542858605 0.495378614589572 0.0029239362914115193 16.323221076279879 304.76520396769047
0.4816876559983938 0.2521749220788479 0.40691662654280669 0.0056847848767414694 20.208821326494217 304.76520396769047
0.42181285279802971 0.29511317461729047 0.26515373811125753 0.0099838280022144336 24.872821599245071 392.87222875282168
0.30206863409839568 0.29511317461729047 0.26515373811125753 0.0099838280022144336 24.872821599245071 392.87222875282168
0.42181285279802971 0.10416258312761784 0.26515373811125753 0.0099838280022144336 24.872821599245071 392.87222875282168
0.42181285279802971 0.29511317461729047 0.39474676735699177 0.0099838280022144336 24.872821599245071 392.87222875282168
0.42181285279802971 0.29511317461729047 0.26515373811125753 0.018146208667010069 24.872821599245071 392.87222875282168
0.42181285279802971 0.29511317461729047 0.26515373811125753 0.0099838280022144336 21.911605319008231 392.87222875282168
0.42181285279802971 0.29511317461729047 0.26515373811125753 0.0099838280022144336 24.872821599245071 185.67411620169878
0.30206863409839568 0.10416258312761784 0.39474676735699177 0.018146208667010069 21.911605319008231 185.67411620169878
0.34752869326621288 0.48716400340199473 0.46479523256421096 0.015996268355287613 19.624729158356786 744.35390122234821
0.57302541560493403 0.48716400340199473 0.46479523256421096 0.015996268355287613 19.624729158356786 744.35390122234821
0.34752869326621288 0.49068256989121439 0.46479523256421096 0.015996268355287613 19.624729158356786 744.35390122234821
0.34752869326621288 0.48716400340199473 0.15261577777564528 0.015996268355287613 19.624729158356786 744.35390122234821
0.34752869326621288 0.48716400340199473 0.46479523256421096 0.0086299837546423095 19.624729158356786 744.35390122234821
0.34752869326621288 0.48716400340199473 0.46479523256421096 0.015996268355287613 25.999931760132313 744.35390122234821
0.34752869326621288 0.48716400340199473 0.46479523256421096 0.015996268355287613 19.624729158356786 683.80106966942549
0.57302541560493403 0.49068256989121439 0.15261577777564528 0.0086299837546423095 25.999931760132313 683.80106966942549
0.072542868414893741 0.15742982886731627 0.16945132948458197 0.0044321849636733534 14.654648268595338 991.42546392977238
0.11710875746794044 0.15742982886731627 0.16945132948458197 0.0044321849636733534 14.654648268595338 991.42546392977238
0.072542868414893741 0.32023845873773099 0.16945132948458197 0.0044321849636733534 14.654648268595338 991.42546392977238
0.072542868414893741 0.15742982886731627 0.20340472012758257 0.0044321849636733534 14.654648268595338 991.42546392977238
0.072542868414893741 0.15742982886731627 0.16945132948458197 0.0030607498288154605 14.654648268595338 991.42546392977238
0.072542868414893741 0.15742982886731627 0.16945132948458197 0.0044321849636733534 35.795981215313077 991.42546392977238
0.072542868414893741 0.15742982886731627 0.16945132948458197 0.0044321849636733534 14.654648268595338 889.94749393314123
0.11710875746794044 0.32023845873773099 0.20340472012758257 0.0030607498288154605 35.795981215313077 889.94749393314123
0.65843479773029678 0.37474921680986883 0.36987388618290429 0.010485335791297259 32.844170995056629 189.78202743455768
0.50914731440134342 0.37474921680986883 0.36987388618290429 0.010485335791297259 32.844170995056629 189.78202743455768
0.65843479773029678 0.28175849169492723 0.36987388618290429 0.010485335791297259 32.844170995056629 189.78202743455768
0.65843479773029678 0.37474921680986883 0.44864527061581616 0.010485335791297259 32.844170995056629 189.78202743455768
0.65843479773029678 0.37474921680986883 0.36987388618290429 0.012578188068605962 32.844170995056629 189.78202743455768
0.65843479773029678 0.37474921680986883 0.36987388618290429 0.010485335791297259 8.2481395937502384 189.78202743455768
0.65843479773029678 0.37474921680986883 0.36987388618290429 0.010485335791297259 32.844170995056629 433.5960665717721
0.50914731440134342 0.28175849169492723 0.44864527061581616 0.012578188068605962 8.2481395937502384 433.5960665717721
0.60777056617662306 0.13227936141192914 0.42451336421072483 0.013086655128933491 35.638988420367241 547.91077878326178
0.17713454584591087 0.13227936141192914 0.42451336421072483 0.013086655128933491 35.638988420367241 547.91077878326178
0.60777056617662306 0.38558569662272935 0.42451336421072483 0.013086655128933491 35.638988420367241 547.91077878326178
0.60777056617662306 0.13227936141192914 0.28982816711068154 0.013086655128933491 35.638988420367241 547.91077878326178
0.60777056617662306 0.13227936141192914 0.42451336421072483 0.00741260753069073 35.638988420367241 547.91077878326178
0.60777056617662306 0.13227936141192914 0.42451336421072483 0.013086655128933491 33.129572283476591 547.91077878326178
0.60777056617662306 0.13227936141192914 0.42451336421072483 0.013086655128933491 35.638988420367241 450.56970715522766
0.17713454584591087 0.38558569662272935 0.28982816711068154 0.00741260753069073 33.129572283476591 450.56970715522766
0.20469268658198414 0.34960332997143273 0.22418522424995901 0.0018142299219965938 8.8294335473328829 646.2674462236464
0.44777138750068834 0.34960332997143273 0.22418522424995901 0.0018142299219965938 8.8294335473328829 646.2674462236464
0.20469268658198414 0.22250245809555055 0.22418522424995901 0.0018142299219965938 8.8294335473328829 646.2674462236464
0.20469268658198414 0.34960332997143273 0.45694991797208784 0.0018142299219965938 8.8294335473328829 646.2674462236464
0.20469268658198414 0.34960332997143273 0.22418522424995901 0.017038965943455695 8.8294335473328829 646.2674462236464
0.20469268658198414 0.34960332997143273 0.22418522424995901 0.0018142299219965938 14.723313713446259 646.2674462236464
0.20469268658198414 0.34960332997143273 0.22418522424995901 0.0018142299219965938 8.8294335473328829 880.11453412473202
0.44777138750068834 0.22250245809555055 0.45694991797208784 0.017038965943455695 14.723313713446259 880.11453412473202
0.2153764246031642 0.2198653370141983 0.31631115004420285 0.018635276927240194 18.887555638328195 837.04609358683228
0.24101258651353419 0.2198653370141983 0.31631115004420285 0.018635276927240194 18.887555638328195 837.04609358683228
0.2153764246031642 0.1884551364928484 0.31631115004420285 0.018635276927240194 18.887555638328195 837.04609358683228
0.2153764246031642 0.2198653370141983 0.31242621652781966 0.018635276927240194 18.887555638328195 837.04609358683228
0.2153764246031642 0.2198653370141983 0.31631115004420285 0.011469802938587965 18.887555638328195 837.04609358683228
0.2153764246031642 0.2198653370141983 0.31631115004420285 0.018635276927240194 17.136508032679558 837.04609358683228
0.2153764246031642 0.2198653370141983 0.31631115004420285 0.018635276927240194 18.887555638328195 646.1726862937212
0.24101258651353419 0.1884551364928484 0.31242621652781966 0.011469802938587965 17.136508032679558 646.1726862937212
0.47247463385574512 0.41192074641585352 0.11676444783806801 0.0073233497418463229 28.640385262668133 288.52766212075949
0.63273135856725271 0.41192074641585352 0.11676444783806801 0.0073233497418463229 28.640385262668133 288.52766212075949
0.47247463385574512 0.40037185177206991 0.11676444783806801 0.0073233497418463229 28.640385262668133 288.52766212075949
0.47247463385574512 0.41192074641585352 0.14216441102325916 0.0073233497418463229 28.640385262668133 288.52766212075949
0.47247463385574512 0.41192074641585352 0.11676444783806801 0.0018446670733392242 28.640385262668133 288.52766212075949
0.47247463385574512 0.41192074641585352 0.11676444783806801 0.0073233497418463229 27.083336470648646 288.52766212075949
0.47247463385574512 0.41192074641585352 0.11676444783806801 0.0073233497418463229 28.640385262668133 230.22345378994942
0.63273135856725271 0.40037185177206991 0.14216441102325916 0.0018446670733392242 27.083336470648646 230.22345378994942
