0.4880360459443181 0.12805288918316365 0.43625610470771792 0.00072707127276808029 30.734760427847505 303.10463160276413
0.4776435083243995 0.12805288918316365 0.43625610470771792 0.00072707127276808029 30.734760427847505 303.10463160276413
0.4880360459443181 0.23537990413606169 0.43625610470771792 0.00072707127276808029 30.734760427847505 303.10463160276413
0.4880360459443181 0.12805288918316365 0.45504973009228711 0.00072707127276808029 30.734760427847505 303.10463160276413
0.4880360459443181 0.12805288918316365 0.43625610470771792 0.004179156573489308 30.734760427847505 303.10463160276413
0.4880360459443181 0.12805288918316365 0.43625610470771792 0.00072707127276808029 23.634534433484077 303.10463160276413
0.4880360459443181 0.12805288918316365 0.43625610470771792 0.00072707127276808029 30.734760427847505 186.19781751185656
0.4776435083243995 0.23537990413606169 0.45504973009228711 0.004179156573489308 23.634534433484077 186.19781751185656
0.24238375946879387 0.34201382510364053 0.23749369531869891 0.014166584044694902 13.482839234173298 879.63820984587073
0.067372409114614132 0.34201382510364053 0.23749369531869891 0.014166584044694902 13.482839234173298 879.63820984587073
0.24238375946879387 0.37190068811178212 0.23749369531869891 0.014166584044694902 13.482839234173298 879.63820984587073
0.24238375946879387 0.34201382510364053 0.29719562083482742 0.014166584044694902 13.482839234173298 879.63820984587073
0.24238375946879387 0.34201382510364053 0.23749369531869891 0.014394047900103034 13.482839234173298 879.63820984587073
0.24238375946879387 0.34201382510364053 0.23749369531869891 0.014166584044694902 20.453474132344127 879.63820984587073
0.24238375946879387 0.34201382510364053 0.23749369531869891 0.014166584044694902 13.482839234173298 686.52198296040297
0.067372409114614132 0.37190068811178212 0.29719562083482742 0.014394047900103034 20.453474132344127 686.52198296040297
0.18722668220289052 0.21549199447035791 0.32961496077477936 0.0062400400759652259 21.734124749898911 630.9204145334661
0.58134291465394194 0.21549199447035791 0.32961496077477936 0.0062400400759652259 21.734124749898911 630.9204145334661
0.18722668220289052 0.4390534792095423 0.32961496077477936 0.0062400400759652259 21.734124749898911 630.9204145334661
0.18722668220289052 0.21549199447035791 0.14642186574637892 0.0062400400759652259 21.734124749898911 630.9204145334661
0.18722668220289052 0.21549199447035791 0.32961496077477936 0.019963277068361641 21.734124749898911 630.9204145334661
0.18722668220289052 0.21549199447035791 0.32961496077477936 0.0062400400759652259 11.624250274151564 630.9204145334661
0.18722668220289052 0.21549199447035791 0.32961496077477936 0.0062400400759652259 21.734124749898911 888.92962243407965
0.58134291465394194 0.4390534792095423 0.14642186574637892 0.019963277068361641 11.624250274151564 888.92962243407965
0.58139831172302359 0.40467266142368319 0.1285086076706648 0.019716186123341323 26.044588388875127 504.32887375354767
0.37499127979390318 0.40467266142368319 0.1285086076706648 0.019716186123341323 26.044588388875127 504.32887375354767
0.58139831172302359 0.15057421699166298 0.1285086076706648 0.019716186123341323 26.044588388875127 504.32887375354767
0.58139831172302359 0.40467266142368319 0.3011359442025423 0.019716186123341323 26.044588388875127 504.32887375354767
0.58139831172302359 0.40467266142368319 0.1285086076706648 0.0097471819294616593 26.044588388875127 504.32887375354767
0.58139831172302359 0.40467266142368319 0.1285086076706648 0.019716186123341323 36.331174785271287 504.32887375354767
0.58139831172302359 0.40467266142368319 0.1285086076706648 0.019716186123341323 26.044588388875127 431.25988934189081
0.37499127979390318 0.15057421699166298 0.3011359442025423 0.0097471819294616593 36.331174785271287 431.25988934189081
0.63214156934991472 0.28986736014485359 0.27689665816724301 0.017385551027953625 27.468518951907754 177.07171114161611
0.68278251332230866 0.28986736014485359 0.27689665816724301 0.017385551027953625 27.468518951907754 177.07171114161611
0.63214156934991472 0.45436419434845454 0.27689665816724301 0.017385551027953625 27.468518951907754 177.07171114161611
0.63214156934991472 0.28986736014485359 0.16077509112656119 0.017385551027953625 27.468518951907754 177.07171114161611
0.63214156934991472 0.28986736014485359 0.27689665816724301 0.010582106093876066 27.468518951907754 177.07171114161611
0.63214156934991472 0.28986736014485359 0.27689665816724301 0.017385551027953625 12.414715068414807 177.07171114161611
0.63214156934991472 0.28986736014485359 0.27689665816724301 0.017385551027953625 27.468518951907754 449.55188930034637
0.68278251332230866 0.45436419434845454 0.16077509112656119 0.010582106093876066 12.414715068414807 449.55188930034637
0.055156509997323161 0.4790312454104424 0.47810352556407454 0.0085872731098905215 16.77808790653944 950.48028100281954
0.27220154744572933 0.4790312454104424 0.47810352556407454 0.0085872731098905215 16.77808790653944 950.48028100281954
0.055156509997323161 0.14128166064620018 0.47810352556407454 0.0085872731098905215 16.77808790653944 950.48028100281954
0.055156509997323161 0.4790312454104424 0.39362017624080181 0.0085872731098905215 16.77808790653944 950.48028100281954
0.055156509997323161 0.4790312454104424 0.47810352556407454 0.00041692346297204496 16.77808790653944 950.48028100281954
0.055156509997323161 0.4790312454104424 0.47810352556407454 0.0085872731098905215 31.731944803148508 950.48028100281954
0.055156509997323161 0.4790312454104424 0.47810352556407454 0.0085872731098905215 16.77808790653944 877.77830325067043
0.27220154744572933 0.14128166064620018 0.39362017624080181 0.00041692346297204496 31.731944803148508 877.77830325067043
0.37445636279880995 0.15252543427050114 0.18275493681430818 0.011875603464990855 10.001257166266441 758.05196780711412
0.37516374192200597 0.15252543427050114 0.18275493681430818 0.011875603464990855 10.001257166266441 758.05196780711412
0.37445636279880995 0.26963592879474163 0.18275493681430818 0.011875603464990855 10.001257166266441 758.05196780711412
0.37445636279880995 0.15252543427050114 0.43815916031599045 0.011875603464990855 10.001257166266441 758.05196780711412
0.37445636279880995 0.15252543427050114 0.18275493681430818 0.0059860723426565527 10.001257166266441 758.05196780711412
0.37445636279880995 0.15252543427050114 0.18275493681430818 0.011875603464990855 30.285518636927009 758.05196780711412
0.37445636279880995 0.15252543427050114 0.18275493681430818 0.011875603464990855 10.001257166266441 646.69633395969868
0.37516374192200597 0.26963592879474163 0.43815916031599045 0.0059860723426565527 30.285518636927009 646.69633395969868
0.43729521944187577 0.36646958850324152 0.38161824792623522 0.0030394837753847243 37.748441623523831 434.58543540909886
0.168502085423097 0.36646958850324152 0.38161824792623522 0.0030394837753847243 37.748441623523831 434.58543540909886
0.43729521944187577 0.33155344128608705 0.38161824792623522 0.0030394837753847243 37.748441623523831 434.58543540909886
0.43729521944187577 0.36646958850324152 0.20842365995049478 0.0030394837753847243 37.748441623523831 434.58543540909886
0.43729521944187577 0.36646958850324152 0.38161824792623522 0.016150060676410793 37.748441623523831 434.58543540909886
0.43729521944187577 0.36646958850324152 0.38161824792623522 0.0030394837753847243 17.494182504713535 434.58543540909886
0.43729521944187577 0.36646958850324152 0.38161824792623522 0.0030394837753847243 37.748441623523831 232.94442072510719
0.168502085423097 0.33155344128608705 0.20842365995049478 0.016150060676410793 17.494182504713535 232.94442072510719
0.4085288879461586 0.22532776221632958 0.15080741979181767 0.0096356072915717971 14.228820709511638 467.00829397886992
0.63884343425743273 0.22532776221632958 0.15080741979181767 0.0096356072915717971 14.228820709511638 467.00829397886992
0.4085288879461586 0.48747632466256618 0.15080741979181767 0.0096356072915717971 14.228820709511638 467.00829397886992
0.4085288879461586 0.22532776221632958 0.19635216630995275 0.0096356072915717971 14.228820709511638 467.00829397886992
0.4085288879461586 0.22532776221632958 0.15080741979181767 0.0076912039039656521 14.228820709511638 467.00829397886992
0.4085288879461586 0.22532776221632958 0.15080741979181767 0.0096356072915717971 17.329491658136249 467.00829397886992
0.4085288879461586 0.22532776221632958 0.15080741979181767 0.0096356072915717971 14.228820709511638 127.03510951250792
0.63884343425743273 0.48747632466256618 0.19635216630995275 0.0076912039039656521 17.329491658136249 127.03510951250792
0.32030468140728768 0.44239558279514313 0.35047944672405718 0.015958070079609751 33.538963321596384 593.54186216369271
0.2361700735520571 0.44239558279514313 0.35047944672405718 0.015958070079609751 33.538963321596384 593.54186216369271
0.32030468140728768 0.12400243729352951 0.35047944672405718 0.015958070079609751 33.538963321596384 593.54186216369271
0.32030468140728768 0.44239558279514313 0.35101032517850406 0.015958070079609751 33.538963321596384 593.54186216369271
0.32030468140728768 0.44239558279514313 0.35047944672405718 0.017848091585561634 33.538963321596384 593.54186216369271
0.32030468140728768 0.44239558279514313 0.35047944672405718 0.015958070079609751 26.832274079322815 593.54186216369271
0.32030468140728768 0.44239558279514313 0.35047944672405718 0.015958070079609751 33.538963321596384 753.48240900784731
0.2361700735520571 0.12400243729352951 0.35101032517850406 0.017848091585561634 26.832274079322815 753.48240900784731
0.11025850921869278 0.11276649124920368 0.25823000892996789 0.0040072269639000301 23.244162883609533 798.36544105783105
0.45309005216695364 0.11276649124920368 0.25823000892996789 0.0040072269639000301 23.244162883609533 798.36544105783105
0.11025850921869278 0.29007720686495309 0.25823000892996789 0.0040072269639000301 23.244162883609533 798.36544105783105
0.11025850921869278 0.11276649124920368 0.40491213500499723 0.0040072269639000301 23.244162883609533 798.36544105783105
0.11025850921869278 0.11276649124920368 0.25823000892996789 0.013517561472021045 23.244162883609533 798.36544105783105
0.11025850921869278 0.11276649124920368 0.25823000892996789 0.0040072269639000301 32.85655159689486 798.36544105783105
0.11025850921869278 0.11276649124920368 0.25823000892996789 0.0040072269639000301 23.244162883609533 997.74797204881907
0.45309005216695364 0.29007720686495309 0.40491213500499723 0.013517561472021045 32.85655159689486 997.74797204881907
0.66185821867547923 0.30505403392016889 0.45868309214711189 0.010369192025437953 20.991690104827285 221.77391033619642
0.17308538095094261 0.30505403392016889 0.45868309214711189 0.010369192025437953 20.991690104827285 221.77391033619642
0.66185821867547923 0.30160327330231668 0.45868309214711189 0.010369192025437953 20.991690104827285 221.77391033619642
0.66185821867547923 0.30505403392016889 0.24713790938258173 0.010369192025437953 20.991690104827285 221.77391033619642
0.66185821867547923 0.30505403392016889 0.45868309214711189 0.0033594794932752851 20.991690104827285 221.77391033619642
0.66185821867547923 0.30505403392016889 0.45868309214711189 0.010369192025437953 14.93825563415885 221.77391033619642
0.66185821867547923 0.30505403392016889 0.45868309214711189 0.010369192025437953 20.991690104827285 328.7011718377471
0.17308538095094261 0.30160327330231668 0.24713790938258173 0.0033594794932752851 14.93825563415885 328.7011718377471
0.55010025589726863 0.18790441490709783 0.31019757911562917 0.01266082848571241 17.495117170736194 340.12220976874232
0.51398492879234248 0.18790441490709783 0.31019757911562917 0.01266082848571241 17.495117170736194 340.12220976874232
0.55010025589726863 0.20558924265205861 0.31019757911562917 0.01266082848571241 17.495117170736194 340.12220976874232
0.55010025589726863 0.18790441490709783 0.48821057900786402 0.01266082848571241 17.495117170736194 340.12220976874232
0.55010025589726863 0.18790441490709783 0.31019757911562917 0.016718332508578897 17.495117170736194 340.12220976874232
0.55010025589726863 0.18790441490709783 0.31019757911562917 0.01266082848571241 36.049317169934511 340.12220976874232
0.55010025589726863 0.18790441490709783 0.31019757911562917 0.01266082848571241 17.495117170736194 537.1673833578825
0.51398492879234248 0.20558924265205861 0.48821057900786402 0.016718332508578897 36.049317169934511 537.1673833578825
0.14068959616124629 0.38021179698407648 0.10983890667557716 0.0016983505515381697 30.243538070470095 663.53078298270702
0.11100154644809662 0.38021179698407648 0.10983890667557716 0.0016983505515381697 30.243538070470095 663.53078298270702
0.14068959616124629 0.39249983057379723 0.10983890667557716 0.0016983505515381697 30.243538070470095 663.53078298270702
0.14068959616124629 0.38021179698407648 0.25856754779815672 0.0016983505515381697 30.243538070470095 663.53078298270702
0.14068959616124629 0.38021179698407648 0.10983890667557716 0.0064951378976926205 30.243538070470095 663.53078298270702
0.14068959616124629 0.38021179698407648 0.10983890667557716 0.0016983505515381697 8.0537979323416948 663.53078298270702
0.14068959616124629 0.38021179698407648 0.10983890667557716 0.0016983505515381697 30.243538070470095 782.14193135499954
0.11100154644809662 0.39249983057379723 0.25856754779815672 0.0064951378976926205 8.0537979323416948 782.14193135499954
0.28987606433220203 0.25056362822651868 0.40512035526335244 0.018287396069243549 34.976969223469496 924.59234558045864
0.57706956085748973 0.25056362822651868 0.40512035526335244 0.018287396069243549 34.976969223469496 924.59234558045864
0.28987606433220203 0.42154304496943951 0.40512035526335244 0.018287396069243549 34.976969223469496 924.59234558045864
0.28987606433220203 0.25056362822651868 0.11090662442147732 0.018287396069243549 34.976969223469496 924.59234558045864
0.28987606433220203 0.25056362822651868 0.40512035526335244 0.0021646880727261308 34.976969223469496 924.59234558045864
0.28987606433220203 0.25056362822651868 0.40512035526335244 0.018287396069243549 21.695276640355587 924.59234558045864
0.28987606433220203 0.25056362822651868 0.40512035526335244 0.018287396069243549 34.976969223469496 566.55069813132286
0.57706956085748973 0.42154304496943951 0.11090662442147732 0.0021646880727261308 21.695276640355587 566.55069813132286
0.52028932059183708 0.46765128821134572 0.2055431265383959 0.0072842073654755951 9.2880054023116827 151.12580982968211
0.29675502297468481 0.46765128821134572 0.2055431265383959 0.0072842073654755951 9.2880054023116827 151.12580982968211
0.52028932059183708 0.18345367908477783 0.2055431265383959 0.0072842073654755951 9.2880054023116827 151.12580982968211
0.52028932059183708 0.46765128821134572 0.34368396140635016 0.0072842073654755951 9.2880054023116827 151.12580982968211
0.52028932059183708 0.46765128821134572 0.2055431265383959 0.01238667887132615 9.2880054023116827 151.12580982968211
0.52028932059183708 0.46765128821134572 0.2055431265383959 0.0072842073654755951 26.275254731997848 151.12580982968211
0.52028932059183708 0.46765128821134572 0.2055431265383959 0.0072842073654755951 9.2880054023116827 307.04671777784824
0.29675502297468481 0.18345367908477783 0.34368396140635016 0.01238667887132615 26.275254731997848 307.04671777784824
0.50742258960381148 0.26785073988139629 0.36579626463353632 0.012253522410243751 25.230828804895282 694.12271287292242
0.084928748896345496 0.26785073988139629 0.36579626463353632 0.012253522410243751 25.230828804895282 694.12271287292242
0.50742258960381148 0.40427086353302 0.36579626463353632 0.012253522410243751 25.230828804895282 694.12271287292242
0.50742258960381148 0.26785073988139629 0.37497145198285586 0.012253522410243751 25.230828804895282 694.12271287292242
0.50742258960381148 0.26785073988139629 0.36579626463353632 0.00099966239631176 25.230828804895282 694.12271287292242
0.50742258960381148 0.26785073988139629 0.36579626463353632 0.012253522410243751 25.266493579372764 694.12271287292242
0.50742258960381148 0.26785073988139629 0.36579626463353632 0.012253522410243751 25.230828804895282 467.81511250883341
0.084928748896345496 0.40427086353302 0.37497145198285586 0.00099966239631176 25.266493579372764 467.81511250883341
0.26176008102484044 0.45075108297169209 0.16693600527942182 0.0034159685166552664 22.971145857125521 370.60137623921037
0.46508474438451225 0.45075108297169209 0.16693600527942182 0.0034159685166552664 22.971145857125521 370.60137623921037
0.26176008102484044 0.19079086296260359 0.16693600527942182 0.0034159685166552664 22.971145857125521 370.60137623921037
0.26176008102484044 0.45075108297169209 0.17961760200560095 0.0034159685166552664 22.971145857125521 370.60137623921037
0.26176008102484044 0.45075108297169209 0.16693600527942182 0.011231316516734662 22.971145857125521 370.60137623921037
0.26176008102484044 0.45075108297169209 0.16693600527942182 0.0034159685166552664 22.586220867931843 370.60137623921037
0.26176008102484044 0.45075108297169209 0.16693600527942182 0.0034159685166552664 22.971145857125521 855.18621262162924
0.46508474438451225 0.19079086296260359 0.17961760200560095 0.011231316516734662 22.586220867931843 855.18621262162924
0.16846777908504007 0.18038750588893893 0.4747810691595078 0.016524535474181177 12.245817344635725 121.96423495188355
0.34684353326447304 0.18038750588893893 0.4747810691595078 0.016524535474181177 12.245817344635725 121.96423495188355
0.16846777908504007 0.22012701258063316 0.4747810691595078 0.016524535474181177 12.245817344635725 121.96423495188355
0.16846777908504007 0.18038750588893893 0.22728142067790033 0.016524535474181177 12.245817344635725 121.96423495188355
0.16846777908504007 0.18038750588893893 0.4747810691595078 0.015563050331920387 12.245817344635725 121.96423495188355
0.16846777908504007 0.18038750588893893 0.4747810691595078 0.016524535474181177 9.0328755248337984 121.96423495188355
0.16846777908504007 0.18038750588893893 0.4747810691595078 0.016524535474181177 12.245817344635725 607.84105788916349
0.34684353326447304 0.22012701258063316 0.22728142067790033 0.015563050331920387 9.0328755248337984 607.84105788916349
0.56266885935328903 0.38811694607138636 0.27357725352048878 0.0077276923501864081 31.548520794138312 895.31779941171408
0.60433192406781011 0.38811694607138636 0.27357725352048878 0.0077276923501864081 31.548520794138312 895.31779941171408
0.56266885935328903 0.38164705820381639 0.27357725352048878 0.0077276923501864081 31.548520794138312 895.31779941171408
0.56266885935328903 0.38811694607138636 0.41949518620967863 0.0077276923501864081 31.548520794138312 895.31779941171408
0.56266885935328903 0.38811694607138636 0.27357725352048878 0.005330183105356991 31.548520794138312 895.31779941171408
0.56266885935328903 0.38811694607138636 0.27357725352048878 0.0077276923501864081 35.187255416065454 895.31779941171408
0.56266885935328903 0.38811694607138636 0.27357725352048878 0.0077276923501864081 31.548520794138312 262.19052542001009
0.60433192406781011 0.38164705820381639 0.41949518620967863 0.005330183105356991 35.187255416065454 262.19052542001009
0.6946599376853555 0.10485447496175766 0.11893624067306519 0.0053980583356693385 36.963691918179393 567.01690210029483
0.28507523643784222 0.10485447496175766 0.11893624067306519 0.0053980583356693385 36.963691918179393 567.01690210029483
0.6946599376853555 0.28566966429352758 0.11893624067306519 0.0053980583356693385 36.963691918179393 567.01690210029483
0.6946599376853555 0.10485447496175766 0.265853488445282 0.0053980583356693385 36.963691918179393 567.01690210029483
0.6946599376853555 0.10485447496175766 0.11893624067306519 0.014982303621061148 36.963691918179393 567.01690210029483
0.6946599376853555 0.10485447496175766 0.11893624067306519 0.0053980583356693385 14.042948793619871 567.01690210029483
0.6946599376853555 0.10485447496175766 0.11893624067306519 0.0053980583356693385 36.963691918179393 168.42201873660088
0.28507523643784222 0.28566966429352758 0.265853488445282 0.014982303621061148 14.042948793619871 168.42201873660088
0.11764480769634246 0.31257933452725412 0.32004564553499226 0.018875639177113771 11.267289940267801 440.37057049572468
0.66491129207424815 0.31257933452725412 0.32004564553499226 0.018875639177113771 11.267289940267801 440.37057049572468
0.11764480769634246 0.32258643843233586 0.32004564553499226 0.018875639177113771 11.267289940267801 440.37057049572468
0.11764480769634246 0.31257933452725412 0.48619807586073882 0.018875639177113771 11.267289940267801 440.37057049572468
0.11764480769634246 0.31257933452725412 0.32004564553499226 0.004833875375241041 11.267289940267801 440.37057049572468
0.11764480769634246 0.31257933452725412 0.32004564553499226 0.018875639177113771 33.868302071467042 440.37057049572468
0.11764480769634246 0.31257933452725412 0.32004564553499226 0.018875639177113771 11.267289940267801 708.75024534761906
0.66491129207424815 0.32258643843233586 0.48619807586073882 0.004833875375241041 33.868302071467042 708.75024534761906
0.31258050506003199 0.24221957586705686 0.21542162261903286 0.0011240240314975382 15.512056138366461 247.97141291201115
0.14582795747555791 0.24221957586705686 0.21542162261903286 0.0011240240314975382 15.512056138366461 247.97141291201115
0.31258050506003199 0.4883682057261467 0.21542162261903286 0.0011240240314975382 15.512056138366461 247.97141291201115
0.31258050506003199 0.24221957586705686 0.33229953385889532 0.0011240240314975382 15.512056138366461 247.97141291201115
0.31258050506003199 0.24221957586705686 0.21542162261903286 0.0091655384907498964 15.512056138366461 247.97141291201115
0.31258050506003199 0.24221957586705686 0.21542162261903286 0.0011240240314975382 27.697755202651024 247.97141291201115
0.31258050506003199 0.24221957586705686 0.21542162261903286 0.0011240240314975382 15.512056138366461 928.30000333487988
0.14582795747555791 0.4883682057261467 0.33229953385889532 0.0091655384907498964 27.697755202651024 928.30000333487988
0.37542896391823882 0.42511533834040172 0.41418708376586444 0.014562102599442007 28.253267651423812 824.44997234269977
0.40299656339921053 0.42511533834040172 0.41418708376586444 0.014562102599442007 28.253267651423812 824.44997234269977
0.37542896391823882 0.10028493367135526 0.41418708376586444 0.014562102599442007 28.253267651423812 824.44997234269977
0.37542896391823882 0.42511533834040172 0.11506448946893216 0.014562102599442007 28.253267651423812 824.44997234269977
0.37542896391823882 0.42511533834040172 0.41418708376586444 0.01931274396777153 28.253267651423812 824.44997234269977
0.37542896391823882 0.42511533834040172 0.41418708376586444 0.014562102599442007 16.346536932513118 824.44997234269977
0.37542896391823882 0.42511533834040172 0.41418708376586444 0.014562102599442007 28.253267651423812 401.62227600812912
0.40299656339921053 0.10028493367135526 0.11506448946893216 0.01931274396777153 16.346536932513118 401.62227600812912
0.42981973453424865 0.16668220460414887 0.24636511132121086 0.017909778952971103 19.740077892318368 976.70429721474648
0.21825980176217852 0.16668220460414887 0.24636511132121086 0.017909778952971103 19.740077892318368 976.70429721474648
0.42981973453424865 0.25607317090034487 0.24636511132121086 0.017909778952971103 19.740077892318368 976.70429721474648
0.42981973453424865 0.16668220460414887 0.27721169739961626 0.017909778952971103 19.740077892318368 976.70429721474648
0.42981973453424865 0.16668220460414887 0.24636511132121086 0.0071607754291966559 19.740077892318368 976.70429721474648
0.42981973453424865 0.16668220460414887 0.24636511132121086 0.017909778952971103 18.503629855811596 976.70429721474648
0.42981973453424865 0.16668220460414887 0.24636511132121086 0.017909778952971103 19.740077892318368 520.71304526180029
0.21825980176217852 0.25607317090034487 0.27721169739961626 0.0071607754291966559 18.503629855811596 520.71304526180029
0.34158529378473751 0.35270124897360799 0.44593928828835494 0.0069080250432714818 24.043331138789654 203.18297063931823
0.65175617863424118 0.35270124897360799 0.44593928828835494 0.0069080250432714818 24.043331138789654 203.18297063931823
0.34158529378473751 0.34260002486407759 0.44593928828835494 0.0069080250432714818 24.043331138789654 203.18297063931823
0.34158529378473751 0.35270124897360799 0.46936959102749831 0.0069080250432714818 24.043331138789654 203.18297063931823
0.34158529378473751 0.35270124897360799 0.44593928828835494 0.017295745620876549 24.043331138789654 203.18297063931823
0.34158529378473751 0.35270124897360799 0.44593928828835494 0.0069080250432714818 29.393430447205901 203.18297063931823
0.34158529378473751 0.35270124897360799 0.44593928828835494 0.0069080250432714818 24.043331138789654 810.08599791675806
0.65175617863424118 0.34260002486407759 0.46936959102749831 0.017295745620876549 29.393430447205901 810.08599791675806
0.088325784029439081 0.27921858541667466 0.13816136159002781 0.013522145868465306 32.739794060587883 408.03570514544845
0.2008779169525951 0.27921858541667466 0.13816136159002781 0.013522145868465306 32.739794060587883 408.03570514544845
0.088325784029439081 0.47144256457686429 0.13816136159002781 0.013522145868465306 32.739794060587883 408.03570514544845
0.088325784029439081 0.27921858541667466 0.32483383305370805 0.013522145868465306 32.739794060587883 408.03570514544845
0.088325784029439081 0.27921858541667466 0.13816136159002781 0.011727729743160309 32.739794060587883 408.03570514544845
0.088325784029439081 0.27921858541667466 0.13816136159002781 0.013522145868465306 30.752180118113756 408.03570514544845
0.088325784029439081 0.27921858541667466 0.13816136159002781 0.013522145868465306 32.739794060587883 603.71983367949724
0.2008779169525951 0.47144256457686429 0.32483383305370805 0.011727729743160309 30.752180118113756 603.71983367949724
0.63995493212714782 0.49006673581898219 0.33851698227226734 0.002558233730308712 15.480433927848935 731.38925954699516
0.43045622422359875 0.49006673581898219 0.33851698227226734 0.002558233730308712 15.480433927848935 731.38925954699516
0.63995493212714782 0.13296946473419669 0.33851698227226734 0.002558233730308712 15.480433927848935 731.38925954699516
0.63995493212714782 0.49006673581898219 0.12955991439521314 0.002558233730308712 15.480433927848935 731.38925954699516
0.63995493212714782 0.49006673581898219 0.33851698227226734 0.0015915367826819422 15.480433927848935 731.38925954699516
0.63995493212714782 0.49006673581898219 0.33851698227226734 0.002558233730308712 13.277921678498387 731.38925954699516
0.63995493212714782 0.49006673581898219 0.33851698227226734 0.002558233730308712 15.480433927848935 272.57138174027205
0.43045622422359875 0.13296946473419669 0.12955991439521314 0.0015915367826819422 13.277921678498387 272.57138174027205
0.60944479005411267 0.20446031950414181 0.49325545765459544 0.0048489062851294878 8.0072670821100473 850.45165019109845
0.09840372228063643 0.20446031950414181 0.49325545765459544 0.0048489062851294878 8.0072670821100473 850.45165019109845
0.60944479005411267 0.43679591193795209 0.49325545765459544 0.0048489062851294878 8.0072670821100473 850.45165019109845
0.60944479005411267 0.20446031950414181 0.38235092870891096 0.0048489062851294878 8.0072670821100473 850.45165019109845
0.60944479005411267 0.20446031950414181 0.49325545765459544 0.018508212329447271 8.0072670821100473 850.45165019109845
0.60944479005411267 0.20446031950414181 0.49325545765459544 0.0048489062851294878 37.227168718352914 850.45165019109845
0.60944479005411267 0.20446031950414181 0.49325545765459544 0.0048489062851294878 8.0072670821100473 143.09815354645252
0.09840372228063643 0.43679591193795209 0.38235092870891096 0.018508212329447271 37.227168718352914 143.09815354645252
0.20000407178886231 0.4153160963207484 0.29279932267963887 0.011209437142685057 35.747013159096241 273.80531523376703
0.53158031427301466 0.4153160963207484 0.29279932267963887 0.011209437142685057 35.747013159096241 273.80531523376703
0.20000407178886231 0.17370733357965945 0.29279932267963887 0.011209437142685057 35.747013159096241 273.80531523376703
0.20000407178886231 0.4153160963207484 0.16520840115845203 0.011209437142685057 35.747013159096241 273.80531523376703
0.20000407178886231 0.4153160963207484 0.29279932267963887 0.0082631086373701704 35.747013159096241 273.80531523376703
0.20000407178886231 0.4153160963207484 0.29279932267963887 0.011209437142685057 10.611354943364859 273.80531523376703
0.20000407178886231 0.4153160963207484 0.29279932267963887 0.011209437142685057 35.747013159096241 726.05323269963264
0.53158031427301466 0.17370733357965945 0.16520840115845203 0.0082631086373701704 10.611354943364859 726.05323269963264
0.22990449741482732 0.14182656854391099 0.39755152091383938 0.0092383521137759106 29.473494917154312 534.94753185659647
0.3197037372272461 0.14182656854391099 0.39755152091383938 0.0092383521137759106 29.473494917154312 534.94753185659647
0.22990449741482732 0.2403718337416649 0.39755152091383938 0.0092383521137759106 29.473494917154312 534.94753185659647
0.22990449741482732 0.14182656854391099 0.21598499789834025 0.0092383521137759106 29.473494917154312 534.94753185659647
0.22990449741482732 0.14182656854391099 0.39755152091383938 0.0026951634593307973 29.473494917154312 534.94753185659647
0.22990449741482732 0.14182656854391099 0.39755152091383938 0.0092383521137759106 19.587306810542941 534.94753185659647
0.22990449741482732 0.14182656854391099 0.39755152091383938 0.0092383521137759106 29.473494917154312 960.21479368209839
0.3197037372272461 0.2403718337416649 0.21598499789834025 0.0026951634593307973 19.587306810542941 960.21479368209839
0.46032736799679691 0.32785323932766919 0.19787644222378731 0.015562249695882203 18.775854708626866 661.42609464004636
0.54896210464648898 0.32785323932766919 0.19787644222378731 0.015562249695882203 18.775854708626866 661.42609464004636
0.46032736799679691 0.35228320918977263 0.19787644222378731 0.015562249695882203 18.775854708626866 661.42609464004636
0.46032736799679691 0.32785323932766919 0.43626188486814499 0.015562249695882203 18.775854708626866 661.42609464004636
0.46032736799679691 0.32785323932766919 0.19787644222378731 0.012939054045267405 18.775854708626866 661.42609464004636
0.46032736799679691 0.32785323932766919 0.19787644222378731 0.015562249695882203 24.61863312125206 661.42609464004636
0.46032736799679691 0.32785323932766919 0.19787644222378731 0.015562249695882203 18.775854708626866 363.66414688527584
0.54896210464648898 0.35228320918977263 0.43626188486814499 0.012939054045267405 24.61863312125206 363.66414688527584
