0.49126494061201803 0.18334810733795168 0.32093065828084943 0.010692371810413898 8.9577144403010607 853.5771663300693
0.37277622395195059 0.18334810733795168 0.32093065828084943 0.010692371810413898 8.9577144403010607 853.5771663300693
0.49126494061201803 0.30327335298061375 0.32093065828084943 0.010692371810413898 8.9577144403010607 853.5771663300693
0.49126494061201803 0.18334810733795168 0.43547933511435988 0.010692371810413898 8.9577144403010607 853.5771663300693
0.49126494061201803 0.18334810733795168 0.32093065828084943 0.014124752406775952 8.9577144403010607 853.5771663300693
0.49126494061201803 0.18334810733795168 0.32093065828084943 0.010692371810413898 19.903470242395997 853.5771663300693
0.49126494061201803 0.18334810733795168 0.32093065828084943 0.010692371810413898 8.9577144403010607 234.76028880104423
0.37277622395195059 0.30327335298061375 0.43547933511435988 0.014124752406775952 19.903470242395997 234.76028880104423
0.23927460978738962 0.39726805612444882 0.12138375341892244 0.0043704517170786855 34.823833137750626 277.09906287491322
0.58229711526073513 0.39726805612444882 0.12138375341892244 0.0043704517170786855 34.823833137750626 277.09906287491322
0.23927460978738962 0.29175337962806225 0.12138375341892244 0.0043704517170786855 34.823833137750626 277.09906287491322
0.23927460978738962 0.39726805612444882 0.21833004839718342 0.0043704517170786855 34.823833137750626 277.09906287491322
0.23927460978738962 0.39726805612444882 0.12138375341892244 0.0039897687906399375 34.823833137750626 277.09906287491322
0.23927460978738962 0.39726805612444882 0.12138375341892244 0.0043704517170786855 24.258238386362791 277.09906287491322
0.23927460978738962 0.39726805612444882 0.12138375341892244 0.0043704517170786855 34.823833137750626 634.4496819190681
0.58229711526073513 0.29175337962806225 0.21833004839718342 0.0039897687906399375 24.258238386362791 634.4496819190681
0.19033640576526523 0.27076328210532663 0.41350959055125713 0.016243939317949117 30.39670354872942 523.96248616278172
0.065782590536400676 0.27076328210532663 0.41350959055125713 0.016243939317949117 30.39670354872942 523.96248616278172
0.19033640576526523 0.11915548965334893 0.41350959055125713 0.016243939317949117 30.39670354872942 523.96248616278172
0.19033640576526523 0.27076328210532663 0.16285677030682566 0.016243939317949117 30.39670354872942 523.96248616278172
0.19033640576526523 0.27076328210532663 0.41350959055125713 0.0095578177131712457 30.39670354872942 523.96248616278172
0.19033640576526523 0.27076328210532663 0.41350959055125713 0.016243939317949117 37.775191126391292 523.96248616278172
0.19033640576526523 0.27076328210532663 0.41350959055125713 0.016243939317949117 30.39670354872942 882.99989951774478
0.065782590536400676 0.11915548965334893 0.16285677030682566 0.0095578177131712457 37.775191126391292 882.99989951774478
0.57816998609341674 0.45995177812874322 0.21318162940442564 0.0098814598120749008 17.825435960665345 650.6092737428844
0.47795264008454974 0.45995177812874322 0.21318162940442564 0.0098814598120749008 17.825435960665345 650.6092737428844
0.57816998609341674 0.48263546712696559 0.21318162940442564 0.0098814598120749008 17.825435960665345 650.6092737428844
0.57816998609341674 0.45995177812874322 0.3831400588154793 0.0098814598120749008 17.825435960665345 650.6092737428844
0.57816998609341674 0.45995177812874322 0.21318162940442564 0.019693995773978533 17.825435960665345 650.6092737428844
0.57816998609341674 0.45995177812874322 0.21318162940442564 0.0098814598120749008 10.019558772444725 650.6092737428844
0.57816998609341674 0.45995177812874322 0.21318162940442564 0.0098814598120749008 17.825435960665345 440.71103250607848
0.47795264008454974 0.48263546712696559 0.3831400588154793 0.019693995773978533 10.019558772444725 440.71103250607848
0.62899294779635961 0.24550896249711515 0.16782101802527905 0.0075701048910617828 20.662372337654233 980.44780101627111
0.16754300077445805 0.24550896249711515 0.16782101802527905 0.0075701048910617828 20.662372337654233 980.44780101627111
0.62899294779635961 0.18510697558522227 0.16782101802527905 0.0075701048910617828 20.662372337654233 980.44780101627111
0.62899294779635961 0.24550896249711515 0.13033948391675951 0.0075701048910617828 20.662372337654233 980.44780101627111
0.62899294779635961 0.24550896249711515 0.16782101802527905 0.00029687550384551288 20.662372337654233 980.44780101627111
0.62899294779635961 0.24550896249711515 0.16782101802527905 0.0075701048910617828 31.125179894268513 980.44780101627111
0.62899294779635961 0.24550896249711515 0.16782101802527905 0.0075701048910617828 20.662372337654233 429.56053139641881
0.16754300077445805 0.18510697558522227 0.13033948391675951 0.00029687550384551288 31.125179894268513 429.56053139641881
0.05834531774744392 0.43471424020826821 0.36824377737939362 0.01853325806800276 23.090168043971062 207.09469253197312
0.37738367696292691 0.43471424020826821 0.36824377737939362 0.01853325806800276 23.090168043971062 207.09469253197312
0.05834531774744392 0.42319022454321387 0.36824377737939362 0.01853325806800276 23.090168043971062 207.09469253197312
0.05834531774744392 0.43471424020826821 0.32249176278710368 0.01853325806800276 23.090168043971062 207.09469253197312
0.05834531774744392 0.43471424020826821 0.36824377737939362 0.010541974032670261 23.090168043971062 207.09469253197312
0.05834531774744392 0.43471424020826821 0.36824377737939362 0.01853325806800276 12.977992316707969 207.09469253197312
0.05834531774744392 0.43471424020826821 0.36824377737939362 0.01853325806800276 23.090168043971062 901.29279801622033
0.37738367696292691 0.42319022454321387 0.32249176278710368 0.010541974032670261 12.977992316707969 901.29279801622033
0.37126822578720742 0.10819192081689835 0.27289976030588148 0.0020215586237609389 33.692985765635967 397.7510311640799
0.27188738151453434 0.10819192081689835 0.27289976030588148 0.0020215586237609389 33.692985765635967 397.7510311640799
0.37126822578720742 0.38777952939271931 0.27289976030588148 0.0020215586237609389 33.692985765635967 397.7510311640799
0.37126822578720742 0.10819192081689835 0.47170584388077264 0.0020215586237609389 33.692985765635967 397.7510311640799
0.37126822578720742 0.10819192081689835 0.27289976030588148 0.016109942814148962 33.692985765635967 397.7510311640799
0.37126822578720742 0.10819192081689835 0.27289976030588148 0.0020215586237609389 19.112147364765406 397.7510311640799
0.37126822578720742 0.10819192081689835 0.27289976030588148 0.0020215586237609389 33.692985765635967 681.19715685024858
0.27188738151453434 0.38777952939271931 0.47170584388077264 0.016109942814148962 19.112147364765406 681.19715685024858
0.44044450689107173 0.322128651291132 0.47254107594490058 0.013024062717147173 14.558168092742562 721.27282377332449
0.68437737091444428 0.322128651291132 0.47254107594490058 0.013024062717147173 14.558168092742562 721.27282377332449
0.44044450689107173 0.20086282752454282 0.47254107594490058 0.013024062717147173 14.558168092742562 721.27282377332449
0.44044450689107173 0.322128651291132 0.27643794529139998 0.013024062717147173 14.558168092742562 721.27282377332449
0.44044450689107173 0.322128651291132 0.47254107594490058 0.0058660479500889781 14.558168092742562 721.27282377332449
0.44044450689107173 0.322128651291132 0.47254107594490058 0.013024062717147173 28.858441339805722 721.27282377332449
0.44044450689107173 0.322128651291132 0.47254107594490058 0.013024062717147173 14.558168092742562 194.93548469617963
0.68437737091444428 0.20086282752454282 0.27643794529139998 0.0058660479500889781 28.858441339805722 194.93548469617963
0.40667905830778178 0.28216774873435502 0.29192651696503163 0.019421986678056419 37.888273840770125 578.02598373964429
0.17341101723723112 0.28216774873435502 0.29192651696503163 0.019421986678056419 37.888273840770125 578.02598373964429
0.40667905830778178 0.15508394539356232 0.29192651696503163 0.019421986678056419 37.888273840770125 578.02598373964429
0.40667905830778178 0.28216774873435502 0.11273119151592255 0.019421986678056419 37.888273840770125 578.02598373964429
0.40667905830778178 0.28216774873435502 0.29192651696503163 0.018114819024689494 37.888273840770125 578.02598373964429
0.40667905830778178 0.28216774873435502 0.29192651696503163 0.019421986678056419 28.554153081029654 578.02598373964429
0.40667905830778178 0.28216774873435502 0.29192651696503163 0.019421986678056419 37.888273840770125 301.72147927805781
0.17341101723723112 0.15508394539356232 0.11273119151592255 0.018114819024689494 28.554153081029654 301.72147927805781
0.322273054998368 0.49923080988228319 0.49082015193998818 0.0059831487800925971 10.315497901290655 451.54787693172693
0.45150604504160574 0.49923080988228319 0.49082015193998818 0.0059831487800925971 10.315497901290655 451.54787693172693
0.322273054998368 0.44355711750686166 0.49082015193998818 0.0059831487800925971 10.315497901290655 451.54787693172693
0.322273054998368 0.49923080988228319 0.33307033106684686 0.0059831487800925971 10.315497901290655 451.54787693172693
0.322273054998368 0.49923080988228319 0.49082015193998818 0.0078831597410142437 10.315497901290655 451.54787693172693
0.322273054998368 0.49923080988228319 0.49082015193998818 0.0059831487800925971 15.533912817016244 451.54787693172693
0.322273054998368 0.49923080988228319 0.49082015193998818 0.0059831487800925971 10.315497901290655 575.28792610391974
0.45150604504160574 0.44355711750686166 0.33307033106684686 0.0078831597410142437 15.533912817016244 575.28792610391974
0.10828950847499072 0.16958177089691162 0.19856614246964455 0.013832351396046581 16.463876787573099 244.92485765367746
0.23712016739882524 0.16958177089691162 0.19856614246964455 0.013832351396046581 16.463876787573099 244.92485765367746
0.10828950847499072 0.37047627493739133 0.19856614246964455 0.013832351396046581 16.463876787573099 244.92485765367746
0.10828950847499072 0.16958177089691162 0.48542165197432041 0.013832351396046581 16.463876787573099 244.92485765367746
0.10828950847499072 0.16958177089691162 0.19856614246964455 0.003551411763764918 16.463876787573099 244.92485765367746
0.10828950847499072 0.16958177089691162 0.19856614246964455 0.013832351396046581 14.197364181280136 244.92485765367746
0.10828950847499072 0.16958177089691162 0.19856614246964455 0.013832351396046581 16.463876787573099 780.4421610198915
0.23712016739882524 0.37047627493739133 0.48542165197432041 0.003551411763764918 14.197364181280136 780.4421610198915
0.66370741631835695 0.36191339418292046 0.39980372115969665 0.00035552095957100394 27.328714339062572 821.57164858654141
0.63661512830294664 0.36191339418292046 0.39980372115969665 0.00035552095957100394 27.328714339062572 821.57164858654141
0.66370741631835695 0.23394939787685873 0.39980372115969665 0.00035552095957100394 27.328714339062572 821.57164858654141
0.66370741631835695 0.36191339418292046 0.2681924130767584 0.00035552095957100394 27.328714339062572 821.57164858654141
0.66370741631835695 0.36191339418292046 0.39980372115969665 0.013784274712204935 27.328714339062572 821.57164858654141
0.66370741631835695 0.36191339418292046 0.39980372115969665 0.00035552095957100394 33.75811798684299 821.57164858654141
0.66370741631835695 0.36191339418292046 0.39980372115969665 0.00035552095957100394 27.328714339062572 549.530119728297
0.63661512830294664 0.23394939787685873 0.2681924130767584 0.013784274712204935 33.75811798684299 549.530119728297
0.55202911887317896 0.14512739330530167 0.4450664825737477 0.0027052605312317614 26.183562746271491 704.04688790440559
0.29833399592898785 0.14512739330530167 0.4450664825737477 0.0027052605312317614 26.183562746271491 704.04688790440559
0.55202911887317896 0.33622644022107129 0.4450664825737477 0.0027052605312317614 26.183562746271491 704.04688790440559
0.55202911887317896 0.14512739330530167 0.42184977494180209 0.0027052605312317614 26.183562746271491 704.04688790440559
0.55202911887317896 0.14512739330530167 0.4450664825737477 0.0066126178026199344 26.183562746271491 704.04688790440559
0.55202911887317896 0.14512739330530167 0.4450664825737477 0.0027052605312317614 9.8324377294629812 704.04688790440559
0.55202911887317896 0.14512739330530167 0.4450664825737477 0.0027052605312317614 26.183562746271491 333.92320731654763
0.29833399592898785 0.33622644022107129 0.42184977494180209 0.0066126178026199344 9.8324377294629812 333.92320731654763
0.1387996408622712 0.33743917718529703 0.24392980560660363 0.011504081512801351 22.049337785691023 380.69378947839141
0.5767489635851234 0.33743917718529703 0.24392980560660363 0.011504081512801351 22.049337785691023 380.69378947839141
0.1387996408622712 0.27431504167616372 0.24392980560660363 0.011504081512801351 22.049337785691023 380.69378947839141
0.1387996408622712 0.33743917718529703 0.22648933269083502 0.011504081512801351 22.049337785691023 380.69378947839141
0.1387996408622712 0.33743917718529703 0.24392980560660363 0.016761032623983919 22.049337785691023 380.69378947839141
0.1387996408622712 0.33743917718529703 0.24392980560660363 0.011504081512801351 34.314164809882641 380.69378947839141
0.1387996408622712 0.33743917718529703 0.24392980560660363 0.011504081512801351 22.049337785691023 988.90752764418721
0.5767489635851234 0.27431504167616372 0.22648933269083502 0.016761032623983919 34.314164809882641 988.90752764418721
0.29176541185006494 0.2078107412904501 0.33920668251812458 0.0082930830691009764 13.167654026299715 117.80532067641616
0.11322496836073696 0.2078107412904501 0.33920668251812458 0.0082930830691009764 13.167654026299715 117.80532067641616
0.29176541185006494 0.13977942615747452 0.33920668251812458 0.0082930830691009764 13.167654026299715 117.80532067641616
0.29176541185006494 0.2078107412904501 0.18040330037474633 0.0082930830691009764 13.167654026299715 117.80532067641616
0.29176541185006494 0.2078107412904501 0.33920668251812458 0.0124293647877872 13.167654026299715 117.80532067641616
0.29176541185006494 0.2078107412904501 0.33920668251812458 0.0082930830691009764 25.360414983704686 117.80532067641616
0.29176541185006494 0.2078107412904501 0.33920668251812458 0.0082930830691009764 13.167654026299715 755.29871629551053
0.11322496836073696 0.13977942615747452 0.18040330037474633 0.0124293647877872 25.360414983704686 755.29871629551053
0.51835984499193721 0.42485396303236489 0.14041356183588505 0.017128688093088568 30.595815462991595 891.32710322737694
0.51303971414454275 0.42485396303236489 0.14041356183588505 0.017128688093088568 30.595815462991595 891.32710322737694
0.51835984499193721 0.45286807678639895 0.14041356183588505 0.017128688093088568 30.595815462991595 891.32710322737694
0.51835984499193721 0.42485396303236489 0.37262325286865239 0.017128688093088568 30.595815462991595 891.32710322737694
0.51835984499193721 0.42485396303236489 0.14041356183588505 0.0022821444110944869 30.595815462991595 891.32710322737694
0.51835984499193721 0.42485396303236489 0.14041356183588505 0.017128688093088568 22.419229049235582 891.32710322737694
0.51835984499193721 0.42485396303236489 0.14041356183588505 0.017128688093088568 30.595815462991595 114.78886986151338
0.51303971414454275 0.45286807678639895 0.37262325286865239 0.0022821444110944869 22.419229049235582 114.78886986151338
0.51062141121365123 0.22470255419611931 0.4754729133099318 0.0022640507705509664 18.446937372907996 350.96562476828694
0.60528705692850049 0.22470255419611931 0.4754729133099318 0.0022640507705509664 18.446937372907996 350.96562476828694
0.51062141121365123 0.13441981934010983 0.4754729133099318 0.0022640507705509664 18.446937372907996 350.96562476828694
0.51062141121365123 0.22470255419611931 0.34133846089243891 0.0022640507705509664 18.446937372907996 350.96562476828694
0.51062141121365123 0.22470255419611931 0.4754729133099318 0.011119310212507845 18.446937372907996 350.96562476828694
0.51062141121365123 0.22470255419611931 0.4754729133099318 0.0022640507705509664 21.556480649858713 350.96562476828694
0.51062141121365123 0.22470255419611931 0.4754729133099318 0.0022640507705509664 18.446937372907996 403.43126421794295
0.60528705692850049 0.13441981934010983 0.34133846089243891 0.011119310212507845 21.556480649858713 403.43126421794295
0.2586016393266618 0.40757371783256535 0.27582854591310024 0.013265271131880583 29.31898520514369 674.43255949765444
0.34463002956472333 0.40757371783256535 0.27582854591310024 0.013265271131880583 29.31898520514369 674.43255949765444
0.2586016393266618 0.4728990092873574 0.27582854591310024 0.013265271131880583 29.31898520514369 674.43255949765444
0.2586016393266618 0.40757371783256535 0.11168962419033052 0.013265271131880583 29.31898520514369 674.43255949765444
0.2586016393266618 0.40757371783256535 0.27582854591310024 0.00096243595536798241 29.31898520514369 674.43255949765444
0.2586016393266618 0.40757371783256535 0.27582854591310024 0.013265271131880583 26.340636985376477 674.43255949765444
0.2586016393266618 0.40757371783256535 0.27582854591310024 0.013265271131880583 29.31898520514369 916.04649825021625
0.34463002956472333 0.4728990092873574 0.11168962419033052 0.00096243595536798241 26.340636985376477 916.04649825021625
0.17162677529267967 0.1372153777629137 0.38367512971162798 0.0065738136008381843 35.901550699025393 921.38012368232012
0.46539542344398788 0.1372153777629137 0.38367512971162798 0.0065738136008381843 35.901550699025393 921.38012368232012
0.17162677529267967 0.33807045854628087 0.38367512971162798 0.0065738136008381843 35.901550699025393 921.38012368232012
0.17162677529267967 0.1372153777629137 0.2577789213508368 0.0065738136008381843 35.901550699025393 921.38012368232012
0.17162677529267967 0.1372153777629137 0.38367512971162798 0.0052929707895964387 35.901550699025393 921.38012368232012
0.17162677529267967 0.1372153777629137 0.38367512971162798 0.0065738136008381843 35.206711210310459 921.38012368232012
0.17162677529267967 0.1372153777629137 0.38367512971162798 0.0065738136008381843 35.901550699025393 713.9650153927505
0.46539542344398788 0.33807045854628087 0.2577789213508368 0.0052929707895964387 35.206711210310459 713.9650153927505
0.55947058741003275 0.34496447853744028 0.18324931859970095 0.017538249919749796 8.3362138103693724 147.97195615246892
0.083339857729151839 0.34496447853744028 0.18324931859970095 0.017538249919749796 8.3362138103693724 147.97195615246892
0.55947058741003275 0.25154969766736035 0.18324931859970095 0.017538249919749796 8.3362138103693724 147.97195615246892
0.55947058741003275 0.34496447853744028 0.49056170620024209 0.017538249919749796 8.3362138103693724 147.97195615246892
0.55947058741003275 0.34496447853744028 0.18324931859970095 0.015451067668013277 8.3362138103693724 147.97195615246892
0.55947058741003275 0.34496447853744028 0.18324931859970095 0.017538249919749796 8.8234476950019598 147.97195615246892
0.55947058741003275 0.34496447853744028 0.18324931859970095 0.017538249919749796 8.3362138103693724 159.57425525411963
0.083339857729151839 0.25154969766736035 0.49056170620024209 0.015451067668013277 8.8234476950019598 159.57425525411963
0.69154076930135489 0.16206486262381078 0.23486308306455614 0.015228009966202083 15.150657838210464 477.20625549554825
0.40521495114080602 0.16206486262381078 0.23486308306455614 0.015228009966202083 15.150657838210464 477.20625549554825
0.69154076930135489 0.35376560576260097 0.23486308306455614 0.015228009966202083 15.150657838210464 477.20625549554825
0.69154076930135489 0.16206486262381078 0.24948028661310673 0.015228009966202083 15.150657838210464 477.20625549554825
0.69154076930135489 0.16206486262381078 0.23486308306455614 0.0045617498664185406 15.150657838210464 477.20625549554825
0.69154076930135489 0.16206486262381078 0.23486308306455614 0.015228009966202083 32.774476615712047 477.20625549554825
0.69154076930135489 0.16206486262381078 0.23486308306455614 0.015228009966202083 15.150657838210464 260.48434125259519
0.40521495114080602 0.35376560576260097 0.24948028661310673 0.0045617498664185406 32.774476615712047 260.48434125259519
0.1208835273515433 0.36981854401528835 0.4351879924535752 0.0088668136022984987 32.586257543414831 603.79819860681891
0.14486794541589915 0.36981854401528835 0.4351879924535752 0.0088668136022984987 32.586257543414831 603.79819860681891
0.1208835273515433 0.24184811636805537 0.4351879924535752 0.0088668136022984987 32.586257543414831 603.79819860681891
0.1208835273515433 0.36981854401528835 0.40413225851953027 0.0088668136022984987 32.586257543414831 603.79819860681891
0.1208835273515433 0.36981854401528835 0.4351879924535752 0.014784949640557172 32.586257543414831 603.79819860681891
0.1208835273515433 0.36981854401528835 0.4351879924535752 0.0088668136022984987 15.063989713788033 603.79819860681891
0.1208835273515433 0.36981854401528835 0.4351879924535752 0.0088668136022984987 32.586257543414831 620.19732678309083
0.14486794541589915 0.24184811636805537 0.40413225851953027 0.014784949640557172 15.063989713788033 620.19732678309083
0.30934247551485894 0.29945485964417462 0.13056548945605756 0.010915225895680489 24.196897272020578 794.48031326755881
0.66650521741248658 0.29945485964417462 0.13056548945605756 0.010915225895680489 24.196897272020578 794.48031326755881
0.30934247551485894 0.16906027607619761 0.13056548945605756 0.010915225895680489 24.196897272020578 794.48031326755881
0.30934247551485894 0.29945485964417462 0.35178381204605103 0.010915225895680489 24.196897272020578 794.48031326755881
0.30934247551485894 0.29945485964417462 0.13056548945605756 0.019115413627587258 24.196897272020578 794.48031326755881
0.30934247551485894 0.29945485964417462 0.13056548945605756 0.010915225895680489 16.547265464439988 794.48031326755881
0.30934247551485894 0.29945485964417462 0.13056548945605756 0.010915225895680489 24.196897272020578 849.85450664535165
0.66650521741248658 0.16906027607619761 0.35178381204605103 0.019115413627587258 16.547265464439988 849.85450664535165
0.37854881756938991 0.48233060389757154 0.3301093425601721 0.004592022070288658 20.069881586357951 217.94713735580444
0.28475951836444435 0.48233060389757154 0.3301093425601721 0.004592022070288658 20.069881586357951 217.94713735580444
0.37854881756938991 0.43214273750782017 0.3301093425601721 0.004592022070288658 20.069881586357951 217.94713735580444
0.37854881756938991 0.48233060389757154 0.19401617869734766 0.004592022070288658 20.069881586357951 217.94713735580444
0.37854881756938991 0.48233060389757154 0.3301093425601721 0.0088934271071106213 20.069881586357951 217.94713735580444
0.37854881756938991 0.48233060389757154 0.3301093425601721 0.004592022070288658 27.658617358654737 217.94713735580444
0.37854881756938991 0.48233060389757154 0.3301093425601721 0.004592022070288658 20.069881586357951 476.54592664912343
0.28475951836444435 0.43214273750782017 0.19401617869734766 0.0088934271071106213 27.658617358654737 476.54592664912343
0.42793982941657299 0.12196560092270375 0.11248172596096993 0.0080508933413773794 28.391727136448026 180.0333040766418
0.42887128484435372 0.12196560092270375 0.11248172596096993 0.0080508933413773794 28.391727136448026 180.0333040766418
0.42793982941657299 0.38652299903333187 0.11248172596096993 0.0080508933413773794 28.391727136448026 180.0333040766418
0.42793982941657299 0.12196560092270375 0.20765331871807577 0.0080508933413773794 28.391727136448026 180.0333040766418
0.42793982941657299 0.12196560092270375 0.11248172596096993 0.017410319979302584 28.391727136448026 180.0333040766418
0.42793982941657299 0.12196560092270375 0.11248172596096993 0.0080508933413773794 29.72004577703774 180.0333040766418
0.42793982941657299 0.12196560092270375 0.11248172596096993 0.0080508933413773794 28.391727136448026 358.33200169727206
0.42887128484435372 0.38652299903333187 0.20765331871807577 0.017410319979302584 29.72004577703774 358.33200169727206
0.3435043777804821 0.30796806626021866 0.31127789840102194 0.016887781507335605 15.827669605612755 953.50024215877056
0.20120200109668074 0.30796806626021866 0.31127789840102194 0.016887781507335605 15.827669605612755 953.50024215877056
0.3435043777804821 0.22499686032533647 0.31127789840102194 0.016887781507335605 15.827669605612755 953.50024215877056
0.3435043777804821 0.30796806626021866 0.44049200229346752 0.016887781507335605 15.827669605612755 953.50024215877056
0.3435043777804821 0.30796806626021866 0.31127789840102194 0.007195433815941215 15.827669605612755 953.50024215877056
0.3435043777804821 0.30796806626021866 0.31127789840102194 0.016887781507335605 18.132611561566591 953.50024215877056
0.3435043777804821 0.30796806626021866 0.31127789840102194 0.016887781507335605 15.827669605612755 968.94519543275237
0.20120200109668074 0.22499686032533647 0.44049200229346752 0.007195433815941215 18.132611561566591 968.94519543275237
0.086406053509563208 0.23447728678584101 0.20349845178425313 0.0037018542405217888 10.951704077422619 746.90299890935421
0.64952632538042954 0.23447728678584101 0.20349845178425313 0.0037018542405217888 10.951704077422619 746.90299890935421
0.086406053509563208 0.18909789361059667 0.20349845178425313 0.0037018542405217888 10.951704077422619 746.90299890935421
0.086406053509563208 0.23447728678584101 0.39128075391054151 0.0037018542405217888 10.951704077422619 746.90299890935421
0.086406053509563208 0.23447728678584101 0.20349845178425313 0.0016261810442432763 10.951704077422619 746.90299890935421
0.086406053509563208 0.23447728678584101 0.20349845178425313 0.0037018542405217888 12.086590772494674 746.90299890935421
0.086406053509563208 0.23447728678584101 0.20349845178425313 0.0037018542405217888 10.951704077422619 724.34660932049155
0.64952632538042954 0.18909789361059667 0.39128075391054151 0.0016261810442432763 12.086590772494674 724.34660932049155
0.64183418587781482 0.44535767436027529 0.40463818050920963 0.012499391490034761 36.825262049213052 423.49482802674174
0.21920896819792685 0.44535767436027529 0.40463818050920963 0.012499391490034761 36.825262049213052 423.49482802674174
0.64183418587781482 0.40257180407643323 0.40463818050920963 0.012499391490034761 36.825262049213052 423.49482802674174
0.64183418587781482 0.44535767436027529 0.16155201271176339 0.012499391490034761 36.825262049213052 423.49482802674174
0.64183418587781482 0.44535767436027529 0.40463818050920963 0.011842280461266638 36.825262049213052 423.49482802674174
0.64183418587781482 0.44535767436027529 0.40463818050920963 0.012499391490034761 32.133482836186886 423.49482802674174
0.64183418587781482 0.44535767436027529 0.40463818050920963 0.012499391490034761 36.825262049213052 155.45401005074382
0.21920896819792685 0.40257180407643323 0.16155201271176339 0.011842280461266638 32.133482836186886 155.45401005074382
0.6114031086210161 0.26011450663208963 0.35312226600944996 0.014847978918813171 31.687952579930425 307.12366532534361
0.5486430546734482 0.26011450663208963 0.35312226600944996 0.014847978918813171 31.687952579930425 307.12366532534361
0.6114031086210161 0.10498234517872335 0.35312226600944996 0.014847978918813171 31.687952579930425 307.12366532534361
0.6114031086210161 0.26011450663208963 0.30192771926522255 0.014847978918813171 31.687952579930425 307.12366532534361
0.6114031086210161 0.26011450663208963 0.35312226600944996 0.0085378022003918894 31.687952579930425 307.12366532534361
0.6114031086210161 0.26011450663208963 0.35312226600944996 0.014847978918813171 11.002055287361145 307.12366532534361
0.6114031086210161 0.26011450663208963 0.35312226600944996 0.014847978918813171 31.687952579930425 277.78656417503953
0.5486430546734482 0.10498234517872335 0.30192771926522255 0.0085378022003918894 11.002055287361145 277.78656417503953
0.19816402597352861 0.47098726779222488 0.15188773907721043 0.0013698647502809764 12.560572952032089 883.71559837833047
0.32128363759256895 0.47098726779222488 0.15188773907721043 0.0013698647502809764 12.560572952032089 883.71559837833047
0.19816402597352861 0.4930717341601849 0.15188773907721043 0.0013698647502809764 12.560572952032089 883.71559837833047
0.19816402597352861 0.47098726779222488 0.14406758993864061 0.0013698647502809764 12.560572952032089 883.71559837833047
0.19816402597352861 0.47098726779222488 0.15188773907721043 0.018702998255752026 12.560572952032089 883.71559837833047
0.19816402597352861 0.47098726779222488 0.15188773907721043 0.0013698647502809764 36.909252686426044 883.71559837833047
0.19816402597352861 0.47098726779222488 0.15188773907721043 0.0013698647502809764 12.560572952032089 594.87250940874219
0.32128363759256895 0.4930717341601849 0.14406758993864061 0.018702998255752026 36.909252686426044 594.87250940874219
0.23174395482055843 0.19750487841665745 0.45663841739296918 0.019198830763809384 22.656419642269611 620.9112704731524
0.53063603187911212 0.19750487841665745 0.45663841739296918 0.019198830763809384 22.656419642269611 620.9112704731524
0.23174395482055843 0.32096213512122629 0.45663841739296918 0.019198830763809384 22.656419642269611 620.9112704731524
0.23174395482055843 0.19750487841665745 0.29954407922923565 0.019198830763809384 22.656419642269611 620.9112704731524
0.23174395482055843 0.19750487841665745 0.45663841739296918 0.013133816331252457 22.656419642269611 620.9112704731524
0.23174395482055843 0.19750487841665745 0.45663841739296918 0.019198830763809384 23.246029701083899 620.9112704731524
0.23174395482055843 0.19750487841665745 0.45663841739296918 0.019198830763809384 22.656419642269611 811.89539851620793
0.53063603187911212 0.32096213512122629 0.29954407922923565 0.013133816331252457 23.246029701083899 811.89539851620793
0.4583684561774134 0.38349971733987331 0.25774783417582514 0.0057612760078161957 25.091424847021699 494.37810461968184
0.10062869633547961 0.38349971733987331 0.25774783417582514 0.0057612760078161957 25.091424847021699 494.37810461968184
0.4583684561774134 0.28405147492885591 0.25774783417582514 0.0057612760078161957 25.091424847021699 494.37810461968184
0.4583684561774134 0.38349971733987331 0.45426377244293692 0.0057612760078161957 25.091424847021699 494.37810461968184
0.4583684561774134 0.38349971733987331 0.25774783417582514 0.0029698428971692923 25.091424847021699 494.37810461968184
0.4583684561774134 0.38349971733987331 0.25774783417582514 0.0057612760078161957 20.798319766297936 494.37810461968184
0.4583684561774134 0.38349971733987331 0.25774783417582514 0.0057612760078161957 25.091424847021699 508.45997938886285
0.10062869633547961 0.28405147492885591 0.45426377244293692 0.0029698428971692923 20.798319766297936 508.45997938886285
