0.47491348148323587 0.17583041377365591 0.4136738564819098 0.01951179630793631 16.609081162139773 690.18697431311011
0.11399392769671976 0.17583041377365591 0.4136738564819098 0.01951179630793631 16.609081162139773 690.18697431311011
0.47491348148323587 0.47865154258906839 0.4136738564819098 0.01951179630793631 16.609081162139773 690.18697431311011
0.47491348148323587 0.17583041377365591 0.23862574212253096 0.01951179630793631 16.609081162139773 690.18697431311011
0.47491348148323587 0.17583041377365591 0.4136738564819098 0.0061423174114897845 16.609081162139773 690.18697431311011
0.47491348148323587 0.17583041377365591 0.4136738564819098 0.01951179630793631 26.193389857187867 690.18697431311011
0.47491348148323587 0.17583041377365591 0.4136738564819098 0.01951179630793631 16.609081162139773 161.92795233801007
0.11399392769671976 0.47865154258906839 0.23862574212253096 0.0061423174114897845 26.193389857187867 161.92795233801007
0.21274210875853894 0.39316203407943251 0.21256465427577498 0.0060743279626592995 27.423580188304186 338.70886415243149
0.51606948361732063 0.39316203407943251 0.21256465427577498 0.0060743279626592995 27.423580188304186 338.70886415243149
0.21274210875853894 0.11713154315948487 0.21256465427577498 0.0060743279626592995 27.423580188304186 338.70886415243149
0.21274210875853894 0.39316203407943251 0.40893363542854788 0.0060743279626592995 27.423580188304186 338.70886415243149
0.21274210875853894 0.39316203407943251 0.21256465427577498 0.015679095608741044 27.423580188304186 338.70886415243149
0.21274210875853894 0.39316203407943251 0.21256465427577498 0.0060743279626592995 21.64467604085803 338.70886415243149
0.21274210875853894 0.39316203407943251 0.21256465427577498 0.0060743279626592995 27.423580188304186 718.04904574528337
0.51606948361732063 0.11713154315948487 0.40893363542854788 0.015679095608741044 21.64467604085803 718.04904574528337
0.20701267304830251 0.2634160093963146 0.32031548321247105 0.01392593934647739 37.797046016901731 132.10472762584686
0.29403414796106514 0.2634160093963146 0.32031548321247105 0.01392593934647739 37.797046016901731 132.10472762584686
0.20701267304830251 0.29382566995918752 0.32031548321247105 0.01392593934647739 37.797046016901731 132.10472762584686
0.20701267304830251 0.2634160093963146 0.35971017256379134 0.01392593934647739 37.797046016901731 132.10472762584686
0.20701267304830251 0.2634160093963146 0.32031548321247105 0.01010983819011599 37.797046016901731 132.10472762584686
0.20701267304830251 0.2634160093963146 0.32031548321247105 0.01392593934647739 8.0913019757717848 132.10472762584686
0.20701267304830251 0.2634160093963146 0.32031548321247105 0.01392593934647739 37.797046016901731 920.70389101281762
0.29403414796106514 0.29382566995918752 0.35971017256379134 0.01010983819011599 8.0913019757717848 920.70389101281762
0.60501738432794805 0.45547906756401069 0.12154984325170518 0.00044776052664965396 10.173929652199149 933.75152191147208
0.57471101055853069 0.45547906756401069 0.12154984325170518 0.00044776052664965396 10.173929652199149 933.75152191147208
0.60501738432794805 0.30730562433600428 0.12154984325170518 0.00044776052664965396 10.173929652199149 933.75152191147208
0.60501738432794805 0.45547906756401069 0.19253666251897814 0.00044776052664965396 10.173929652199149 933.75152191147208
0.60501738432794805 0.45547906756401069 0.12154984325170518 0.00057428254038095479 10.173929652199149 933.75152191147208
0.60501738432794805 0.45547906756401069 0.12154984325170518 0.00044776052664965396 36.114180192351341 933.75152191147208
0.60501738432794805 0.45547906756401069 0.12154984325170518 0.00044776052664965396 10.173929652199149 406.30336524918675
0.57471101055853069 0.30730562433600428 0.19253666251897814 0.00057428254038095479 36.114180192351341 406.30336524918675
0.65583787616342304 0.2390624798834324 0.27306441664695741 0.0027773881977424027 13.313556669279933 591.43962133675814
0.23377311197109518 0.2390624798834324 0.27306441664695741 0.0027773881977424027 13.313556669279933 591.43962133675814
0.65583787616342304 0.20972842909395695 0.27306441664695741 0.0027773881977424027 13.313556669279933 591.43962133675814
0.65583787616342304 0.2390624798834324 0.34593687206506729 0.0027773881977424027 13.313556669279933 591.43962133675814
0.65583787616342304 0.2390624798834324 0.27306441664695741 0.019506135354936123 13.313556669279933 591.43962133675814
0.65583787616342304 0.2390624798834324 0.27306441664695741 0.0027773881977424027 14.975488550961018 591.43962133675814
0.65583787616342304 0.2390624798834324 0.27306441664695741 0.0027773881977424027 13.313556669279933 474.25404107198119
0.23377311197109518 0.20972842909395695 0.34593687206506729 0.019506135354936123 14.975488550961018 474.25404107198119
0.075019115163013336 0.4311057046055794 0.47192447334527976 0.011574841986969115 30.689518127590418 493.08651955798268
0.63616349366493519 0.4311057046055794 0.47192447334527976 0.011574841986969115 30.689518127590418 493.08651955798268
0.075019115163013336 0.3978116549551487 0.47192447334527976 0.011574841986969115 30.689518127590418 493.08651955798268
0.075019115163013336 0.4311057046055794 0.10064436867833138 0.011574841986969115 30.689518127590418 493.08651955798268
0.075019115163013336 0.4311057046055794 0.47192447334527976 0.009900331407226624 30.689518127590418 493.08651955798268
0.075019115163013336 0.4311057046055794 0.47192447334527976 0.011574841986969115 32.921113988384604 493.08651955798268
0.075019115163013336 0.4311057046055794 0.47192447334527976 0.011574841986969115 30.689518127590418 845.83226097747684
0.63616349366493519 0.3978116549551487 0.10064436867833138 0.009900331407226624 32.921113988384604 845.83226097747684
0.34473325489088885 0.10137875117361546 0.16720547638833522 0.0083662663994357005 26.093489166349173 230.19290091469884
0.17513149059377608 0.10137875117361546 0.16720547638833522 0.0083662663994357005 26.093489166349173 230.19290091469884
0.34473325489088885 0.41310899220407016 0.16720547638833522 0.0083662663994357005 26.093489166349173 230.19290091469884
0.34473325489088885 0.10137875117361546 0.25610864646732812 0.0083662663994357005 26.093489166349173 230.19290091469884
0.34473325489088885 0.10137875117361546 0.16720547638833522 0.0043311541296541687 26.093489166349173 230.19290091469884
0.34473325489088885 0.10137875117361546 0.16720547638833522 0.0083662663994357005 26.750595841556787 230.19290091469884
0.34473325489088885 0.10137875117361546 0.16720547638833522 0.0083662663994357005 26.093489166349173 615.38201896473765
0.17513149059377608 0.41310899220407016 0.25610864646732812 0.0043311541296541687 26.750595841556787 615.38201896473765
0.42409057789482169 0.31869053803384306 0.36840947084128861 0.017203222167119385 21.907065903767943 778.71468681842089
0.45612333393655713 0.31869053803384306 0.36840947084128861 0.017203222167119385 21.907065903767943 778.71468681842089
0.42409057789482169 0.17619226425886156 0.36840947084128861 0.017203222167119385 21.907065903767943 778.71468681842089
0.42409057789482169 0.31869053803384306 0.49828514866530893 0.017203222167119385 21.907065903767943 778.71468681842089
0.42409057789482169 0.31869053803384306 0.36840947084128861 0.01393817140478641 21.907065903767943 778.71468681842089
0.42409057789482169 0.31869053803384306 0.36840947084128861 0.017203222167119385 17.279048191383481 778.71468681842089
0.42409057789482169 0.31869053803384306 0.36840947084128861 0.017203222167119385 21.907065903767943 257.45429834350944
0.45612333393655713 0.17619226425886156 0.49828514866530893 0.01393817140478641 17.279048191383481 257.45429834350944
0.39255416411906474 0.27701154276728635 0.19912209436297418 0.010611945690959693 30.302742609754205 965.7363967038691
0.27011731709353626 0.27701154276728635 0.19912209436297418 0.010611945690959693 30.302742609754205 965.7363967038691
0.39255416411906474 0.22977901808917522 0.19912209436297418 0.010611945690959693 30.302742609754205 965.7363967038691
0.39255416411906474 0.27701154276728635 0.30962826609611516 0.010611945690959693 30.302742609754205 965.7363967038691
0.39255416411906474 0.27701154276728635 0.19912209436297418 0.0026356524765491487 30.302742609754205 965.7363967038691
0.39255416411906474 0.27701154276728635 0.19912209436297418 0.010611945690959693 17.57581078633666 965.7363967038691
0.39255416411906474 0.27701154276728635 0.19912209436297418 0.010611945690959693 30.302742609754205 151.54548669233918
0.27011731709353626 0.22977901808917522 0.30962826609611516 0.0026356524765491487 17.57581078633666 151.54548669233918
0.29795719343237576 0.49120003581047056 0.39957840815186507 0.0042886584790423508 17.67927660793066 164.25829660147429
0.67978983665816484 0.49120003581047056 0.39957840815186507 0.0042886584790423508 17.67927660793066 164.25829660147429
0.29795719343237576 0.36825216412544248 0.39957840815186507 0.0042886584790423508 17.67927660793066 164.25829660147429
0.29795719343237576 0.49120003581047056 0.14242325052618982 0.0042886584790423508 17.67927660793066 164.25829660147429
0.29795719343237576 0.49120003581047056 0.39957840815186507 0.012230434466339649 17.67927660793066 164.25829660147429
0.29795719343237576 0.49120003581047056 0.39957840815186507 0.0042886584790423508 30.335897842422128 164.25829660147429
0.29795719343237576 0.49120003581047056 0.39957840815186507 0.0042886584790423508 17.67927660793066 722.16844605281949
0.67978983665816484 0.36825216412544248 0.14242325052618982 0.012230434466339649 30.335897842422128 722.16844605281949
0.12211437067016959 0.16459675021469594 0.29169940389692783 0.016159734877943994 9.1001873761415482 411.14403586834669
0.17086030156351623 0.16459675021469594 0.29169940389692783 0.016159734877943994 9.1001873761415482 411.14403586834669
0.12211437067016959 0.44583052583038807 0.29169940389692783 0.016159734877943994 9.1001873761415482 411.14403586834669
0.12211437067016959 0.16459675021469594 0.28852476812899114 0.016159734877943994 9.1001873761415482 411.14403586834669
0.12211437067016959 0.16459675021469594 0.29169940389692783 0.016560973947495221 9.1001873761415482 411.14403586834669
0.12211437067016959 0.16459675021469594 0.29169940389692783 0.016159734877943994 31.694676011800766 411.14403586834669
0.12211437067016959 0.16459675021469594 0.29169940389692783 0.016159734877943994 9.1001873761415482 965.80228181555867
0.17086030156351623 0.44583052583038807 0.28852476812899114 0.016560973947495221 31.694676011800766 965.80228181555867
0.68769348398782304 0.35351669602096081 0.49137427993118765 0.009798606189526618 34.914106206968427 762.7908200956881
0.37788490266539149 0.35351669602096081 0.49137427993118765 0.009798606189526618 34.914106206968427 762.7908200956881
0.68769348398782304 0.15930362567305567 0.49137427993118765 0.009798606189526618 34.914106206968427 762.7908200956881
0.68769348398782304 0.35351669602096081 0.45883930288255215 0.009798606189526618 34.914106206968427 762.7908200956881
0.68769348398782304 0.35351669602096081 0.49137427993118765 0.006967405285127461 34.914106206968427 762.7908200956881
0.68769348398782304 0.35351669602096081 0.49137427993118765 0.009798606189526618 12.350073887035251 762.7908200956881
0.68769348398782304 0.35351669602096081 0.49137427993118765 0.009798606189526618 34.914106206968427 353.40382317081094
0.37788490266539149 0.15930362567305567 0.45883930288255215 0.006967405285127461 12.350073887035251 353.40382317081094
0.57601271667517717 0.13944327868521214 0.33976223804056649 0.0075079272912815216 33.598321193829179 867.8422074764967
0.070052683865651486 0.13944327868521214 0.33976223804056649 0.0075079272912815216 33.598321193829179 867.8422074764967
0.57601271667517717 0.46153177358210085 0.33976223804056649 0.0075079272912815216 33.598321193829179 867.8422074764967
0.57601271667517717 0.13944327868521214 0.20619668625295162 0.0075079272912815216 33.598321193829179 867.8422074764967
0.57601271667517717 0.13944327868521214 0.33976223804056649 0.013364412658102813 33.598321193829179 867.8422074764967
0.57601271667517717 0.13944327868521214 0.33976223804056649 0.0075079272912815216 36.293720697984099 867.8422074764967
0.57601271667517717 0.13944327868521214 0.33976223804056649 0.0075079272912815216 33.598321193829179 512.21056086942554
0.070052683865651486 0.46153177358210085 0.20619668625295162 0.013364412658102813 36.293720697984099 512.21056086942554
0.15262203318998216 0.32838001213967805 0.14018788225948811 0.018472449947148563 14.413162983953953 319.48910234495997
0.48004018417559557 0.32838001213967805 0.14018788225948811 0.018472449947148563 14.413162983953953 319.48910234495997
0.15262203318998216 0.14962035194039347 0.14018788225948811 0.018472449947148563 14.413162983953953 319.48910234495997
0.15262203318998216 0.32838001213967805 0.44839241541922092 0.018472449947148563 14.413162983953953 319.48910234495997
0.15262203318998216 0.32838001213967805 0.14018788225948811 0.0038166205428540709 14.413162983953953 319.48910234495997
0.15262203318998216 0.32838001213967805 0.14018788225948811 0.018472449947148563 11.559451512992382 319.48910234495997
0.15262203318998216 0.32838001213967805 0.14018788225948811 0.018472449947148563 14.413162983953953 813.91564672812819
0.48004018417559557 0.14962035194039347 0.44839241541922092 0.0038166205428540709 11.559451512992382 813.91564672812819
0.26744708041660487 0.20176070109009744 0.44483974203467369 0.0019583253601565959 20.803682088851929 510.1368579082191
0.37195767355151471 0.20176070109009744 0.44483974203467369 0.0019583253601565959 20.803682088851929 510.1368579082191
0.26744708041660487 0.26442558132112026 0.44483974203467369 0.0019583253601565959 20.803682088851929 510.1368579082191
0.26744708041660487 0.20176070109009744 0.39605619832873351 0.0019583253601565959 20.803682088851929 510.1368579082191
0.26744708041660487 0.20176070109009744 0.44483974203467369 0.0081470798829570423 20.803682088851929 510.1368579082191
0.26744708041660487 0.20176070109009744 0.44483974203467369 0.0019583253601565959 20.535374881699681 510.1368579082191
0.26744708041660487 0.20176070109009744 0.44483974203467369 0.0019583253601565959 20.803682088851929 598.07720771059394
0.37195767355151471 0.26442558132112026 0.39605619832873351 0.0081470798829570423 20.535374881699681 598.07720771059394
0.50423248093575235 0.4159659817814827 0.24448432400822639 0.012959480996429922 23.181139381602407 608.65864716470242
0.57929710042662919 0.4159659817814827 0.24448432400822639 0.012959480996429922 23.181139381602407 608.65864716470242
0.50423248093575235 0.32751420587301255 0.24448432400822639 0.012959480996429922 23.181139381602407 608.65864716470242
0.50423248093575235 0.4159659817814827 0.15072036087512972 0.012959480996429922 23.181139381602407 608.65864716470242
0.50423248093575235 0.4159659817814827 0.24448432400822639 0.017696094545722008 23.181139381602407 608.65864716470242
0.50423248093575235 0.4159659817814827 0.24448432400822639 0.012959480996429922 23.685213822871447 608.65864716470242
0.50423248093575235 0.4159659817814827 0.24448432400822639 0.012959480996429922 23.181139381602407 282.77655420824885
0.57929710042662919 0.32751420587301255 0.15072036087512972 0.017696094545722008 23.685213822871447 282.77655420824885
0.53744146656244984 0.21572597436606886 0.38423116207122809 0.0079897819532081492 10.87078850902617 292.85170072689652
0.52886599167250092 0.21572597436606886 0.38423116207122809 0.0079897819532081492 10.87078850902617 292.85170072689652
0.53744146656244984 0.25982278436422346 0.38423116207122809 0.0079897819532081492 10.87078850902617 292.85170072689652
0.53744146656244984 0.21572597436606886 0.13198534473776818 0.0079897819532081492 10.87078850902617 292.85170072689652
0.53744146656244984 0.21572597436606886 0.38423116207122809 0.0093217828957363972 10.87078850902617 292.85170072689652
0.53744146656244984 0.21572597436606886 0.38423116207122809 0.0079897819532081492 24.580664161592722 292.85170072689652
0.53744146656244984 0.21572597436606886 0.38423116207122809 0.0079897819532081492 10.87078850902617 442.86558898165822
0.52886599167250092 0.25982278436422346 0.13198534473776818 0.0093217828957363972 24.580664161592722 442.86558898165822
0.27530015478841957 0.40160636492073543 0.18302411586046219 0.016825302926823497 36.677497841417789 841.31864216178656
0.096041186293587086 0.40160636492073543 0.18302411586046219 0.016825302926823497 36.677497841417789 841.31864216178656
0.27530015478841957 0.34830200038850312 0.18302411586046219 0.016825302926823497 36.677497841417789 841.31864216178656
0.27530015478841957 0.40160636492073543 0.31479273438453675 0.016825302926823497 36.677497841417789 841.31864216178656
0.27530015478841957 0.40160636492073543 0.18302411586046219 0.018841779563948512 36.677497841417789 841.31864216178656
0.27530015478841957 0.40160636492073543 0.18302411586046219 0.016825302926823497 19.521993177011609 841.31864216178656
0.27530015478841957 0.40160636492073543 0.18302411586046219 0.016825302926823497 36.677497841417789 886.93974772468209
0.096041186293587086 0.34830200038850312 0.31479273438453675 0.018841779563948512 19.521993177011609 886.93974772468209
0.14510675920173524 0.12821390628814699 0.47524569593369959 0.0036369692524895075 28.543127357959747 634.74371489137411
0.55196034093387425 0.12821390628814699 0.47524569593369959 0.0036369692524895075 28.543127357959747 634.74371489137411
0.14510675920173524 0.4626189328730107 0.47524569593369959 0.0036369692524895075 28.543127357959747 634.74371489137411
0.14510675920173524 0.12821390628814699 0.46713184677064423 0.0036369692524895075 28.543127357959747 634.74371489137411
0.14510675920173524 0.12821390628814699 0.47524569593369959 0.014510036233626308 28.543127357959747 634.74371489137411
0.14510675920173524 0.12821390628814699 0.47524569593369959 0.0036369692524895075 10.692740596830845 634.74371489137411
0.14510675920173524 0.12821390628814699 0.47524569593369959 0.0036369692524895075 28.543127357959747 639.34738719835877
0.55196034093387425 0.4626189328730107 0.46713184677064423 0.014510036233626308 10.692740596830845 639.34738719835877
0.54310185858048499 0.3392163746058941 0.27638258747756483 0.012435857245698572 15.912223311141133 536.33554065600038
0.32178484876640134 0.3392163746058941 0.27638258747756483 0.012435857245698572 15.912223311141133 536.33554065600038
0.54310185858048499 0.12609819509088993 0.27638258747756483 0.012435857245698572 15.912223311141133 536.33554065600038
0.54310185858048499 0.3392163746058941 0.28745878674089909 0.012435857245698572 15.912223311141133 536.33554065600038
0.54310185858048499 0.3392163746058941 0.27638258747756483 0.004991233936324716 15.912223311141133 536.33554065600038
0.54310185858048499 0.3392163746058941 0.27638258747756483 0.012435857245698572 37.277333011850715 536.33554065600038
0.54310185858048499 0.3392163746058941 0.27638258747756483 0.012435857245698572 15.912223311141133 237.92766081169248
0.32178484876640134 0.12609819509088993 0.28745878674089909 0.004991233936324716 37.277333011850715 237.92766081169248
0.675174510339275 0.15375657230615616 0.13112115524709225 0.014766486587747932 22.574340889230371 194.73778493702412
0.65379635575227435 0.15375657230615616 0.13112115524709225 0.014766486587747932 22.574340889230371 194.73778493702412
0.675174510339275 0.42836299762129781 0.13112115524709225 0.014766486587747932 22.574340889230371 194.73778493702412
0.675174510339275 0.15375657230615616 0.42757738865911965 0.014766486587747932 22.574340889230371 194.73778493702412
0.675174510339275 0.15375657230615616 0.13112115524709225 0.0151059092823416 22.574340889230371 194.73778493702412
0.675174510339275 0.15375657230615616 0.13112115524709225 0.014766486587747932 13.359149305149913 194.73778493702412
0.675174510339275 0.15375657230615616 0.13112115524709225 0.014766486587747932 22.574340889230371 192.93884327635169
0.65379635575227435 0.42836299762129781 0.42757738865911965 0.0151059092823416 13.359149305149913 192.93884327635169
0.094365981128066767 0.36475140824913976 0.32988374345004556 0.0012897419719025494 24.94435890763998 996.32972134277225
0.22129644933156667 0.36475140824913976 0.32988374345004556 0.0012897419719025494 24.94435890763998 996.32972134277225
0.094365981128066767 0.16644553132355214 0.32988374345004556 0.0012897419719025494 24.94435890763998 996.32972134277225
0.094365981128066767 0.36475140824913976 0.21978515051305295 0.0012897419719025494 24.94435890763998 996.32972134277225
0.094365981128066767 0.36475140824913976 0.32988374345004556 0.0054833319192752247 24.94435890763998 996.32972134277225
0.094365981128066767 0.36475140824913976 0.32988374345004556 0.0012897419719025494 30.802158668637276 996.32972134277225
0.094365981128066767 0.36475140824913976 0.32988374345004556 0.0012897419719025494 24.94435890763998 677.41525052115321
0.22129644933156667 0.16644553132355214 0.21978515051305295 0.0054833319192752247 30.802158668637276 677.41525052115321
0.32604346084408459 0.29136581979691983 0.23463625609874728 0.019116278048232196 31.838649168610573 733.51681036874652
0.42805278771556909 0.29136581979691983 0.23463625609874728 0.019116278048232196 31.838649168610573 733.51681036874652
0.32604346084408459 0.24451215863227846 0.23463625609874728 0.019116278048232196 31.838649168610573 733.51681036874652
0.32604346084408459 0.29136581979691983 0.17368690073490145 0.019116278048232196 31.838649168610573 733.51681036874652
0.32604346084408459 0.29136581979691983 0.23463625609874728 0.0011516594361513854 31.838649168610573 733.51681036874652
0.32604346084408459 0.29136581979691983 0.23463625609874728 0.019116278048232196 29.355761224403977 733.51681036874652
0.32604346084408459 0.29136581979691983 0.23463625609874728 0.019116278048232196 31.838649168610573 896.33328123018146
0.42805278771556909 0.24451215863227846 0.17368690073490145 0.0011516594361513854 29.355761224403977 896.33328123018146
0.4053713427856564 0.4772385779768229 0.43574240654706953 0.0056773749088868501 12.646280901506543 381.98364116251469
0.19820203953422605 0.4772385779768229 0.43574240654706953 0.0056773749088868501 12.646280901506543 381.98364116251469
0.4053713427856564 0.35759464614093306 0.43574240654706953 0.0056773749088868501 12.646280901506543 381.98364116251469
0.4053713427856564 0.4772385779768229 0.37836309596896178 0.0056773749088868501 12.646280901506543 381.98364116251469
0.4053713427856564 0.4772385779768229 0.43574240654706953 0.010775440537743272 12.646280901506543 381.98364116251469
0.4053713427856564 0.4772385779768229 0.43574240654706953 0.0056773749088868501 18.438588242977858 381.98364116251469
0.4053713427856564 0.4772385779768229 0.43574240654706953 0.0056773749088868501 12.646280901506543 426.33137470111251
0.19820203953422605 0.35759464614093306 0.37836309596896178 0.010775440537743272 18.438588242977858 426.33137470111251
0.4519083174411207 0.11846368312835694 0.20366263128817083 0.0023345079774037005 36.048359928652644 463.78580844029784
0.66727412347681814 0.11846368312835694 0.20366263128817083 0.0023345079774037005 36.048359928652644 463.78580844029784
0.4519083174411207 0.41104677170515058 0.20366263128817083 0.0023345079774037005 36.048359928652644 463.78580844029784
0.4519083174411207 0.11846368312835694 0.41704991646111012 0.0023345079774037005 36.048359928652644 463.78580844029784
0.4519083174411207 0.11846368312835694 0.20366263128817083 0.0031661285270005468 36.048359928652644 463.78580844029784
0.4519083174411207 0.11846368312835694 0.20366263128817083 0.0023345079774037005 16.384284945204854 463.78580844029784
0.4519083174411207 0.11846368312835694 0.20366263128817083 0.0023345079774037005 36.048359928652644 545.42248258367181
0.66727412347681814 0.41104677170515058 0.41704991646111012 0.0031661285270005468 16.384284945204854 545.42248258367181
0.35734141496941441 0.30121278688311581 0.40402110107243061 0.01333709781765938 8.4180342890322208 562.25273981690407
0.28778923456557093 0.30121278688311581 0.40402110107243061 0.01333709781765938 8.4180342890322208 562.25273981690407
0.35734141496941441 0.19952065907418728 0.40402110107243061 0.01333709781765938 8.4180342890322208 562.25273981690407
0.35734141496941441 0.30121278688311581 0.2373453985899687 0.01333709781765938 8.4180342890322208 562.25273981690407
0.35734141496941441 0.30121278688311581 0.40402110107243061 0.012782808976434173 8.4180342890322208 562.25273981690407
0.35734141496941441 0.30121278688311581 0.40402110107243061 0.01333709781765938 27.762832690030336 562.25273981690407
0.35734141496941441 0.30121278688311581 0.40402110107243061 0.01333709781765938 8.4180342890322208 778.11978878453374
0.28778923456557093 0.19952065907418728 0.2373453985899687 0.012782808976434173 27.762832690030336 778.11978878453374
0.062112750066444275 0.23095124177634718 0.11186666116118432 0.0066480444075539711 18.361428912729025 809.21918675303459
0.40091516613028938 0.23095124177634718 0.11186666116118432 0.0066480444075539711 18.361428912729025 809.21918675303459
0.062112750066444275 0.21452498808503151 0.11186666116118432 0.0066480444075539711 18.361428912729025 809.21918675303459
0.062112750066444275 0.23095124177634718 0.18188434690237046 0.0066480444075539711 18.361428912729025 809.21918675303459
0.062112750066444275 0.23095124177634718 0.11186666116118432 0.018350853252038359 18.361428912729025 809.21918675303459
0.062112750066444275 0.23095124177634718 0.11186666116118432 0.0066480444075539711 33.787138706073165 809.21918675303459
0.062112750066444275 0.23095124177634718 0.11186666116118432 0.0066480444075539711 18.361428912729025 572.3853518255055
0.40091516613028938 0.21452498808503151 0.18188434690237046 0.018350853252038359 33.787138706073165 572.3853518255055
0.62768225874751804 0.43882240839302544 0.31144406870007513 0.017611132269352674 29.16848967038095 260.81102257594466
0.14283005534671245 0.43882240839302544 0.31144406870007513 0.017611132269352674 29.16848967038095 260.81102257594466
0.62768225874751804 0.37799892164766791 0.31144406870007513 0.017611132269352674 29.16848967038095 260.81102257594466
0.62768225874751804 0.43882240839302544 0.36469842568039901 0.017611132269352674 29.16848967038095 260.81102257594466
0.62768225874751804 0.43882240839302544 0.31144406870007513 0.0087353765411302461 29.16848967038095 260.81102257594466
0.62768225874751804 0.43882240839302544 0.31144406870007513 0.017611132269352674 13.993020199239254 260.81102257594466
0.62768225874751804 0.43882240839302544 0.31144406870007513 0.017611132269352674 29.16848967038095 297.08854490891099
0.14283005534671245 0.37799892164766791 0.36469842568039901 0.0087353765411302461 13.993020199239254 297.08854490891099
0.5972536513581872 0.25570617280900476 0.45680296942591669 0.015319490055739881 24.344860745593905 364.81872890144587
0.46204838254489 0.25570617280900476 0.45680296942591669 0.015319490055739881 24.344860745593905 364.81872890144587
0.5972536513581872 0.28045816645026211 0.45680296942591669 0.015319490055739881 24.344860745593905 364.81872890144587
0.5972536513581872 0.25570617280900476 0.12377491667866708 0.015319490055739881 24.344860745593905 364.81872890144587
0.5972536513581872 0.25570617280900476 0.45680296942591669 0.011574580265395346 24.344860745593905 364.81872890144587
0.5972536513581872 0.25570617280900476 0.45680296942591669 0.015319490055739881 35.105790972709656 364.81872890144587
0.5972536513581872 0.25570617280900476 0.45680296942591669 0.015319490055739881 24.344860745593905 118.83472232148051
0.46204838254489 0.28045816645026211 0.12377491667866708 0.011574580265395346 35.105790972709656 118.83472232148051
0.17387319239787757 0.46358191408216953 0.25713114514946939 0.0089569265732541686 20.150998432189226 716.41066865995526
0.082888237619772542 0.46358191408216953 0.25713114514946939 0.0089569265732541686 20.150998432189226 716.41066865995526
0.17387319239787757 0.31854757852852345 0.25713114514946939 0.0089569265732541686 20.150998432189226 716.41066865995526
0.17387319239787757 0.46358191408216953 0.3284703865647316 0.0089569265732541686 20.150998432189226 716.41066865995526
0.17387319239787757 0.46358191408216953 0.25713114514946939 0.0020486784961074593 20.150998432189226 716.41066865995526
0.17387319239787757 0.46358191408216953 0.25713114514946939 0.0089569265732541686 8.9826753567904234 716.41066865995526
0.17387319239787757 0.46358191408216953 0.25713114514946939 0.0089569265732541686 20.150998432189226 757.55927702412009
0.082888237619772542 0.31854757852852345 0.3284703865647316 0.0020486784961074593 8.9826753567904234 757.55927702412009
0.24558346187695856 0.19331655651330948 0.35250680483877661 0.011007766369730235 15.065847646445036 907.08763347938657
0.60700750607065856 0.19331655651330948 0.35250680483877661 0.011007766369730235 15.065847646445036 907.08763347938657
0.24558346187695856 0.4955346345901489 0.35250680483877661 0.011007766369730235 15.065847646445036 907.08763347938657
0.24558346187695856 0.19331655651330948 0.47769669108092783 0.011007766369730235 15.065847646445036 907.08763347938657
0.24558346187695856 0.19331655651330948 0.35250680483877661 0.0076166519245132805 15.065847646445036 907.08763347938657
0.24558346187695856 0.19331655651330948 0.35250680483877661 0.011007766369730235 22.624125566333532 907.08763347938657
0.24558346187695856 0.19331655651330948 0.35250680483877661 0.011007766369730235 15.065847646445036 991.96804380044341
0.60700750607065856 0.4955346345901489 0.47769669108092783 0.0076166519245132805 22.624125566333532 991.96804380044341
0.48233941406942898 0.37607023492455482 0.15205354280769826 0.0046859133617952464 32.434598824009299 105.55446092039347
0.34924729424528772 0.37607023492455482 0.15205354280769826 0.0046859133617952464 32.434598824009299 105.55446092039347
0.48233941406942898 0.10862400047481061 0.15205354280769826 0.0046859133617952464 32.434598824009299 105.55446092039347
0.48233941406942898 0.37607023492455482 0.26986116655170922 0.0046859133617952464 32.434598824009299 105.55446092039347
0.48233941406942898 0.37607023492455482 0.15205354280769826 0.017143748064711691 32.434598824009299 105.55446092039347
0.48233941406942898 0.37607023492455482 0.15205354280769826 0.0046859133617952464 25.331757256761193 105.55446092039347
0.48233941406942898 0.37607023492455482 0.15205354280769826 0.0046859133617952464 32.434598824009299 338.71405674144626
0.34924729424528772 0.10862400047481061 0.26986116655170922 0.017143748064711691 25.331757256761193 338.71405674144626
