0.49569075969047838 0.23215442709624767 0.34338307715952399 0.0039694635631516576 16.960260022431612 986.28586195409298
0.33433580417186015 0.23215442709624767 0.34338307715952399 0.0039694635631516576 16.960260022431612 986.28586195409298
0.49569075969047838 0.28114133998751645 0.34338307715952399 0.0039694635631516576 16.960260022431612 986.28586195409298
0.49569075969047838 0.23215442709624767 0.48222594223916537 0.0039694635631516576 16.960260022431612 986.28586195409298
0.49569075969047838 0.23215442709624767 0.34338307715952399 0.017974076104722916 16.960260022431612 986.28586195409298
0.49569075969047838 0.23215442709624767 0.34338307715952399 0.0039694635631516576 15.772587761282921 986.28586195409298
0.49569075969047838 0.23215442709624767 0.34338307715952399 0.0039694635631516576 16.960260022431612 584.2530001886189
0.33433580417186015 0.28114133998751645 0.48222594223916537 0.017974076104722916 15.772587761282921 584.2530001886189
0.23480905974283811 0.44924036450684068 0.14224336035549642 0.010332028668373825 26.836222095414996 184.80719355866313
0.54074710328131914 0.44924036450684068 0.14224336035549642 0.010332028668373825 26.836222095414996 184.80719355866313
0.23480905974283811 0.31766747720539568 0.14224336035549642 0.010332028668373825 26.836222095414996 184.80719355866313
0.23480905974283811 0.44924036450684068 0.26494281627237798 0.010332028668373825 26.836222095414996 184.80719355866313
0.23480905974283811 0.44924036450684068 0.14224336035549642 0.0077193049971014263 26.836222095414996 184.80719355866313
0.23480905974283811 0.44924036450684068 0.14224336035549642 0.010332028668373825 28.330351768061519 184.80719355866313
0.23480905974283811 0.44924036450684068 0.14224336035549642 0.010332028668373825 26.836222095414996 296.65161306038499
0.54074710328131914 0.31766747720539568 0.26494281627237798 0.0077193049971014263 28.330351768061519 296.65161306038499
0.18464572518132627 0.11959353089332581 0.4468981765210629 0.0095186879867687826 37.446814646944404 391.25511823222041
0.1079671393148601 0.11959353089332581 0.4468981765210629 0.0095186879867687826 37.446814646944404 391.25511823222041
0.18464572518132627 0.49641159474849705 0.4468981765210629 0.0095186879867687826 37.446814646944404 391.25511823222041
0.18464572518132627 0.11959353089332581 0.1157317839562893 0.0095186879867687826 37.446814646944404 391.25511823222041
0.18464572518132627 0.11959353089332581 0.4468981765210629 0.0033887843249365691 37.446814646944404 391.25511823222041
0.18464572518132627 0.11959353089332581 0.4468981765210629 0.0095186879867687826 33.526777934283018 391.25511823222041
0.18464572518132627 0.11959353089332581 0.4468981765210629 0.0095186879867687826 37.446814646944404 498.40008625760674
0.1079671393148601 0.49641159474849705 0.1157317839562893 0.0033887843249365691 33.526777934283018 498.40008625760674
0.58390043638646605 0.31189920231699941 0.24810201600193979 0.015840541142225266 10.760390322655439 742.90155880153179
0.51829759282991283 0.31189920231699941 0.24810201600193979 0.015840541142225266 10.760390322655439 742.90155880153179
0.58390043638646605 0.10793768577277661 0.24810201600193979 0.015840541142225266 10.760390322655439 742.90155880153179
0.58390043638646605 0.31189920231699941 0.33612442016601562 0.015840541142225266 10.760390322655439 742.90155880153179
0.58390043638646605 0.31189920231699941 0.24810201600193979 0.013642342252656819 10.760390322655439 742.90155880153179
0.58390043638646605 0.31189920231699941 0.24810201600193979 0.015840541142225266 14.443120324984193 742.90155880153179
0.58390043638646605 0.31189920231699941 0.24810201600193979 0.015840541142225266 10.760390322655439 827.77697267010808
0.51829759282991283 0.10793768577277661 0.33612442016601562 0.013642342252656819 14.443120324984193 827.77697267010808
0.6347230687737464 0.19514082223176957 0.19649312421679499 0.018172289434820414 12.726202432066202 831.92022452130914
0.2090980481356382 0.19514082223176957 0.19649312421679499 0.018172289434820414 12.726202432066202 831.92022452130914
0.6347230687737464 0.41172831803560261 0.19649312421679499 0.018172289434820414 12.726202432066202 831.92022452130914
0.6347230687737464 0.19514082223176957 0.17696439921855928 0.018172289434820414 12.726202432066202 831.92022452130914
0.6347230687737464 0.19514082223176957 0.19649312421679499 0.0064283696871250866 12.726202432066202 831.92022452130914
0.6347230687737464 0.19514082223176957 0.19649312421679499 0.018172289434820414 34.552704917266965 831.92022452130914
0.6347230687737464 0.19514082223176957 0.19649312421679499 0.018172289434820414 12.726202432066202 951.97721933946013
0.2090980481356382 0.41172831803560261 0.17696439921855928 0.0064283696871250866 34.552704917266965 951.97721933946013
0.052654927736148244 0.38742970600724225 0.39538369551301 0.0071696997420862317 31.040700284764171 283.56656115502119
0.41581905893981452 0.38742970600724225 0.39538369551301 0.0071696997420862317 31.040700284764171 283.56656115502119
0.052654927736148244 0.19863893054425719 0.39538369551301 0.0071696997420862317 31.040700284764171 283.56656115502119
0.052654927736148244 0.38742970600724225 0.3692262224853039 0.0071696997420862317 31.040700284764171 283.56656115502119
0.052654927736148244 0.38742970600724225 0.39538369551301 0.016631015106849372 31.040700284764171 283.56656115502119
0.052654927736148244 0.38742970600724225 0.39538369551301 0.0071696997420862317 9.6087714768946171 283.56656115502119
0.052654927736148244 0.38742970600724225 0.39538369551301 0.0071696997420862317 31.040700284764171 367.27802706882358
0.41581905893981452 0.19863893054425719 0.3692262224853039 0.016631015106849372 9.6087714768946171 367.27802706882358
0.36680234642699355 0.25779889784753324 0.28750764764845371 0.012621252267062665 26.679953580722213 546.27993535250425
0.23154730917885896 0.25779889784753324 0.28750764764845371 0.012621252267062665 26.679953580722213 546.27993535250425
0.36680234642699355 0.21540337279438973 0.28750764764845371 0.012621252267062665 26.679953580722213 546.27993535250425
0.36680234642699355 0.25779889784753324 0.42470254339277747 0.012621252267062665 26.679953580722213 546.27993535250425
0.36680234642699355 0.25779889784753324 0.28750764764845371 0.012300574723258616 26.679953580722213 546.27993535250425
0.36680234642699355 0.25779889784753324 0.28750764764845371 0.012621252267062665 22.18799533508718 546.27993535250425
0.36680234642699355 0.25779889784753324 0.28750764764845371 0.012621252267062665 26.679953580722213 137.73415712639689
0.23154730917885896 0.21540337279438973 0.42470254339277747 0.012300574723258616 22.18799533508718 137.73415712639689
0.44487061654217536 0.47486804760992529 0.48874216265976433 0.0016581660280004147 21.556837942451239 644.80137089267373
0.6421879393048584 0.47486804760992529 0.48874216265976433 0.0016581660280004147 21.556837942451239 644.80137089267373
0.44487061654217536 0.377314031496644 0.48874216265976433 0.0016581660280004147 21.556837942451239 644.80137089267373
0.44487061654217536 0.47486804760992529 0.22930062077939511 0.0016581660280004147 21.556837942451239 644.80137089267373
0.44487061654217536 0.47486804760992529 0.48874216265976433 0.0020967066084966067 21.556837942451239 644.80137089267373
0.44487061654217536 0.47486804760992529 0.48874216265976433 0.0016581660280004147 25.606064565479755 644.80137089267373
0.44487061654217536 0.47486804760992529 0.48874216265976433 0.0016581660280004147 21.556837942451239 736.02891704067588
0.6421879393048584 0.377314031496644 0.22930062077939511 0.0020967066084966067 25.606064565479755 736.02891704067588
0.41110973842442028 0.1333355486392975 0.2694555461406708 0.0063545476993545893 29.951702944934368 710.73380429297686
0.13245118735358119 0.1333355486392975 0.2694555461406708 0.0063545476993545893 29.951702944934368 710.73380429297686
0.41110973842442028 0.42923908755183227 0.2694555461406708 0.0063545476993545893 29.951702944934368 710.73380429297686
0.41110973842442028 0.1333355486392975 0.16571603268384932 0.0063545476993545893 29.951702944934368 710.73380429297686
0.41110973842442028 0.1333355486392975 0.2694555461406708 0.0143079437520355 29.951702944934368 710.73380429297686
0.41110973842442028 0.1333355486392975 0.2694555461406708 0.0063545476993545893 24.013386202976108 710.73380429297686
0.41110973842442028 0.1333355486392975 0.2694555461406708 0.0063545476993545893 29.951702944934368 629.24076998606324
0.13245118735358119 0.42923908755183227 0.16571603268384932 0.0143079437520355 24.013386202976108 629.24076998606324
0.31780245020054276 0.34727837368845937 0.46988134533166892 0.019831292757764459 18.266545573249459 359.25513925030828
0.412475540023297 0.34727837368845937 0.46988134533166892 0.019831292757764459 18.266545573249459 359.25513925030828
0.31780245020054276 0.16575989611446856 0.46988134533166892 0.019831292757764459 18.266545573249459 359.25513925030828
0.31780245020054276 0.34727837368845937 0.3859448648989201 0.019831292757764459 18.266545573249459 359.25513925030828
0.31780245020054276 0.34727837368845937 0.46988134533166892 0.0041111751092597843 18.266545573249459 359.25513925030828
0.31780245020054276 0.34727837368845937 0.46988134533166892 0.019831292757764459 20.133899182081223 359.25513925030828
0.31780245020054276 0.34727837368845937 0.46988134533166892 0.019831292757764459 18.266545573249459 243.64124881103635
0.412475540023297 0.16575989611446856 0.3859448648989201 0.0041111751092597843 20.133899182081223 243.64124881103635
0.10260384390130639 0.22077427916228773 0.16515939198434354 0.00076725579630583529 9.4503291714936495 112.21662135794759
0.27678567413240668 0.22077427916228773 0.16515939198434354 0.00076725579630583529 9.4503291714936495 112.21662135794759
0.10260384390130639 0.24519446194171907 0.16515939198434354 0.00076725579630583529 9.4503291714936495 112.21662135794759
0.10260384390130639 0.22077427916228773 0.43203394599258904 0.00076725579630583529 9.4503291714936495 112.21662135794759
0.10260384390130639 0.22077427916228773 0.16515939198434354 0.0096804137188941253 9.4503291714936495 112.21662135794759
0.10260384390130639 0.22077427916228773 0.16515939198434354 0.00076725579630583529 10.24242047406733 112.21662135794759
0.10260384390130639 0.22077427916228773 0.16515939198434354 0.00076725579630583529 9.4503291714936495 488.12652500346303
0.27678567413240668 0.24519446194171907 0.43203394599258904 0.0096804137188941253 10.24242047406733 488.12652500346303
0.66943296683020881 0.409936823323369 0.36480374746024613 0.014206160263344647 34.327785179018974 913.8630585744977
0.67947902623564005 0.409936823323369 0.36480374746024613 0.014206160263344647 34.327785179018974 913.8630585744977
0.66943296683020881 0.35671522431075575 0.36480374746024613 0.014206160263344647 34.327785179018974 913.8630585744977
0.66943296683020881 0.409936823323369 0.21493949405848981 0.014206160263344647 34.327785179018974 913.8630585744977
0.66943296683020881 0.409936823323369 0.36480374746024613 0.019875959666632116 34.327785179018974 913.8630585744977
0.66943296683020881 0.409936823323369 0.36480374746024613 0.014206160263344647 37.537448640912771 913.8630585744977
0.66943296683020881 0.409936823323369 0.36480374746024613 0.014206160263344647 34.327785179018974 832.0054785348475
0.67947902623564005 0.35671522431075575 0.21493949405848981 0.019875959666632116 37.537448640912771 832.0054785348475
0.55775437881238754 0.29552162848412988 0.41631517671048646 0.011912766822054983 34.185593791306019 555.51844974979758
0.3373693813569843 0.29552162848412988 0.41631517671048646 0.011912766822054983 34.185593791306019 555.51844974979758
0.55775437881238754 0.2607004895806313 0.41631517671048646 0.011912766822054983 34.185593791306019 555.51844974979758
0.55775437881238754 0.29552162848412988 0.47471216134727001 0.011912766822054983 34.185593791306019 555.51844974979758
0.55775437881238754 0.29552162848412988 0.41631517671048646 0.00044622829463332892 34.185593791306019 555.51844974979758
0.55775437881238754 0.29552162848412988 0.41631517671048646 0.011912766822054983 12.733262676745653 555.51844974979758
0.55775437881238754 0.29552162848412988 0.41631517671048646 0.011912766822054983 34.185593791306019 934.56350369378924
0.3373693813569843 0.2607004895806313 0.47471216134727001 0.00044622829463332892 12.733262676745653 934.56350369378924
0.13311430560424925 0.48470400609076025 0.21677133552730085 0.0030772471761330964 14.062126839533448 457.16477632522583
0.61770391063764685 0.48470400609076025 0.21677133552730085 0.0030772471761330964 14.062126839533448 457.16477632522583
0.13311430560424925 0.34761798046529291 0.21677133552730085 0.0030772471761330964 14.062126839533448 457.16477632522583
0.13311430560424925 0.48470400609076025 0.27948632128536699 0.0030772471761330964 14.062126839533448 457.16477632522583
0.13311430560424925 0.48470400609076025 0.21677133552730085 0.01070688687451184 14.062126839533448 457.16477632522583
0.13311430560424925 0.48470400609076025 0.21677133552730085 0.0030772471761330964 31.355486514046788 457.16477632522583
0.13311430560424925 0.48470400609076025 0.21677133552730085 0.0030772471761330964 14.062126839533448 392.4911773763597
0.61770391063764685 0.34761798046529291 0.27948632128536699 0.01070688687451184 31.355486514046788 392.4911773763597
0.28729451647959647 0.1581808403134346 0.32451920807361601 0.017503079965338113 20.217365028336644 266.33334308862686
0.070366105809807775 0.1581808403134346 0.32451920807361601 0.017503079965338113 20.217365028336644 266.33334308862686
0.28729451647959647 0.46329979971051216 0.32451920807361601 0.017503079965338113 20.217365028336644 266.33334308862686
0.28729451647959647 0.1581808403134346 0.12713804319500924 0.017503079965338113 20.217365028336644 266.33334308862686
0.28729451647959647 0.1581808403134346 0.32451920807361601 0.016276045195572079 20.217365028336644 266.33334308862686
0.28729451647959647 0.1581808403134346 0.32451920807361601 0.017503079965338113 29.081208996474743 266.33334308862686
0.28729451647959647 0.1581808403134346 0.32451920807361601 0.017503079965338113 20.217365028336644 175.80129792913795
0.070366105809807775 0.46329979971051216 0.12713804319500924 0.016276045195572079 29.081208996474743 175.80129792913795
0.52279085442423812 0.37214349880814557 0.12419431060552598 0.0087041924146935359 23.531284362077713 814.85478868708014
0.47336916960775843 0.37214349880814557 0.12419431060552598 0.0087041924146935359 23.531284362077713 814.85478868708014
0.52279085442423812 0.12521733678877356 0.12419431060552598 0.0087041924146935359 23.531284362077713 814.85478868708014
0.52279085442423812 0.37214349880814557 0.31924788504838941 0.0087041924146935359 23.531284362077713 814.85478868708014
0.52279085442423812 0.37214349880814557 0.12419431060552598 0.006014173435792327 23.531284362077713 814.85478868708014
0.52279085442423812 0.37214349880814557 0.12419431060552598 0.0087041924146935359 18.874498700723052 814.85478868708014
0.52279085442423812 0.37214349880814557 0.12419431060552598 0.0087041924146935359 23.531284362077713 704.22312496230006
0.47336916960775843 0.12521733678877356 0.31924788504838941 0.006014173435792327 18.874498700723052 704.22312496230006
0.51507729366421695 0.17195232696831225 0.46081462427973752 0.013637257739901544 11.455420024693012 483.6742902174592
0.56369768688455224 0.17195232696831225 0.46081462427973752 0.013637257739901544 11.455420024693012 483.6742902174592
0.51507729366421695 0.4624094907194376 0.46081462427973752 0.013637257739901544 11.455420024693012 483.6742902174592
0.51507729366421695 0.17195232696831225 0.38808551803231239 0.013637257739901544 11.455420024693012 483.6742902174592
0.51507729366421695 0.17195232696831225 0.46081462427973752 0.017286383371986448 11.455420024693012 483.6742902174592
0.51507729366421695 0.17195232696831225 0.46081462427973752 0.013637257739901544 17.894290557131171 483.6742902174592
0.51507729366421695 0.17195232696831225 0.46081462427973752 0.013637257739901544 11.455420024693012 977.67003746703267
0.56369768688455224 0.4624094907194376 0.38808551803231239 0.017286383371986448 17.894290557131171 977.67003746703267
0.25418537161312993 0.357977668568492 0.25957705751061444 0.0026727361166849735 36.325437093153596 582.14072035625577
0.30622897753491995 0.357977668568492 0.25957705751061444 0.0026727361166849735 36.325437093153596 582.14072035625577
0.25418537161312993 0.14893632009625435 0.25957705751061444 0.0026727361166849735 36.325437093153596 582.14072035625577
0.25418537161312993 0.357977668568492 0.158301942050457 0.0026727361166849735 36.325437093153596 582.14072035625577
0.25418537161312993 0.357977668568492 0.25957705751061444 0.0070148482903838157 36.325437093153596 582.14072035625577
0.25418537161312993 0.357977668568492 0.25957705751061444 0.0026727361166849735 29.943943537771702 582.14072035625577
0.25418537161312993 0.357977668568492 0.25957705751061444 0.0026727361166849735 36.325437093153596 352.96678403392434
0.30622897753491995 0.14893632009625435 0.158301942050457 0.0070148482903838157 29.943943537771702 352.96678403392434
0.16588681237772107 0.28448909446597104 0.35495567359030245 0.01794935922846198 27.957598866894841 788.67273228242993
0.50570037886500352 0.28448909446597104 0.35495567359030245 0.01794935922846198 27.957598866894841 788.67273228242993
0.16588681237772107 0.26510646007955074 0.35495567359030245 0.01794935922846198 27.957598866894841 788.67273228242993
0.16588681237772107 0.28448909446597104 0.21065343134105208 0.01794935922846198 27.957598866894841 788.67273228242993
0.16588681237772107 0.28448909446597104 0.35495567359030245 0.0014468229712918403 27.957598866894841 788.67273228242993
0.16588681237772107 0.28448909446597104 0.35495567359030245 0.01794935922846198 32.36449040658772 788.67273228242993
0.16588681237772107 0.28448909446597104 0.35495567359030245 0.01794935922846198 27.957598866894841 104.52298307791352
0.50570037886500352 0.26510646007955074 0.21065343134105208 0.0014468229712918403 32.36449040658772 104.52298307791352
0.56517097433097663 0.49534353017807009 0.15606205053627492 0.0069482055099681023 16.265231102705002 240.26426468044519
0.12556437477469445 0.49534353017807009 0.15606205053627492 0.0069482055099681023 16.265231102705002 240.26426468044519
0.56517097433097663 0.32663333564996722 0.15606205053627492 0.0069482055099681023 16.265231102705002 240.26426468044519
0.56517097433097663 0.49534353017807009 0.44354657121002672 0.0069482055099681023 16.265231102705002 240.26426468044519
0.56517097433097663 0.49534353017807009 0.15606205053627492 0.011717154166847469 16.265231102705002 240.26426468044519
0.56517097433097663 0.49534353017807009 0.15606205053627492 0.0069482055099681023 11.840702418237925 240.26426468044519
0.56517097433097663 0.49534353017807009 0.15606205053627492 0.0069482055099681023 16.265231102705002 771.82573722675443
0.12556437477469445 0.32663333564996722 0.44354657121002672 0.011717154166847469 11.840702418237925 771.82573722675443
0.69724144679494193 0.21012788787484171 0.20142409540712836 0.0092761197188869129 22.222283773124218 328.67866223677993
0.44361096536740652 0.21012788787484171 0.20142409540712836 0.0092761197188869129 22.222283773124218 328.67866223677993
0.69724144679494193 0.23065511994063856 0.20142409540712836 0.0092761197188869129 22.222283773124218 328.67866223677993
0.69724144679494193 0.21012788787484171 0.29610489495098591 0.0092761197188869129 22.222283773124218 328.67866223677993
0.69724144679494193 0.21012788787484171 0.20142409540712836 0.0083703590698540227 22.222283773124218 328.67866223677993
0.69724144679494193 0.21012788787484171 0.20142409540712836 0.0092761197188869129 36.670809250324965 328.67866223677993
0.69724144679494193 0.21012788787484171 0.20142409540712836 0.0092761197188869129 22.222283773124218 558.08649053797126
0.44361096536740652 0.23065511994063856 0.29610489495098591 0.0083703590698540227 36.670809250324965 558.08649053797126
0.11514323512092232 0.42097774893045425 0.40021720416843898 0.0155994088485837 25.528993943706155 680.27008399367332
0.18646235084161161 0.42097774893045425 0.40021720416843898 0.0155994088485837 25.528993943706155 680.27008399367332
0.11514323512092232 0.36756651699542997 0.40021720416843898 0.0155994088485837 25.528993943706155 680.27008399367332
0.11514323512092232 0.42097774893045425 0.45086702518165112 0.0155994088485837 25.528993943706155 680.27008399367332
0.11514323512092232 0.42097774893045425 0.40021720416843898 0.018556251284666359 25.528993943706155 680.27008399367332
0.11514323512092232 0.42097774893045425 0.40021720416843898 0.0155994088485837 11.226075703278184 680.27008399367332
0.11514323512092232 0.42097774893045425 0.40021720416843898 0.0155994088485837 25.528993943706155 311.34041724726558
0.18646235084161161 0.36756651699542997 0.45086702518165112 0.018556251284666359 11.226075703278184 311.34041724726558
0.30492649837397034 0.14749298729002477 0.10806572064757347 0.0049658309744670991 32.191660927608609 943.00918057560921
0.62427581753581762 0.14749298729002477 0.10806572064757347 0.0049658309744670991 32.191660927608609 943.00918057560921
0.30492649837397034 0.44651284106075761 0.10806572064757347 0.0049658309744670991 32.191660927608609 943.00918057560921
0.30492649837397034 0.14749298729002477 0.30478077679872517 0.0049658309744670991 32.191660927608609 943.00918057560921
0.30492649837397034 0.14749298729002477 0.10806572064757347 0.012988296665251257 32.191660927608609 943.00918057560921
0.30492649837397034 0.14749298729002477 0.10806572064757347 0.0049658309744670991 21.029421046376228 943.00918057560921
0.30492649837397034 0.14749298729002477 0.10806572064757347 0.0049658309744670991 32.191660927608609 531.10988838598132
0.62427581753581762 0.44651284106075761 0.30478077679872517 0.012988296665251257 21.029421046376228 531.10988838598132
0.38300437070429322 0.33351375423371793 0.30920238569378855 0.011326960695534946 12.060755595564842 141.47572135552764
0.24445944335311648 0.33351375423371793 0.30920238569378855 0.011326960695534946 12.060755595564842 141.47572135552764
0.38300437070429322 0.1584241919219494 0.30920238569378855 0.011326960695534946 12.060755595564842 141.47572135552764
0.38300437070429322 0.33351375423371793 0.14687858894467354 0.011326960695534946 12.060755595564842 141.47572135552764
0.38300437070429322 0.33351375423371793 0.30920238569378855 0.0028012102270498873 12.060755595564842 141.47572135552764
0.38300437070429322 0.33351375423371793 0.30920238569378855 0.011326960695534946 23.000047413632274 141.47572135552764
0.38300437070429322 0.33351375423371793 0.30920238569378855 0.011326960695534946 12.060755595564842 792.38539403304458
0.24445944335311648 0.1584241919219494 0.14687858894467354 0.0028012102270498873 23.000047413632274 792.38539403304458
0.43240057532675558 0.27469004318118095 0.12712185047566893 0.016487376321479678 35.463868502527475 312.74110116064548
0.38980078250169747 0.27469004318118095 0.12712185047566893 0.016487376321479678 35.463868502527475 312.74110116064548
0.43240057532675558 0.21040996350347996 0.12712185047566893 0.016487376321479678 35.463868502527475 312.74110116064548
0.43240057532675558 0.27469004318118095 0.26063770391047003 0.016487376321479678 35.463868502527475 312.74110116064548
0.43240057532675558 0.27469004318118095 0.12712185047566893 0.011280559136718512 35.463868502527475 312.74110116064548
0.43240057532675558 0.27469004318118095 0.12712185047566893 0.016487376321479678 26.585585616528988 312.74110116064548
0.43240057532675558 0.27469004318118095 0.12712185047566893 0.016487376321479678 35.463868502527475 910.59716651216149
0.38980078250169747 0.21040996350347996 0.26063770391047003 0.011280559136718512 26.585585616528988 910.59716651216149
0.33908305289223784 0.45758408308029175 0.32744979970157151 0.0076899247450754049 8.770005015656352 861.20752794668078
0.16028213948011397 0.45758408308029175 0.32744979970157151 0.0076899247450754049 8.770005015656352 861.20752794668078
0.33908305289223784 0.39692993834614754 0.32744979970157151 0.0076899247450754049 8.770005015656352 861.20752794668078
0.33908305289223784 0.45758408308029175 0.49336699210107327 0.0076899247450754049 8.770005015656352 861.20752794668078
0.33908305289223784 0.45758408308029175 0.32744979970157151 0.00110570916403085 8.770005015656352 861.20752794668078
0.33908305289223784 0.45758408308029175 0.32744979970157151 0.0076899247450754049 21.326405650004745 861.20752794668078
0.33908305289223784 0.45758408308029175 0.32744979970157151 0.0076899247450754049 8.770005015656352 412.01706053689122
0.16028213948011397 0.39692993834614754 0.49336699210107327 0.00110570916403085 21.326405650004745 412.01706053689122
0.080671109026297927 0.18722642250359059 0.23219935595989227 0.012135998857393863 18.946868723258376 614.19473243877292
0.69235086524859069 0.18722642250359059 0.23219935595989227 0.012135998857393863 18.946868723258376 614.19473243877292
0.080671109026297927 0.41398736499249933 0.23219935595989227 0.012135998857393863 18.946868723258376 614.19473243877292
0.080671109026297927 0.18722642250359059 0.33789354562759399 0.012135998857393863 18.946868723258376 614.19473243877292
0.080671109026297927 0.18722642250359059 0.23219935595989227 0.0054374335378408432 18.946868723258376 614.19473243877292
0.080671109026297927 0.18722642250359059 0.23219935595989227 0.012135998857393863 8.6004537828266621 614.19473243877292
0.080671109026297927 0.18722642250359059 0.23219935595989227 0.012135998857393863 18.946868723258376 207.18899564817548
0.69235086524859069 0.41398736499249933 0.33789354562759399 0.0054374335378408432 8.6004537828266621 207.18899564817548
0.64752967059612265 0.39494957141578202 0.43174624890089042 0.0032990438273176556 28.815620627254248 515.78626818954945
0.25891384268179535 0.39494957141578202 0.43174624890089042 0.0032990438273176556 28.815620627254248 515.78626818954945
0.64752967059612265 0.17550738602876664 0.43174624890089042 0.0032990438273176556 28.815620627254248 515.78626818954945
0.64752967059612265 0.39494957141578202 0.10829859599471092 0.0032990438273176556 28.815620627254248 515.78626818954945
0.64752967059612265 0.39494957141578202 0.43174624890089042 0.015611089287139477 28.815620627254248 515.78626818954945
0.64752967059612265 0.39494957141578202 0.43174624890089042 0.0032990438273176556 35.444121213629842 515.78626818954945
0.64752967059612265 0.39494957141578202 0.43174624890089042 0.0032990438273176556 28.815620627254248 663.11466926708817
0.25891384268179535 0.17550738602876664 0.10829859599471092 0.015611089287139477 35.444121213629842 663.11466926708817
0.61709892265498634 0.11207748092710973 0.38648166656494143 0.0010095216451212765 24.696835327893496 158.59519029036164
0.58955803345888846 0.11207748092710973 0.38648166656494143 0.0010095216451212765 24.696835327893496 158.59519029036164
0.61709892265498634 0.47933470420539381 0.38648166656494143 0.0010095216451212765 24.696835327893496 158.59519029036164
0.61709892265498634 0.11207748092710973 0.35479041859507565 0.0010095216451212765 24.696835327893496 158.59519029036164
0.61709892265498634 0.11207748092710973 0.38648166656494143 0.0046891615638509389 24.696835327893496 158.59519029036164
0.61709892265498634 0.11207748092710973 0.38648166656494143 0.0010095216451212765 15.309073517099023 158.59519029036164
0.61709892265498634 0.11207748092710973 0.38648166656494143 0.0010095216451212765 24.696835327893496 653.61213413998485
0.58955803345888846 0.47933470420539381 0.35479041859507565 0.0046891615638509389 15.309073517099023 653.61213413998485
0.19242879091762005 0.31980826221406461 0.18684036284685135 0.014446990728005768 19.566510302945971 960.18662210553885
0.36035902034491296 0.31980826221406461 0.18684036284685135 0.014446990728005768 19.566510302945971 960.18662210553885
0.19242879091762005 0.11625145375728607 0.18684036284685135 0.014446990728005768 19.566510302945971 960.18662210553885
0.19242879091762005 0.31980826221406461 0.19706426560878754 0.014446990728005768 19.566510302945971 960.18662210553885
0.19242879091762005 0.31980826221406461 0.18684036284685135 0.014971728044748308 19.566510302945971 960.18662210553885
0.19242879091762005 0.31980826221406461 0.18684036284685135 0.014446990728005768 32.544266667217016 960.18662210553885
0.19242879091762005 0.31980826221406461 0.18684036284685135 0.014446990728005768 19.566510302945971 223.61420830711722
0.36035902034491296 0.11625145375728607 0.19706426560878754 0.014971728044748308 32.544266667217016 223.61420830711722
0.22732295924797652 0.24944373145699503 0.47905898652970791 0.0053578778689727189 14.712982347235084 769.43927612155676
0.49092611959204069 0.24944373145699503 0.47905898652970791 0.0053578778689727189 14.712982347235084 769.43927612155676
0.22732295924797652 0.29470261819660665 0.47905898652970791 0.0053578778689727189 14.712982347235084 769.43927612155676
0.22732295924797652 0.24944373145699503 0.2462785627692938 0.0053578778689727189 14.712982347235084 769.43927612155676
0.22732295924797652 0.24944373145699503 0.47905898652970791 0.019303381718881428 14.712982347235084 769.43927612155676
0.22732295924797652 0.24944373145699503 0.47905898652970791 0.0053578778689727189 27.435516996309161 769.43927612155676
0.22732295924797652 0.24944373145699503 0.47905898652970791 0.0053578778689727189 14.712982347235084 457.11660301312804
0.49092611959204069 0.29470261819660665 0.2462785627692938 0.019303381718881428 27.435516996309161 457.11660301312804
0.4628289115149527 0.43234540373086927 0.27863623909652235 0.01883605890162289 33.020042043179274 417.90580684319139
0.05780919184908271 0.43234540373086927 0.27863623909652235 0.01883605890162289 33.020042043179274 417.90580684319139
0.4628289115149527 0.30661932155489924 0.27863623909652235 0.01883605890162289 33.020042043179274 417.90580684319139
0.4628289115149527 0.43234540373086927 0.40088866390287881 0.01883605890162289 33.020042043179274 417.90580684319139
0.4628289115149527 0.43234540373086927 0.27863623909652235 0.0090196113519370562 33.020042043179274 417.90580684319139
0.4628289115149527 0.43234540373086927 0.27863623909652235 0.01883605890162289 16.784781694412231 417.90580684319139
0.4628289115149527 0.43234540373086927 0.27863623909652235 0.01883605890162289 33.020042043179274 872.64002813026309
0.05780919184908271 0.30661932155489924 0.40088866390287881 0.0090196113519370562 16.784781694412231 872.64002813026309
