0.4647885388694703 0.29355449639260767 0.20275282971560957 0.011596277100034059 18.310414861887693 295.49793628975749
0.21598398112691936 0.29355449639260767 0.20275282971560957 0.011596277100034059 18.310414861887693 295.49793628975749
0.4647885388694703 0.12127583846449852 0.20275282971560957 0.011596277100034059 18.310414861887693 295.49793628975749
0.4647885388694703 0.29355449639260767 0.4414827939122915 0.011596277100034059 18.310414861887693 295.49793628975749
0.4647885388694703 0.29355449639260767 0.20275282971560957 0.017327628482878207 18.310414861887693 295.49793628975749
0.4647885388694703 0.29355449639260767 0.20275282971560957 0.011596277100034059 31.245732672512531 295.49793628975749
0.4647885388694703 0.29355449639260767 0.20275282971560957 0.011596277100034059 18.310414861887693 118.44658153131604
0.21598398112691936 0.12127583846449852 0.4414827939122915 0.017327628482878207 31.245732672512531 118.44658153131604
0.22294577718712388 0.4762226823717356 0.40162207745015621 0.0027607847087085251 29.937336167320609 843.96136067807674
0.65909893237985662 0.4762226823717356 0.40162207745015621 0.0027607847087085251 29.937336167320609 843.96136067807674
0.22294577718712388 0.48318644948303702 0.40162207745015621 0.0027607847087085251 29.937336167320609 843.96136067807674
0.22294577718712388 0.4762226823717356 0.21173907853662968 0.0027607847087085251 29.937336167320609 843.96136067807674
0.22294577718712388 0.4762226823717356 0.40162207745015621 0.0071237741613760595 29.937336167320609 843.96136067807674
0.22294577718712388 0.4762226823717356 0.40162207745015621 0.0027607847087085251 12.856981774792075 843.96136067807674
0.22294577718712388 0.4762226823717356 0.40162207745015621 0.0027607847087085251 29.937336167320609 758.94262129440904
0.65909893237985662 0.48318644948303702 0.21173907853662968 0.0071237741613760595 12.856981774792075 758.94262129440904
0.19682821873575446 0.15587114840745928 0.10626926869153977 0.017186592751182617 34.342012537643313 639.13220278918743
0.19337561461143193 0.15587114840745928 0.10626926869153977 0.017186592751182617 34.342012537643313 639.13220278918743
0.19682821873575446 0.3059079229831696 0.10626926869153977 0.017186592751182617 34.342012537643313 639.13220278918743
0.19682821873575446 0.15587114840745928 0.15626262053847315 0.017186592751182617 34.342012537643313 639.13220278918743
0.19682821873575446 0.15587114840745928 0.10626926869153977 0.0015554230041801931 34.342012537643313 639.13220278918743
0.19682821873575446 0.15587114840745928 0.10626926869153977 0.017186592751182617 18.99843243137002 639.13220278918743
0.19682821873575446 0.15587114840745928 0.10626926869153977 0.017186592751182617 34.342012537643313 992.35918531194329
0.19337561461143193 0.3059079229831696 0.15626262053847315 0.0015554230041801931 18.99843243137002 992.35918531194329
0.6151218730490654 0.36380789652466772 0.30748245418071751 0.0083877321600914021 9.406549233943224 540.72073278948665
0.43288910421542814 0.36380789652466772 0.30748245418071751 0.0083877321600914021 9.406549233943224 540.72073278948665
0.6151218730490654 0.29281858317553999 0.30748245418071751 0.0083877321600914021 9.406549233943224 540.72073278948665
0.6151218730490654 0.36380789652466772 0.3891467928886414 0.0083877321600914021 9.406549233943224 540.72073278948665
0.6151218730490654 0.36380789652466772 0.30748245418071751 0.011758083102293313 9.406549233943224 540.72073278948665
0.6151218730490654 0.36380789652466772 0.30748245418071751 0.0083877321600914021 28.971698509529233 540.72073278948665
0.6151218730490654 0.36380789652466772 0.30748245418071751 0.0083877321600914021 9.406549233943224 337.33371319249272
0.43288910421542814 0.29281858317553999 0.3891467928886414 0.011758083102293313 28.971698509529233 337.33371319249272
0.64570797081105402 0.1307130515575409 0.46211878806352613 0.0060571225859224797 14.076366659253836 197.3685709759593
0.090741183655336496 0.1307130515575409 0.46211878806352613 0.0060571225859224797 14.076366659253836 197.3685709759593
0.64570797081105402 0.39054237455129626 0.46211878806352613 0.0060571225859224797 14.076366659253836 197.3685709759593
0.64570797081105402 0.1307130515575409 0.1489423602819443 0.0060571225859224797 14.076366659253836 197.3685709759593
0.64570797081105402 0.1307130515575409 0.46211878806352613 0.0082617590369656688 14.076366659253836 197.3685709759593
0.64570797081105402 0.1307130515575409 0.46211878806352613 0.0060571225859224797 20.024158919230103 197.3685709759593
0.64570797081105402 0.1307130515575409 0.46211878806352613 0.0060571225859224797 14.076366659253836 545.9085307084024
0.090741183655336496 0.39054237455129626 0.1489423602819443 0.0082617590369656688 20.024158919230103 545.9085307084024
0.085227746330201623 0.33866963908076286 0.26100649833679201 0.019533838029392063 34.141797816380858 998.95699033513665
0.5341759197879582 0.33866963908076286 0.26100649833679201 0.019533838029392063 34.141797816380858 998.95699033513665
0.085227746330201623 0.20206851325929165 0.26100649833679201 0.019533838029392063 34.141797816380858 998.95699033513665
0.085227746330201623 0.33866963908076286 0.30369514748454096 0.019533838029392063 34.141797816380858 998.95699033513665
0.085227746330201623 0.33866963908076286 0.26100649833679201 0.018515322349220514 34.141797816380858 998.95699033513665
0.085227746330201623 0.33866963908076286 0.26100649833679201 0.019533838029392063 24.13709194585681 998.95699033513665
0.085227746330201623 0.33866963908076286 0.26100649833679201 0.019533838029392063 34.141797816380858 776.86169696971774
0.5341759197879582 0.20206851325929165 0.30369514748454096 0.018515322349220514 24.13709194585681 776.86169696971774
0.33454383783973746 0.21829902939498425 0.35313503555953507 0.00046982817500829696 23.575162647292018 737.92074779048562
0.31695091738365588 0.21829902939498425 0.35313503555953507 0.00046982817500829696 23.575162647292018 737.92074779048562
0.33454383783973746 0.18696497455239297 0.35313503555953507 0.00046982817500829696 23.575162647292018 737.92074779048562
0.33454383783973746 0.21829902939498425 0.45290632881224158 0.00046982817500829696 23.575162647292018 737.92074779048562
0.33454383783973746 0.21829902939498425 0.35313503555953507 0.012947051554359497 23.575162647292018 737.92074779048562
0.33454383783973746 0.21829902939498425 0.35313503555953507 0.00046982817500829696 37.661397514864802 737.92074779048562
0.33454383783973746 0.21829902939498425 0.35313503555953507 0.00046982817500829696 23.575162647292018 571.89973620697856
0.31695091738365588 0.18696497455239297 0.45290632881224158 0.012947051554359497 37.661397514864802 571.89973620697856
0.43420002935454244 0.40098705478012564 0.15436630807816984 0.013908703322149815 20.202978525310755 386.38428281992674
0.55678434683941302 0.40098705478012564 0.15436630807816984 0.013908703322149815 20.202978525310755 386.38428281992674
0.43420002935454244 0.42349106408655646 0.15436630807816984 0.013908703322149815 20.202978525310755 386.38428281992674
0.43420002935454244 0.40098705478012564 0.29504362605512147 0.013908703322149815 20.202978525310755 386.38428281992674
0.43420002935454244 0.40098705478012564 0.15436630807816984 0.0026922843560576444 20.202978525310755 386.38428281992674
0.43420002935454244 0.40098705478012564 0.15436630807816984 0.013908703322149815 10.132894620299339 386.38428281992674
0.43420002935454244 0.40098705478012564 0.15436630807816984 0.013908703322149815 20.202978525310755 298.34706922993064
0.55678434683941302 0.42349106408655646 0.29504362605512147 0.0026922843560576444 10.132894620299339 298.34706922993064
0.38242611843161278 0.19081067591905596 0.38507988229393963 0.018489044584892689 26.851035907864571 459.39900698140264
0.087712253211066127 0.19081067591905596 0.38507988229393963 0.018489044584892689 26.851035907864571 459.39900698140264
0.38242611843161278 0.36995504125952727 0.38507988229393963 0.018489044584892689 26.851035907864571 459.39900698140264
0.38242611843161278 0.19081067591905596 0.10643018931150437 0.018489044584892689 26.851035907864571 459.39900698140264
0.38242611843161278 0.19081067591905596 0.38507988229393963 0.011248981847055257 26.851035907864571 459.39900698140264
0.38242611843161278 0.19081067591905596 0.38507988229393963 0.018489044584892689 9.4848413225263357 459.39900698140264
0.38242611843161278 0.19081067591905596 0.38507988229393963 0.018489044584892689 26.851035907864571 191.55924404039979
0.087712253211066127 0.36995504125952727 0.10643018931150437 0.011248981847055257 9.4848413225263357 191.55924404039979
0.30816520471125836 0.37662237063050275 0.1855085425078869 0.0074865010295063258 16.915893631055951 557.86242801696062
0.45721446084789924 0.37662237063050275 0.1855085425078869 0.0074865010295063258 16.915893631055951 557.86242801696062
0.30816520471125836 0.23187253065407276 0.1855085425078869 0.0074865010295063258 16.915893631055951 557.86242801696062
0.30816520471125836 0.37662237063050275 0.3391745425760746 0.0074865010295063258 16.915893631055951 557.86242801696062
0.30816520471125836 0.37662237063050275 0.1855085425078869 0.00098711547181010249 16.915893631055951 557.86242801696062
0.30816520471125836 0.37662237063050275 0.1855085425078869 0.0074865010295063258 34.662218980491161 557.86242801696062
0.30816520471125836 0.37662237063050275 0.1855085425078869 0.0074865010295063258 16.915893631055951 677.80736433342099
0.45721446084789924 0.23187253065407276 0.3391745425760746 0.00098711547181010249 34.662218980491161 677.80736433342099
0.11192681328393518 0.25312771759927277 0.48078200407326221 0.012938005204312505 10.80461729504168 806.57807756215334
0.35455721267499024 0.25312771759927277 0.48078200407326221 0.012938005204312505 10.80461729504168 806.57807756215334
0.11192681328393518 0.15409731864929199 0.48078200407326221 0.012938005204312505 10.80461729504168 806.57807756215334
0.11192681328393518 0.25312771759927277 0.49152294583618639 0.012938005204312505 10.80461729504168 806.57807756215334
0.11192681328393518 0.25312771759927277 0.48078200407326221 0.0053191656837239861 10.80461729504168 806.57807756215334
0.11192681328393518 0.25312771759927277 0.48078200407326221 0.012938005204312505 25.715821983292699 806.57807756215334
0.11192681328393518 0.25312771759927277 0.48078200407326221 0.012938005204312505 10.80461729504168 897.71073134616017
0.35455721267499024 0.15409731864929199 0.49152294583618639 0.0053191656837239861 25.715821983292699 897.71073134616017
0.69780231555923811 0.46420795954763894 0.28042960204184053 0.0019749648075550797 37.432090185582638 258.16661091521382
0.60170749374665322 0.46420795954763894 0.28042960204184053 0.0019749648075550797 37.432090185582638 258.16661091521382
0.69780231555923811 0.44101485721766953 0.28042960204184053 0.0019749648075550797 37.432090185582638 258.16661091521382
0.69780231555923811 0.46420795954763894 0.26189423315227034 0.0019749648075550797 37.432090185582638 258.16661091521382
0.69780231555923811 0.46420795954763894 0.28042960204184053 0.015579828172922135 37.432090185582638 258.16661091521382
0.69780231555923811 0.46420795954763894 0.28042960204184053 0.0019749648075550797 22.064279813319445 258.16661091521382
0.69780231555923811 0.46420795954763894 0.28042960204184053 0.0019749648075550797 37.432090185582638 425.93711176887155
0.60170749374665322 0.44101485721766953 0.26189423315227034 0.015579828172922135 22.064279813319445 425.93711176887155
0.56588963372632861 0.22876956276595595 0.12569542415440083 0.0042666256088763474 31.084907531738281 360.41991114616394
0.29262558012269435 0.22876956276595595 0.12569542415440083 0.0042666256088763474 31.084907531738281 360.41991114616394
0.56588963372632861 0.13854246586561203 0.12569542415440083 0.0042666256088763474 31.084907531738281 360.41991114616394
0.56588963372632861 0.22876956276595595 0.40275708846747882 0.0042666256088763474 31.084907531738281 360.41991114616394
0.56588963372632861 0.22876956276595595 0.12569542415440083 0.004807429417967796 31.084907531738281 360.41991114616394
0.56588963372632861 0.22876956276595595 0.12569542415440083 0.0042666256088763474 28.206406470388174 360.41991114616394
0.56588963372632861 0.22876956276595595 0.12569542415440083 0.0042666256088763474 31.084907531738281 444.11970777437091
0.29262558012269435 0.13854246586561203 0.40275708846747882 0.004807429417967796 28.206406470388174 444.11970777437091
0.16282508173026145 0.43983302302658556 0.32614261843264103 0.010629142216406763 12.711486967280507 712.0083405636251
0.66244772761128834 0.43983302302658556 0.32614261843264103 0.010629142216406763 12.711486967280507 712.0083405636251
0.16282508173026145 0.45006327591836459 0.32614261843264103 0.010629142216406763 12.711486967280507 712.0083405636251
0.16282508173026145 0.43983302302658556 0.24499755986034871 0.010629142216406763 12.711486967280507 712.0083405636251
0.16282508173026145 0.43983302302658556 0.32614261843264103 0.015002989158965649 12.711486967280507 712.0083405636251
0.16282508173026145 0.43983302302658556 0.32614261843264103 0.010629142216406763 15.882117191329598 712.0083405636251
0.16282508173026145 0.43983302302658556 0.32614261843264103 0.010629142216406763 12.711486967280507 886.44995456561446
0.66244772761128834 0.45006327591836459 0.24499755986034871 0.015002989158965649 15.882117191329598 886.44995456561446
0.25726448576897382 0.11635438799858094 0.23389811590313914 0.0098158522453159099 21.571635717526078 904.45854058489203
0.14813260291703045 0.11635438799858094 0.23389811590313914 0.0098158522453159099 21.571635717526078 904.45854058489203
0.25726448576897382 0.33584549799561503 0.23389811590313914 0.0098158522453159099 21.571635717526078 904.45854058489203
0.25726448576897382 0.11635438799858094 0.19890831783413887 0.0098158522453159099 21.571635717526078 904.45854058489203
0.25726448576897382 0.11635438799858094 0.23389811590313914 0.019334959008544685 21.571635717526078 904.45854058489203
0.25726448576897382 0.11635438799858094 0.23389811590313914 0.0098158522453159099 14.552864164113998 904.45854058489203
0.25726448576897382 0.11635438799858094 0.23389811590313914 0.0098158522453159099 21.571635717526078 638.09198429808021
0.14813260291703045 0.33584549799561503 0.19890831783413887 0.019334959008544685 14.552864164113998 638.09198429808021
0.51433634976856402 0.30214930102229121 0.43356387242674832 0.016137657198123635 26.6355996504426 102.92206555604935
0.39560266886837775 0.30214930102229121 0.43356387242674832 0.016137657198123635 26.6355996504426 102.92206555604935
0.51433634976856402 0.27236625887453558 0.43356387242674832 0.016137657198123635 26.6355996504426 102.92206555604935
0.51433634976856402 0.30214930102229121 0.35353387147188187 0.016137657198123635 26.6355996504426 102.92206555604935
0.51433634976856402 0.30214930102229121 0.43356387242674832 0.0091382050441578041 26.6355996504426 102.92206555604935
0.51433634976856402 0.30214930102229121 0.43356387242674832 0.016137657198123635 33.403075767681003 102.92206555604935
0.51433634976856402 0.30214930102229121 0.43356387242674832 0.016137657198123635 26.6355996504426 238.41616986319423
0.39560266886837775 0.27236625887453558 0.35353387147188187 0.0091382050441578041 33.403075767681003 238.41616986319423
0.5273363567423075 0.10199858583509923 0.19518571048974992 0.0013118102103471757 8.8143463730812073 685.80021308735013
0.63130731410346919 0.10199858583509923 0.19518571048974992 0.0013118102103471757 8.8143463730812073 685.80021308735013
0.5273363567423075 0.33986084200441835 0.19518571048974992 0.0013118102103471757 8.8143463730812073 685.80021308735013
0.5273363567423075 0.10199858583509923 0.33484196439385416 0.0013118102103471757 8.8143463730812073 685.80021308735013
0.5273363567423075 0.10199858583509923 0.19518571048974992 0.017860638657584787 8.8143463730812073 685.80021308735013
0.5273363567423075 0.10199858583509923 0.19518571048974992 0.0013118102103471757 32.418948022648692 685.80021308735013
0.5273363567423075 0.10199858583509923 0.19518571048974992 0.0013118102103471757 8.8143463730812073 511.83604570105672
0.63130731410346919 0.33986084200441835 0.33484196439385416 0.017860638657584787 32.418948022648692 511.83604570105672
0.2854839904233813 0.31611838899552824 0.39395748972892763 0.014749249973334374 35.449029656127095 334.31853894144297
0.23861934668384488 0.31611838899552824 0.39395748972892763 0.014749249973334374 35.449029656127095 334.31853894144297
0.2854839904233813 0.25177224054932595 0.39395748972892763 0.014749249973334374 35.449029656127095 334.31853894144297
0.2854839904233813 0.31611838899552824 0.11759870499372482 0.014749249973334374 35.449029656127095 334.31853894144297
0.2854839904233813 0.31611838899552824 0.39395748972892763 0.0076735384261235598 35.449029656127095 334.31853894144297
0.2854839904233813 0.31611838899552824 0.39395748972892763 0.014749249973334374 15.419060543179512 334.31853894144297
0.2854839904233813 0.31611838899552824 0.39395748972892763 0.014749249973334374 35.449029656127095 815.28536537662148
0.23861934668384488 0.25177224054932595 0.11759870499372482 0.0076735384261235598 15.419060543179512 815.28536537662148
0.1349024648312479 0.2396082140505314 0.28932543210685258 0.0056601689420640467 28.830320054665208 129.46365866810083
0.45080094751901917 0.2396082140505314 0.28932543210685258 0.0056601689420640467 28.830320054665208 129.46365866810083
0.1349024648312479 0.1372615333646536 0.28932543210685258 0.0056601689420640467 28.830320054665208 129.46365866810083
0.1349024648312479 0.2396082140505314 0.26368472091853623 0.0056601689420640467 28.830320054665208 129.46365866810083
0.1349024648312479 0.2396082140505314 0.28932543210685258 0.0033427015047520401 28.830320054665208 129.46365866810083
0.1349024648312479 0.2396082140505314 0.28932543210685258 0.0056601689420640467 16.894983464851975 129.46365866810083
0.1349024648312479 0.2396082140505314 0.28932543210685258 0.0056601689420640467 28.830320054665208 598.45472360029817
0.45080094751901917 0.1372615333646536 0.26368472091853623 0.0033427015047520401 16.894983464851975 598.45472360029817
0.55322618735954165 0.42860593944787984 0.49044077359139926 0.019138320359773933 18.902616716921329 931.10709683969617
0.18046382186003029 0.42860593944787984 0.49044077359139926 0.019138320359773933 18.902616716921329 931.10709683969617
0.55322618735954165 0.47417288273572922 0.49044077359139926 0.019138320359773933 18.902616716921329 931.10709683969617
0.55322618735954165 0.42860593944787984 0.48406839556992054 0.019138320359773933 18.902616716921329 931.10709683969617
0.55322618735954165 0.42860593944787984 0.49044077359139926 0.013528579041175546 18.902616716921329 931.10709683969617
0.55322618735954165 0.42860593944787984 0.49044077359139926 0.019138320359773933 27.310441594570875 931.10709683969617
0.55322618735954165 0.42860593944787984 0.49044077359139926 0.019138320359773933 18.902616716921329 281.40983628109097
0.18046382186003029 0.47417288273572922 0.48406839556992054 0.013528579041175546 27.310441594570875 281.40983628109097
0.6650644450448453 0.2643586151301861 0.34205147735774522 0.016808672920800745 19.581193581223488 587.04084381461143
0.51122563402168453 0.2643586151301861 0.34205147735774522 0.016808672920800745 19.581193581223488 587.04084381461143
0.6650644450448453 0.17176169864833357 0.34205147735774522 0.016808672920800745 19.581193581223488 587.04084381461143
0.6650644450448453 0.2643586151301861 0.23058311827480793 0.016808672920800745 19.581193581223488 587.04084381461143
0.6650644450448453 0.2643586151301861 0.34205147735774522 0.0064744525073096157 19.581193581223488 587.04084381461143
0.6650644450448453 0.2643586151301861 0.34205147735774522 0.016808672920800745 21.201102260500193 587.04084381461143
0.6650644450448453 0.2643586151301861 0.34205147735774522 0.016808672920800745 19.581193581223488 152.04516043886542
0.51122563402168453 0.17176169864833357 0.23058311827480793 0.0064744525073096157 21.201102260500193 152.04516043886542
0.10455477223731577 0.45336396694183356 0.14084134362637998 0.0080112483039498344 24.652595894411206 488.68417805060744
0.11884768824093044 0.45336396694183356 0.14084134362637998 0.0080112483039498344 24.652595894411206 488.68417805060744
0.10455477223731577 0.43328852653503425 0.14084134362637998 0.0080112483039498344 24.652595894411206 488.68417805060744
0.10455477223731577 0.45336396694183356 0.4228355925530195 0.0080112483039498344 24.652595894411206 488.68417805060744
0.10455477223731577 0.45336396694183356 0.14084134362637998 0.016744778318330645 24.652595894411206 488.68417805060744
0.10455477223731577 0.45336396694183356 0.14084134362637998 0.0080112483039498344 26.695557611063123 488.68417805060744
0.10455477223731577 0.45336396694183356 0.14084134362637998 0.0080112483039498344 24.652595894411206 720.89672861620784
0.11884768824093044 0.43328852653503425 0.4228355925530195 0.016744778318330645 26.695557611063123 720.89672861620784
0.31583421099930997 0.17684692926704884 0.44869139045476913 0.012457292948849501 33.064363786950707 227.56384825333953
0.56938125328160816 0.17684692926704884 0.44869139045476913 0.012457292948849501 33.064363786950707 227.56384825333953
0.31583421099930997 0.35580632276833057 0.44869139045476913 0.012457292948849501 33.064363786950707 227.56384825333953
0.31583421099930997 0.17684692926704884 0.37048434764146809 0.012457292948849501 33.064363786950707 227.56384825333953
0.31583421099930997 0.17684692926704884 0.44869139045476913 0.012414012170396747 33.064363786950707 227.56384825333953
0.31583421099930997 0.17684692926704884 0.44869139045476913 0.012457292948849501 35.554336227476597 227.56384825333953
0.31583421099930997 0.17684692926704884 0.44869139045476913 0.012457292948849501 33.064363786950707 965.30304057523608
0.56938125328160816 0.35580632276833057 0.37048434764146809 0.012414012170396747 35.554336227476597 965.30304057523608
0.41550062703900031 0.39097435884177689 0.24982519447803497 0.0036203651733696463 14.698152385652065 776.08227804303169
0.29935399428941306 0.39097435884177689 0.24982519447803497 0.0036203651733696463 14.698152385652065 776.08227804303169
0.41550062703900031 0.24233319982886314 0.24982519447803497 0.0036203651733696463 14.698152385652065 776.08227804303169
0.41550062703900031 0.39097435884177689 0.1751219041645527 0.0036203651733696463 14.698152385652065 776.08227804303169
0.41550062703900031 0.39097435884177689 0.24982519447803497 0.0021424731794744733 14.698152385652065 776.08227804303169
0.41550062703900031 0.39097435884177689 0.24982519447803497 0.0036203651733696463 8.4753649141639471 776.08227804303169
0.41550062703900031 0.39097435884177689 0.24982519447803497 0.0036203651733696463 14.698152385652065 354.67597311362624
0.29935399428941306 0.24233319982886314 0.1751219041645527 0.0021424731794744733 8.4753649141639471 354.67597311362624
0.441800111811608 0.20082356706261636 0.41774446852505209 0.0089741720389574786 36.339778836816549 968.38264567777514
0.48536002081818874 0.20082356706261636 0.41774446852505209 0.0089741720389574786 36.339778836816549 968.38264567777514
0.441800111811608 0.18883339501917362 0.41774446852505209 0.0089741720389574786 36.339778836816549 968.38264567777514
0.441800111811608 0.20082356706261636 0.21385226584970951 0.0089741720389574786 36.339778836816549 968.38264567777514
0.441800111811608 0.20082356706261636 0.41774446852505209 0.014431049315445126 36.339778836816549 968.38264567777514
0.441800111811608 0.20082356706261636 0.41774446852505209 0.0089741720389574786 11.115877509117126 968.38264567777514
0.441800111811608 0.20082356706261636 0.41774446852505209 0.0089741720389574786 36.339778836816549 472.88828203454614
0.48536002081818874 0.18883339501917362 0.21385226584970951 0.014431049315445126 11.115877509117126 472.88828203454614
0.36752958619035775 0.41807427555322652 0.21807566024363043 0.015297412966005506 11.411525702103972 166.90097488462925
0.064722916902974242 0.41807427555322652 0.21807566024363043 0.015297412966005506 11.411525702103972 166.90097488462925
0.36752958619035775 0.40075014606118209 0.21807566024363043 0.015297412966005506 11.411525702103972 166.90097488462925
0.36752958619035775 0.41807427555322652 0.43409616909921167 0.015297412966005506 11.411525702103972 166.90097488462925
0.36752958619035775 0.41807427555322652 0.21807566024363043 0.004147273563966155 11.411525702103972 166.90097488462925
0.36752958619035775 0.41807427555322652 0.21807566024363043 0.015297412966005506 36.795888228341937 166.90097488462925
0.36752958619035775 0.41807427555322652 0.21807566024363043 0.015297412966005506 11.411525702103972 846.21053459122777
0.064722916902974242 0.40075014606118209 0.43409616909921167 0.004147273563966155 36.795888228341937 846.21053459122777
0.05190535988658667 0.13843357004225254 0.32282368615269663 0.0046638810817152265 16.308986006304622 415.53253717720509
0.58415087065659466 0.13843357004225254 0.32282368615269663 0.0046638810817152265 16.308986006304622 415.53253717720509
0.05190535988658667 0.38515834175050256 0.32282368615269663 0.0046638810817152265 16.308986006304622 415.53253717720509
0.05190535988658667 0.13843357004225254 0.38488209247589111 0.0046638810817152265 16.308986006304622 415.53253717720509
0.05190535988658667 0.13843357004225254 0.32282368615269663 0.0097168284228071576 16.308986006304622 415.53253717720509
0.05190535988658667 0.13843357004225254 0.32282368615269663 0.0046638810817152265 23.125369634479284 415.53253717720509
0.05190535988658667 0.13843357004225254 0.32282368615269663 0.0046638810817152265 16.308986006304622 616.74562888219953
0.58415087065659466 0.38515834175050256 0.38488209247589111 0.0097168284228071576 23.125369634479284 616.74562888219953
0.63781092311255627 0.33056221567094324 0.12237344011664392 0.011024962305091323 27.943346474319696 767.17597199603915
0.36711383364163336 0.33056221567094324 0.12237344011664392 0.011024962305091323 27.943346474319696 767.17597199603915
0.63781092311255627 0.22207504361867905 0.12237344011664392 0.011024962305091323 27.943346474319696 767.17597199603915
0.63781092311255627 0.33056221567094324 0.16775388345122338 0.011024962305091323 27.943346474319696 767.17597199603915
0.63781092311255627 0.33056221567094324 0.12237344011664392 0.019999390994384886 27.943346474319696 767.17597199603915
0.63781092311255627 0.33056221567094324 0.12237344011664392 0.011024962305091323 20.919437596574426 767.17597199603915
0.63781092311255627 0.33056221567094324 0.12237344011664392 0.011024962305091323 27.943346474319696 257.07387560978532
0.36711383364163336 0.22207504361867905 0.16775388345122338 0.019999390994384886 20.919437596574426 257.07387560978532
0.5871504012029618 0.16397170610725881 0.27086058035492899 0.013315622615627945 25.572757732123137 870.47300692647696
0.68512213886715467 0.16397170610725881 0.27086058035492899 0.013315622615627945 25.572757732123137 870.47300692647696
0.5871504012029618 0.31985982768237592 0.27086058035492899 0.013315622615627945 25.572757732123137 870.47300692647696
0.5871504012029618 0.16397170610725881 0.32033508345484735 0.013315622615627945 25.572757732123137 870.47300692647696
0.5871504012029618 0.16397170610725881 0.27086058035492899 0.0004098135907202959 25.572757732123137 870.47300692647696
0.5871504012029618 0.16397170610725881 0.27086058035492899 0.013315622615627945 29.833732100203633 870.47300692647696
0.5871504012029618 0.16397170610725881 0.27086058035492899 0.013315622615627945 25.572757732123137 163.19591132923961
0.68512213886715467 0.31985982768237592 0.32033508345484735 0.0004098135907202959 29.833732100203633 163.19591132923961
0.18405640814453361 0.35609577111899859 0.47120993062853811 0.0023511468347162012 22.208011766895652 322.11633110418916
0.26479490161873398 0.35609577111899859 0.47120993062853811 0.0023511468347162012 22.208011766895652 322.11633110418916
0.18405640814453361 0.28137980103492738 0.47120993062853811 0.0023511468347162012 22.208011766895652 322.11633110418916
0.18405640814453361 0.35609577111899859 0.12507586181163788 0.0023511468347162012 22.208011766895652 322.11633110418916
0.18405640814453361 0.35609577111899859 0.47120993062853811 0.010583455546759071 22.208011766895652 322.11633110418916
0.18405640814453361 0.35609577111899859 0.47120993062853811 0.0023511468347162012 18.019383002072573 322.11633110418916
0.18405640814453361 0.35609577111899859 0.47120993062853811 0.0023511468347162012 22.208011766895652 717.54541238769889
0.26479490161873398 0.28137980103492738 0.12507586181163788 0.010583455546759071 18.019383002072573 717.54541238769889
0.23538102717138826 0.27645888254046441 0.16343922801315786 0.01762772631701082 12.075109912082553 514.54080874100327
0.38273116643540556 0.27645888254046441 0.16343922801315786 0.01762772631701082 12.075109912082553 514.54080874100327
0.23538102717138826 0.10458957143127919 0.16343922801315786 0.01762772631701082 12.075109912082553 514.54080874100327
0.23538102717138826 0.27645888254046441 0.28054905198514463 0.01762772631701082 12.075109912082553 514.54080874100327
0.23538102717138826 0.27645888254046441 0.16343922801315786 0.016152939632162452 12.075109912082553 514.54080874100327
0.23538102717138826 0.27645888254046441 0.16343922801315786 0.01762772631701082 11.966009384021163 514.54080874100327
0.23538102717138826 0.27645888254046441 0.16343922801315786 0.01762772631701082 12.075109912082553 919.43464791402221
0.38273116643540556 0.10458957143127919 0.28054905198514463 0.016152939632162452 11.966009384021163 919.43464791402221
0.49246312296017997 0.49370501041412351 0.36300751604139803 0.0066266187358647588 32.147750455886126 613.05924858897924
0.1660041510593146 0.49370501041412351 0.36300751604139803 0.0066266187358647588 32.147750455886126 613.05924858897924
0.49246312296017997 0.49110959395766263 0.36300751604139803 0.0066266187358647588 32.147750455886126 613.05924858897924
0.49246312296017997 0.49370501041412351 0.47267434038221834 0.0066266187358647588 32.147750455886126 613.05924858897924
0.49246312296017997 0.49370501041412351 0.36300751604139803 0.0059780749810859563 32.147750455886126 613.05924858897924
0.49246312296017997 0.49370501041412351 0.36300751604139803 0.0066266187358647588 32.254521988332272 613.05924858897924
0.49246312296017997 0.49370501041412351 0.36300751604139803 0.0066266187358647588 32.147750455886126 406.80571449920535
0.1660041510593146 0.49110959395766263 0.47267434038221834 0.0059780749810859563 32.254521988332272 406.80571449920535
