0.48558564865961662 0.14963282383978369 0.12930124290287495 0.0071863416973501444 17.723069062456489 481.04699105024338
0.19114984329789875 0.14963282383978369 0.12930124290287495 0.0071863416973501444 17.723069062456489 481.04699105024338
0.48558564865961662 0.31897973828017712 0.12930124290287495 0.0071863416973501444 17.723069062456489 481.04699105024338
0.48558564865961662 0.14963282383978369 0.28541942946612836 0.0071863416973501444 17.723069062456489 481.04699105024338
0.48558564865961662 0.14963282383978369 0.12930124290287495 0.0092034912537783398 17.723069062456489 481.04699105024338
0.48558564865961662 0.14963282383978369 0.12930124290287495 0.0071863416973501444 11.66873417980969 481.04699105024338
0.48558564865961662 0.14963282383978369 0.12930124290287495 0.0071863416973501444 17.723069062456489 652.34385328367352
0.19114984329789875 0.31897973828017712 0.28541942946612836 0.0092034912537783398 11.66873417980969 652.34385328367352
0.24499289658851919 0.3325466986745596 0.32818879820406438 0.018150815855525436 30.288499157875776 579.5100717805326
0.43891358133405439 0.3325466986745596 0.32818879820406438 0.018150815855525436 30.288499157875776 579.5100717805326
0.24499289658851919 0.28206296265125275 0.32818879820406438 0.018150815855525436 30.288499157875776 579.5100717805326
0.24499289658851919 0.3325466986745596 0.46819306202232835 0.018150815855525436 30.288499157875776 579.5100717805326
0.24499289658851919 0.3325466986745596 0.32818879820406438 0.018810504472069441 30.288499157875776 579.5100717805326
0.24499289658851919 0.3325466986745596 0.32818879820406438 0.018150815855525436 36.169557247310877 579.5100717805326
0.24499289658851919 0.3325466986745596 0.32818879820406438 0.018150815855525436 30.288499157875776 224.11730522289872
0.43891358133405439 0.28206296265125275 0.46819306202232835 0.018810504472069441 36.169557247310877 224.11730522289872
0.17444142960011957 0.21229128018021584 0.23594114854931833 0.00163673725835979 34.928489077836275 784.27228173241019
0.24995051687583325 0.21229128018021584 0.23594114854931833 0.00163673725835979 34.928489077836275 784.27228173241019
0.17444142960011957 0.10390326865017414 0.23594114854931833 0.00163673725835979 34.928489077836275 784.27228173241019
0.17444142960011957 0.21229128018021584 0.31272901669144632 0.00163673725835979 34.928489077836275 784.27228173241019
0.17444142960011957 0.21229128018021584 0.23594114854931833 0.014478473216667773 34.928489077836275 784.27228173241019
0.17444142960011957 0.21229128018021584 0.23594114854931833 0.00163673725835979 23.560807129368186 784.27228173241019
0.17444142960011957 0.21229128018021584 0.23594114854931833 0.00163673725835979 34.928489077836275 458.38530967012048
0.24995051687583325 0.10390326865017414 0.31272901669144632 0.014478473216667773 23.560807129368186 458.38530967012048
0.59402476637624202 0.41998542100191116 0.43717264756560326 0.012637844691984357 9.0563055705279112 235.86024343967438
0.61879463559016579 0.41998542100191116 0.43717264756560326 0.012637844691984357 9.0563055705279112 235.86024343967438
0.59402476637624202 0.49198654219508176 0.43717264756560326 0.012637844691984357 9.0563055705279112 235.86024343967438
0.59402476637624202 0.41998542100191116 0.13307102769613266 0.012637844691984357 9.0563055705279112 235.86024343967438
0.59402476637624202 0.41998542100191116 0.43717264756560326 0.0048726637369021775 9.0563055705279112 235.86024343967438
0.59402476637624202 0.41998542100191116 0.43717264756560326 0.012637844691984357 20.644442804157734 235.86024343967438
0.59402476637624202 0.41998542100191116 0.43717264756560326 0.012637844691984357 9.0563055705279112 872.13735701516271
0.61879463559016579 0.49198654219508176 0.13307102769613266 0.0048726637369021775 20.644442804157734 872.13735701516271
0.62461300469003611 0.28703705593943596 0.38243551030755041 0.010309948480688037 14.427533393725753 326.03591354563832
0.31092413142323488 0.28703705593943596 0.38243551030755041 0.010309948480688037 14.427533393725753 326.03591354563832
0.62461300469003611 0.18795167841017246 0.38243551030755041 0.010309948480688037 14.427533393725753 326.03591354563832
0.62461300469003611 0.28703705593943596 0.38040245920419691 0.010309948480688037 14.427533393725753 326.03591354563832
0.62461300469003611 0.28703705593943596 0.38243551030755041 0.015137472299300136 14.427533393725753 326.03591354563832
0.62461300469003611 0.28703705593943596 0.38243551030755041 0.010309948480688037 30.445193752646446 326.03591354563832
0.62461300469003611 0.28703705593943596 0.38243551030755041 0.010309948480688037 14.427533393725753 911.96346199139953
0.31092413142323488 0.18795167841017246 0.38040245920419691 0.015137472299300136 30.445193752646446 911.96346199139953
0.062843717634677887 0.49474797844886786 0.18130491301417351 0.003986707406118512 33.554455425590277 677.62398589402437
0.55901245847344394 0.49474797844886786 0.18130491301417351 0.003986707406118512 33.554455425590277 677.62398589402437
0.062843717634677887 0.4014316804707051 0.18130491301417351 0.003986707406118512 33.554455425590277 677.62398589402437
0.062843717634677887 0.49474797844886786 0.1726256676018238 0.003986707406118512 33.554455425590277 677.62398589402437
0.062843717634677887 0.49474797844886786 0.18130491301417351 0.0056019021186977623 33.554455425590277 677.62398589402437
0.062843717634677887 0.49474797844886786 0.18130491301417351 0.003986707406118512 17.451633868739009 677.62398589402437
0.062843717634677887 0.49474797844886786 0.18130491301417351 0.003986707406118512 33.554455425590277 411.63910878822207
0.55901245847344394 0.4014316804707051 0.1726256676018238 0.0056019021186977623 17.451633868739009 411.63910878822207
0.3565930977929383 0.17447654195129872 0.4765752274543047 0.015857740175537764 23.224922839552164 938.62417954951525
0.13104282775893805 0.17447654195129872 0.4765752274543047 0.015857740175537764 23.224922839552164 938.62417954951525
0.3565930977929383 0.38447346352040768 0.4765752274543047 0.015857740175537764 23.224922839552164 938.62417954951525
0.3565930977929383 0.17447654195129872 0.22184888608753683 0.015857740175537764 23.224922839552164 938.62417954951525
0.3565930977929383 0.17447654195129872 0.4765752274543047 0.0012699510781094435 23.224922839552164 938.62417954951525
0.3565930977929383 0.17447654195129872 0.4765752274543047 0.015857740175537764 12.225682448595762 938.62417954951525
0.3565930977929383 0.17447654195129872 0.4765752274543047 0.015857740175537764 23.224922839552164 205.82570759579539
0.13104282775893805 0.38447346352040768 0.22184888608753683 0.0012699510781094435 12.225682448595762 205.82570759579539
0.45499989958479992 0.35740719847381119 0.27778818644583225 0.0094966573294252166 20.789458362385631 137.0871496386826
0.50021200040355318 0.35740719847381119 0.27778818644583225 0.0094966573294252166 20.789458362385631 137.0871496386826
0.45499989958479992 0.22295341640710831 0.27778818644583225 0.0094966573294252166 20.789458362385631 137.0871496386826
0.45499989958479992 0.35740719847381119 0.42649169974029066 0.0094966573294252166 20.789458362385631 137.0871496386826
0.45499989958479992 0.35740719847381119 0.27778818644583225 0.010806715629622342 20.789458362385631 137.0871496386826
0.45499989958479992 0.35740719847381119 0.27778818644583225 0.0094966573294252166 31.803728902712464 137.0871496386826
0.45499989958479992 0.35740719847381119 0.27778818644583225 0.0094966573294252166 20.789458362385631 663.49562844261527
0.50021200040355318 0.22295341640710831 0.42649169974029066 0.010806715629622342 31.803728902712464 663.49562844261527
0.40100153400562699 0.24688901081681253 0.4585010007023812 0.0030987107239663606 27.438292132690549 317.14329849928617
0.35487065156921738 0.24688901081681253 0.4585010007023812 0.0030987107239663606 27.438292132690549 317.14329849928617
0.40100153400562699 0.17107605151832106 0.4585010007023812 0.0030987107239663606 27.438292132690549 317.14329849928617
0.40100153400562699 0.24688901081681253 0.36285441517829897 0.0030987107239663606 27.438292132690549 317.14329849928617
0.40100153400562699 0.24688901081681253 0.4585010007023812 0.0032747520526871087 27.438292132690549 317.14329849928617
0.40100153400562699 0.24688901081681253 0.4585010007023812 0.0030987107239663606 33.045517105609179 317.14329849928617
0.40100153400562699 0.24688901081681253 0.4585010007023812 0.0030987107239663606 27.438292132690549 557.58628034964204
0.35487065156921738 0.17107605151832106 0.36285441517829897 0.0032747520526871087 33.045517105609179 557.58628034964204
0.32799062021076675 0.43294637948274617 0.25894796848297119 0.011896134898252787 16.564870283007622 865.60636917129159
0.59503649612888687 0.43294637948274617 0.25894796848297119 0.011896134898252787 16.564870283007622 865.60636917129159
0.32799062021076675 0.4341646283864975 0.25894796848297119 0.011896134898252787 16.564870283007622 865.60636917129159
0.32799062021076675 0.43294637948274617 0.18314093574881554 0.011896134898252787 16.564870283007622 865.60636917129159
0.32799062021076675 0.43294637948274617 0.25894796848297119 0.012823752184584739 16.564870283007622 865.60636917129159
0.32799062021076675 0.43294637948274617 0.25894796848297119 0.011896134898252787 14.866417052224278 865.60636917129159
0.32799062021076675 0.43294637948274617 0.25894796848297119 0.011896134898252787 16.564870283007622 312.61181281879544
0.59503649612888687 0.4341646283864975 0.18314093574881554 0.012823752184584739 14.866417052224278 312.61181281879544
0.092396454932168123 0.10954784192144872 0.35107965283095843 0.0086875911384820953 10.218279950320721 616.82720491662621
0.053123953752219677 0.10954784192144872 0.35107965283095843 0.0086875911384820953 10.218279950320721 616.82720491662621
0.092396454932168123 0.35492688901722436 0.35107965283095843 0.0086875911384820953 10.218279950320721 616.82720491662621
0.092396454932168123 0.10954784192144872 0.23547693230211736 0.0086875911384820953 10.218279950320721 616.82720491662621
0.092396454932168123 0.10954784192144872 0.35107965283095843 0.01839208438526839 10.218279950320721 616.82720491662621
0.092396454932168123 0.10954784192144872 0.35107965283095843 0.0086875911384820953 17.169761948287487 616.82720491662621
0.092396454932168123 0.10954784192144872 0.35107965283095843 0.0086875911384820953 10.218279950320721 531.60880776122212
0.053123953752219677 0.35492688901722436 0.23547693230211736 0.01839208438526839 17.169761948287487 531.60880776122212
0.67956162998452774 0.32038549147546291 0.15074556432664396 0.017524517586268485 37.78224472142756 518.41517668217421
0.49562126379460092 0.32038549147546291 0.15074556432664396 0.017524517586268485 37.78224472142756 518.41517668217421
0.67956162998452774 0.24301551505923272 0.15074556432664396 0.017524517586268485 37.78224472142756 518.41517668217421
0.67956162998452774 0.32038549147546291 0.41833087764680388 0.017524517586268485 37.78224472142756 518.41517668217421
0.67956162998452774 0.32038549147546291 0.15074556432664396 0.0088442786242812887 37.78224472142756 518.41517668217421
0.67956162998452774 0.32038549147546291 0.15074556432664396 0.017524517586268485 26.874755715951324 518.41517668217421
0.67956162998452774 0.32038549147546291 0.15074556432664396 0.017524517586268485 37.78224472142756 791.11270764842629
0.49562126379460092 0.24301551505923272 0.41833087764680388 0.0088442786242812887 26.874755715951324 791.11270764842629
0.54765112744644284 0.1850935596972704 0.20538485161960127 0.01981405894625932 30.73388815112412 162.98537133261561
0.15480098659172653 0.1850935596972704 0.20538485161960127 0.01981405894625932 30.73388815112412 162.98537133261561
0.54765112744644284 0.33917681016027929 0.20538485161960127 0.01981405894625932 30.73388815112412 162.98537133261561
0.54765112744644284 0.1850935596972704 0.27170515917241578 0.01981405894625932 30.73388815112412 162.98537133261561
0.54765112744644284 0.1850935596972704 0.20538485161960127 0.011533349132165313 30.73388815112412 162.98537133261561
0.54765112744644284 0.1850935596972704 0.20538485161960127 0.01981405894625932 21.769063903018832 162.98537133261561
0.54765112744644284 0.1850935596972704 0.20538485161960127 0.01981405894625932 30.73388815112412 978.04487450048327
0.15480098659172653 0.33917681016027929 0.27170515917241578 0.011533349132165313 21.769063903018832 978.04487450048327
0.14329752256162465 0.39591136984527109 0.40581373833119871 0.0063766178555786611 13.298746377229691 964.57344703376293
0.39529188508167856 0.39591136984527109 0.40581373833119871 0.0063766178555786611 13.298746377229691 964.57344703376293
0.14329752256162465 0.25264995768666265 0.40581373833119871 0.0063766178555786611 13.298746377229691 964.57344703376293
0.14329752256162465 0.39591136984527109 0.47644010819494731 0.0063766178555786611 13.298746377229691 964.57344703376293
0.14329752256162465 0.39591136984527109 0.40581373833119871 0.0019397764129564169 13.298746377229691 964.57344703376293
0.14329752256162465 0.39591136984527109 0.40581373833119871 0.0063766178555786611 26.084333389997482 964.57344703376293
0.14329752256162465 0.39591136984527109 0.40581373833119871 0.0063766178555786611 13.298746377229691 351.59760182723403
0.39529188508167856 0.25264995768666265 0.47644010819494731 0.0019397764129564169 26.084333389997482 351.59760182723403
0.27709208056330675 0.272531908005476 0.11046407669782639 0.014228199771977963 21.921793885529041 772.08376489579678
0.25421642959117885 0.272531908005476 0.11046407669782639 0.014228199771977963 21.921793885529041 772.08376489579678
0.27709208056330675 0.13638066314160824 0.11046407669782639 0.014228199771977963 21.921793885529041 772.08376489579678
0.27709208056330675 0.272531908005476 0.33033884689211845 0.014228199771977963 21.921793885529041 772.08376489579678
0.27709208056330675 0.272531908005476 0.11046407669782639 0.007508028398826719 21.921793885529041 772.08376489579678
0.27709208056330675 0.272531908005476 0.11046407669782639 0.014228199771977963 36.004880705848336 772.08376489579678
0.27709208056330675 0.272531908005476 0.11046407669782639 0.014228199771977963 21.921793885529041 104.14600363001227
0.25421642959117885 0.13638066314160824 0.33033884689211845 0.007508028398826719 36.004880705848336 104.14600363001227
0.53291456452570851 0.45856943726539612 0.31011151969432832 0.00075004791170358665 26.049265826120973 420.54673163220286
0.6970383286476135 0.45856943726539612 0.31011151969432832 0.00075004791170358665 26.049265826120973 420.54673163220286
0.53291456452570851 0.4748537614941597 0.31011151969432832 0.00075004791170358665 26.049265826120973 420.54673163220286
0.53291456452570851 0.45856943726539612 0.12249397337436677 0.00075004791170358665 26.049265826120973 420.54673163220286
0.53291456452570851 0.45856943726539612 0.31011151969432832 0.017102804856561123 26.049265826120973 420.54673163220286
0.53291456452570851 0.45856943726539612 0.31011151969432832 0.00075004791170358665 8.2154753170907497 420.54673163220286
0.53291456452570851 0.45856943726539612 0.31011151969432832 0.00075004791170358665 26.049265826120973 773.19277701899409
0.6970383286476135 0.4748537614941597 0.12249397337436677 0.017102804856561123 8.2154753170907497 773.19277701899409
0.50495235226117074 0.25836989246308806 0.27485683336853983 0.015616607291810216 8.4622702021151781 990.68801905959845
0.42128037782385941 0.25836989246308806 0.27485683336853983 0.015616607291810216 8.4622702021151781 990.68801905959845
0.50495235226117074 0.1378584459424019 0.27485683336853983 0.015616607291810216 8.4622702021151781 990.68801905959845
0.50495235226117074 0.25836989246308806 0.1912785790860653 0.015616607291810216 8.4622702021151781 990.68801905959845
0.50495235226117074 0.25836989246308806 0.27485683336853983 0.0061787180639803407 8.4622702021151781 990.68801905959845
0.50495235226117074 0.25836989246308806 0.27485683336853983 0.015616607291810216 9.1075210385024548 990.68801905959845
0.50495235226117074 0.25836989246308806 0.27485683336853983 0.015616607291810216 8.4622702021151781 933.30884845927358
0.42128037782385941 0.1378584459424019 0.1912785790860653 0.0061787180639803407 9.1075210385024548 933.30884845927358
0.26438903883099552 0.47234473861753945 0.47364692613482473 0.0092540896516293304 36.033673018217087 189.20604819431901
0.20362678440287707 0.47234473861753945 0.47364692613482473 0.0092540896516293304 36.033673018217087 189.20604819431901
0.26438903883099552 0.45094098113477232 0.47364692613482473 0.0092540896516293304 36.033673018217087 189.20604819431901
0.26438903883099552 0.47234473861753945 0.36155270934104922 0.0092540896516293304 36.033673018217087 189.20604819431901
0.26438903883099552 0.47234473861753945 0.47364692613482473 0.015802503222413361 36.033673018217087 189.20604819431901
0.26438903883099552 0.47234473861753945 0.47364692613482473 0.0092540896516293304 34.995361382141709 189.20604819431901
0.26438903883099552 0.47234473861753945 0.47364692613482473 0.0092540896516293304 36.033673018217087 392.98064867034554
0.20362678440287707 0.45094098113477232 0.36155270934104922 0.015802503222413361 34.995361382141709 392.98064867034554
0.15570235927589238 0.19573537260293961 0.16587307639420035 0.011304881097935142 29.183315999805927 393.88755047693849
0.64686551354825494 0.19573537260293961 0.16587307639420035 0.011304881097935142 29.183315999805927 393.88755047693849
0.15570235927589238 0.33496463969349866 0.16587307639420035 0.011304881097935142 29.183315999805927 393.88755047693849
0.15570235927589238 0.19573537260293961 0.40765109620988371 0.011304881097935142 29.183315999805927 393.88755047693849
0.15570235927589238 0.19573537260293961 0.16587307639420035 0.010232967172563077 29.183315999805927 393.88755047693849
0.15570235927589238 0.19573537260293961 0.16587307639420035 0.011304881097935142 25.2210843116045 393.88755047693849
0.15570235927589238 0.19573537260293961 0.16587307639420035 0.011304881097935142 29.183315999805927 177.05637896433473
0.64686551354825494 0.33496463969349866 0.40765109620988371 0.010232967172563077 25.2210843116045 177.05637896433473
0.57527546184137457 0.38488112464547164 0.36700672544538981 0.00498307422734797 18.317103648558259 745.53048070520163
0.22687967978417872 0.38488112464547164 0.36700672544538981 0.00498307422734797 18.317103648558259 745.53048070520163
0.57527546184137457 0.2730471257120371 0.36700672544538981 0.00498307422734797 18.317103648558259 745.53048070520163
0.57527546184137457 0.38488112464547164 0.24049265123903751 0.00498307422734797 18.317103648558259 745.53048070520163
0.57527546184137457 0.38488112464547164 0.36700672544538981 0.00061039534155279398 18.317103648558259 745.53048070520163
0.57527546184137457 0.38488112464547164 0.36700672544538981 0.00498307422734797 22.748756615445018 745.53048070520163
0.57527546184137457 0.38488112464547164 0.36700672544538981 0.00498307422734797 18.317103648558259 703.73407946899533
0.22687967978417872 0.2730471257120371 0.24049265123903751 0.00061039534155279398 22.748756615445018 703.73407946899533
0.68711154023185372 0.12058495283126831 0.41549091227352619 0.0026513079371303324 20.165840910747647 836.31036533042789
0.54621563805267215 0.12058495283126831 0.41549091227352619 0.0026513079371303324 20.165840910747647 836.31036533042789
0.68711154023185372 0.36926940605044367 0.41549091227352619 0.0026513079371303324 20.165840910747647 836.31036533042789
0.68711154023185372 0.12058495283126831 0.49954319037497041 0.0026513079371303324 20.165840910747647 836.31036533042789
0.68711154023185372 0.12058495283126831 0.41549091227352619 0.019383006372489034 20.165840910747647 836.31036533042789
0.68711154023185372 0.12058495283126831 0.41549091227352619 0.0026513079371303324 27.887693515047431 836.31036533042789
0.68711154023185372 0.12058495283126831 0.41549091227352619 0.0026513079371303324 20.165840910747647 630.62069108709693
0.54621563805267215 0.36926940605044367 0.49954319037497041 0.019383006372489034 27.887693515047431 630.62069108709693
0.12535186749882996 0.30973528549075124 0.21426246501505375 0.013653849574737252 24.300522908568382 287.95339949429035
0.3288771803490817 0.30973528549075124 0.21426246501505375 0.013653849574737252 24.300522908568382 287.95339949429035
0.12535186749882996 0.23274862058460713 0.21426246501505375 0.013653849574737252 24.300522908568382 287.95339949429035
0.12535186749882996 0.30973528549075124 0.25426613949239252 0.013653849574737252 24.300522908568382 287.95339949429035
0.12535186749882996 0.30973528549075124 0.21426246501505375 0.0098642186060547837 24.300522908568382 287.95339949429035
0.12535186749882996 0.30973528549075124 0.21426246501505375 0.013653849574737252 16.273839987814426 287.95339949429035
0.12535186749882996 0.30973528549075124 0.21426246501505375 0.013653849574737252 24.300522908568382 243.24967144057155
0.3288771803490817 0.23274862058460713 0.25426613949239252 0.0098642186060547837 16.273839987814426 243.24967144057155
0.29473708011209959 0.23312210254371168 0.31900734379887585 0.0069648468751460314 32.478854350745678 548.92438389360905
0.52296299207955599 0.23312210254371168 0.31900734379887585 0.0069648468751460314 32.478854350745678 548.92438389360905
0.29473708011209959 0.15321789681911469 0.31900734379887585 0.0069648468751460314 32.478854350745678 548.92438389360905
0.29473708011209959 0.23312210254371168 0.10192687809467316 0.0069648468751460314 32.478854350745678 548.92438389360905
0.29473708011209959 0.23312210254371168 0.31900734379887585 0.0042947534771636126 32.478854350745678 548.92438389360905
0.29473708011209959 0.23312210254371168 0.31900734379887585 0.0069648468751460314 13.882360832765698 548.92438389360905
0.29473708011209959 0.23312210254371168 0.31900734379887585 0.0069648468751460314 32.478854350745678 486.74961132928729
0.52296299207955599 0.15321789681911469 0.10192687809467316 0.0042947534771636126 13.882360832765698 486.74961132928729
0.39311382337473327 0.44710152931511404 0.12012284025549889 0.017927886239252986 15.051151851192117 647.44230909273028
0.10329182911664248 0.44710152931511404 0.12012284025549889 0.017927886239252986 15.051151851192117 647.44230909273028
0.39311382337473327 0.44169716052711017 0.12012284025549889 0.017927886239252986 15.051151851192117 647.44230909273028
0.39311382337473327 0.44710152931511404 0.34407000467181204 0.017927886239252986 15.051151851192117 647.44230909273028
0.39311382337473327 0.44710152931511404 0.12012284025549889 0.013814763791114093 15.051151851192117 647.44230909273028
0.39311382337473327 0.44710152931511404 0.12012284025549889 0.017927886239252986 33.91175640001893 647.44230909273028
0.39311382337473327 0.44710152931511404 0.12012284025549889 0.017927886239252986 15.051151851192117 832.40006333217025
0.10329182911664248 0.44169716052711017 0.34407000467181204 0.013814763791114093 33.91175640001893 832.40006333217025
0.42227252842858426 0.15719486624002457 0.33804287426173685 0.014469030826725068 36.691766327247024 708.10649171471596
0.61302859075367444 0.15719486624002457 0.33804287426173685 0.014469030826725068 36.691766327247024 708.10649171471596
0.42227252842858426 0.38966064602136619 0.33804287426173685 0.014469030826725068 36.691766327247024 708.10649171471596
0.42227252842858426 0.15719486624002457 0.45777651853859425 0.014469030826725068 36.691766327247024 708.10649171471596
0.42227252842858426 0.15719486624002457 0.33804287426173685 0.0025895840028300884 36.691766327247024 708.10649171471596
0.42227252842858426 0.15719486624002457 0.33804287426173685 0.014469030826725068 30.912828037515283 708.10649171471596
0.42227252842858426 0.15719486624002457 0.33804287426173685 0.014469030826725068 36.691766327247024 951.49084934964776
0.61302859075367444 0.38966064602136619 0.45777651853859425 0.0025895840028300884 30.912828037515283 951.49084934964776
0.34929106538183979 0.37430063262581825 0.13839237950742245 0.00099231317043304451 10.827021088451147 356.62453090772033
0.34203477092087264 0.37430063262581825 0.13839237950742245 0.00099231317043304451 10.827021088451147 356.62453090772033
0.34929106538183979 0.20275005958974363 0.13839237950742245 0.00099231317043304451 10.827021088451147 356.62453090772033
0.34929106538183979 0.37430063262581825 0.29056253544986249 0.00099231317043304451 10.827021088451147 356.62453090772033
0.34929106538183979 0.37430063262581825 0.13839237950742245 0.012116694673895837 10.827021088451147 356.62453090772033
0.34929106538183979 0.37430063262581825 0.13839237950742245 0.00099231317043304451 13.234514679759741 356.62453090772033
0.34929106538183979 0.37430063262581825 0.13839237950742245 0.00099231317043304451 10.827021088451147 368.5355824418366
0.34203477092087264 0.20275005958974363 0.29056253544986249 0.012116694673895837 13.234514679759741 368.5355824418366
0.070483550429344177 0.29456073604524136 0.44624557346105576 0.018818824500031771 15.956130150705576 107.81615739688277
0.46791055547073479 0.29456073604524136 0.44624557346105576 0.018818824500031771 15.956130150705576 107.81615739688277
0.070483550429344177 0.18628008440136912 0.44624557346105576 0.018818824500031771 15.956130150705576 107.81615739688277
0.070483550429344177 0.29456073604524136 0.1413361057639122 0.018818824500031771 15.956130150705576 107.81615739688277
0.070483550429344177 0.29456073604524136 0.44624557346105576 0.016447512786276638 15.956130150705576 107.81615739688277
0.070483550429344177 0.29456073604524136 0.44624557346105576 0.018818824500031771 18.31373898498714 107.81615739688277
0.070483550429344177 0.29456073604524136 0.44624557346105576 0.018818824500031771 15.956130150705576 138.21923630312085
0.46791055547073479 0.18628008440136912 0.1413361057639122 0.016447512786276638 18.31373898498714 138.21923630312085
0.65763850337825713 0.48683739341795451 0.24581363499164582 0.0053799486152827742 28.528769521042705 909.45907756686211
0.075834650266915563 0.48683739341795451 0.24581363499164582 0.0053799486152827742 28.528769521042705 909.45907756686211
0.65763850337825713 0.42436944879591465 0.24581363499164582 0.0053799486152827742 28.528769521042705 909.45907756686211
0.65763850337825713 0.48683739341795451 0.31169050112366681 0.0053799486152827742 28.528769521042705 909.45907756686211
0.65763850337825713 0.48683739341795451 0.24581363499164582 0.0069216246627271175 28.528769521042705 909.45907756686211
0.65763850337825713 0.48683739341795451 0.24581363499164582 0.0053799486152827742 29.466187238693237 909.45907756686211
0.65763850337825713 0.48683739341795451 0.24581363499164582 0.0053799486152827742 28.528769521042705 734.77007085457444
0.075834650266915563 0.42436944879591465 0.31169050112366681 0.0069216246627271175 29.466187238693237 734.77007085457444
0.60697584091685708 0.22019805125892164 0.19742729812860491 0.0076733228787779807 24.988256862387061 552.8756876476109
0.40780788157135245 0.22019805125892164 0.19742729812860491 0.0076733228787779807 24.988256862387061 552.8756876476109
0.60697584091685708 0.12039573714137078 0.19742729812860491 0.0076733228787779807 24.988256862387061 552.8756876476109
0.60697584091685708 0.22019805125892164 0.15178317502141001 0.0076733228787779807 24.988256862387061 552.8756876476109
0.60697584091685708 0.22019805125892164 0.19742729812860491 0.013477873819321395 24.988256862387061 552.8756876476109
0.60697584091685708 0.22019805125892164 0.19742729812860491 0.0076733228787779807 19.632648967206478 552.8756876476109
0.60697584091685708 0.22019805125892164 0.19742729812860491 0.0076733228787779807 24.988256862387061 584.64167742058635
0.40780788157135245 0.12039573714137078 0.15178317502141001 0.013477873819321395 19.632648967206478 584.64167742058635
0.20263183824717995 0.41246708221733575 0.39775833487510681 0.016508814532496034 22.560002665966749 454.5187184587121
0.13712873253971336 0.41246708221733575 0.39775833487510681 0.016508814532496034 22.560002665966749 454.5187184587121
0.20263183824717995 0.48386962302029135 0.39775833487510681 0.016508814532496034 22.560002665966749 454.5187184587121
0.20263183824717995 0.41246708221733575 0.39401838928461075 0.016508814532496034 22.560002665966749 454.5187184587121
0.20263183824717995 0.41246708221733575 0.39775833487510681 0.0038624011652544144 22.560002665966749 454.5187184587121
0.20263183824717995 0.41246708221733575 0.39775833487510681 0.016508814532496034 24.45604289136827 454.5187184587121
0.20263183824717995 0.41246708221733575 0.39775833487510681 0.016508814532496034 22.560002665966749 295.26859065517783
0.13712873253971336 0.48386962302029135 0.39401838928461075 0.0038624011652544144 24.45604289136827 295.26859065517783
0.21714036581106483 0.13273404836654665 0.29312942437827588 0.0033205079652369024 12.66053681448102 261.94832865148783
0.67400779156014323 0.13273404836654665 0.29312942437827588 0.0033205079652369024 12.66053681448102 261.94832865148783
0.21714036581106483 0.30522160828113554 0.29312942437827588 0.0033205079652369024 12.66053681448102 261.94832865148783
0.21714036581106483 0.13273404836654665 0.44947960190474989 0.0033205079652369024 12.66053681448102 261.94832865148783
0.21714036581106483 0.13273404836654665 0.29312942437827588 0.0081931483566761026 12.66053681448102 261.94832865148783
0.21714036581106483 0.13273404836654665 0.29312942437827588 0.0033205079652369024 37.152468610554934 261.94832865148783
0.21714036581106483 0.13273404836654665 0.29312942437827588 0.0033205079652369024 12.66053681448102 498.00926661118865
0.67400779156014323 0.30522160828113554 0.44947960190474989 0.0081931483566761026 37.152468610554934 498.00926661118865
0.47293277913704507 0.34983218833804131 0.49267940483987338 0.012119366343505682 31.794897897168994 810.46625720337033
0.28224702207371588 0.34983218833804131 0.49267940483987338 0.012119366343505682 31.794897897168994 810.46625720337033
0.47293277913704507 0.29369554333388803 0.49267940483987338 0.012119366343505682 31.794897897168994 810.46625720337033
0.47293277913704507 0.34983218833804131 0.20413442142307758 0.012119366343505682 31.794897897168994 810.46625720337033
0.47293277913704507 0.34983218833804131 0.49267940483987338 0.017809834338165818 31.794897897168994 810.46625720337033
0.47293277913704507 0.34983218833804131 0.49267940483987338 0.012119366343505682 10.803181977942586 810.46625720337033
0.47293277913704507 0.34983218833804131 0.49267940483987338 0.012119366343505682 31.794897897168994 829.15785266086459
0.28224702207371588 0.29369554333388803 0.20413442142307758 0.017809834338165818 10.803181977942586 829.15785266086459
