0.48214214369654651 0.25491716414690019 0.38981921821832655 0.0024569785898551346 34.715778224170208 536.92917302250862
0.28896733592264351 0.25491716414690019 0.38981921821832655 0.0024569785898551346 34.715778224170208 536.92917302250862
0.48214214369654651 0.45519233383238322 0.38981921821832655 0.0024569785898551346 34.715778224170208 536.92917302250862
0.48214214369654651 0.25491716414690019 0.14295647218823435 0.0024569785898551346 34.715778224170208 536.92917302250862
0.48214214369654651 0.25491716414690019 0.38981921821832655 0.00066370828244835143 34.715778224170208 536.92917302250862
0.48214214369654651 0.25491716414690019 0.38981921821832655 0.0024569785898551346 16.732466157525778 536.92917302250862
0.48214214369654651 0.25491716414690019 0.38981921821832655 0.0024569785898551346 34.715778224170208 358.85221613571048
0.28896733592264351 0.45519233383238322 0.14295647218823435 0.00066370828244835143 16.732466157525778 358.85221613571048
0.24665107480250298 0.46280527487397194 0.19014434218406678 0.01376813729889691 9.7798502836376429 635.44721221551299
0.66102782259695225 0.46280527487397194 0.19014434218406678 0.01376813729889691 9.7798502836376429 635.44721221551299
0.24665107480250298 0.14366549327969552 0.19014434218406678 0.01376813729889691 9.7798502836376429 635.44721221551299
0.24665107480250298 0.46280527487397194 0.31007165461778641 0.01376813729889691 9.7798502836376429 635.44721221551299
0.24665107480250298 0.46280527487397194 0.19014434218406678 0.010179937177896501 9.7798502836376429 635.44721221551299
0.24665107480250298 0.46280527487397194 0.19014434218406678 0.01376813729889691 27.414422372356057 635.44721221551299
0.24665107480250298 0.46280527487397194 0.19014434218406678 0.01376813729889691 9.7798502836376429 971.66272914037108
0.66102782259695225 0.14366549327969552 0.31007165461778641 0.010179937177896501 27.414422372356057 971.66272914037108
0.17375526772812006 0.19255206547677517 0.49489643983542919 0.0068446872053667908 17.937110291793942 840.17506306990981
0.14955180571414528 0.19255206547677517 0.49489643983542919 0.0068446872053667908 17.937110291793942 840.17506306990981
0.17375526772812006 0.2703649368137121 0.49489643983542919 0.0068446872053667908 17.937110291793942 840.17506306990981
0.17375526772812006 0.19255206547677517 0.45929809026420121 0.0068446872053667908 17.937110291793942 840.17506306990981
0.17375526772812006 0.19255206547677517 0.49489643983542919 0.015749185265786947 17.937110291793942 840.17506306990981
0.17375526772812006 0.19255206547677517 0.49489643983542919 0.0068446872053667908 32.493674784898758 840.17506306990981
0.17375526772812006 0.19255206547677517 0.49489643983542919 0.0068446872053667908 17.937110291793942 723.33222469314933
0.14955180571414528 0.2703649368137121 0.45929809026420121 0.015749185265786947 32.493674784898758 723.33222469314933
0.59840060998685651 0.3752692703157664 0.29444012604653835 0.01811785308085382 29.563566848635674 291.81798323988914
0.39926160559989504 0.3752692703157664 0.29444012604653835 0.01811785308085382 29.563566848635674 291.81798323988914
0.59840060998685651 0.33383804708719256 0.29444012604653835 0.01811785308085382 29.563566848635674 291.81798323988914
0.59840060998685651 0.3752692703157664 0.28904249556362627 0.01811785308085382 29.563566848635674 291.81798323988914
0.59840060998685651 0.3752692703157664 0.29444012604653835 0.0062317524842917917 29.563566848635674 291.81798323988914
0.59840060998685651 0.3752692703157664 0.29444012604653835 0.01811785308085382 15.285797251388431 291.81798323988914
0.59840060998685651 0.3752692703157664 0.29444012604653835 0.01811785308085382 29.563566848635674 153.1212124042213
0.39926160559989504 0.33383804708719256 0.28904249556362627 0.0062317524842917917 15.285797251388431 153.1212124042213
0.62875202191062263 0.11768994145095349 0.14917888157069684 0.015498543644323947 23.919628329575062 382.59100811555982
0.088812199002131817 0.11768994145095349 0.14917888157069684 0.015498543644323947 23.919628329575062 382.59100811555982
0.62875202191062263 0.23631032519042494 0.14917888157069684 0.015498543644323947 23.919628329575062 382.59100811555982
0.62875202191062263 0.11768994145095349 0.44787445254623892 0.015498543644323947 23.919628329575062 382.59100811555982
0.62875202191062263 0.11768994145095349 0.14917888157069684 0.013868072011321784 23.919628329575062 382.59100811555982
0.62875202191062263 0.11768994145095349 0.14917888157069684 0.015498543644323947 35.452266132459044 382.59100811555982
0.62875202191062263 0.11768994145095349 0.14917888157069684 0.015498543644323947 23.919628329575062 276.77212590351701
0.088812199002131817 0.23631032519042494 0.44787445254623892 0.013868072011321784 35.452266132459044 276.77212590351701
0.061918249819427729 0.30042698569595816 0.3495342995971441 0.0094473609378561384 20.546992981806397 734.23403892666101
0.46119262552820139 0.30042698569595816 0.3495342995971441 0.0094473609378561384 20.546992981806397 734.23403892666101
0.061918249819427729 0.3743989139795304 0.3495342995971441 0.0094473609378561384 20.546992981806397 734.23403892666101
0.061918249819427729 0.30042698569595816 0.20573803894221784 0.0094473609378561384 20.546992981806397 734.23403892666101
0.061918249819427729 0.30042698569595816 0.3495342995971441 0.0042417282031849022 20.546992981806397 734.23403892666101
0.061918249819427729 0.30042698569595816 0.3495342995971441 0.0094473609378561384 8.6359715387225151 734.23403892666101
0.061918249819427729 0.30042698569595816 0.3495342995971441 0.0094473609378561384 20.546992981806397 592.53976540639997
0.46119262552820139 0.3743989139795304 0.20573803894221784 0.0042417282031849022 8.6359715387225151 592.53976540639997
0.35849052383564406 0.23015317320823669 0.24175629466772081 0.011109022284671666 13.732355834916234 995.17240766435862
0.35057851043529803 0.23015317320823669 0.24175629466772081 0.011109022284671666 13.732355834916234 995.17240766435862
0.35849052383564406 0.43969241268932824 0.24175629466772081 0.011109022284671666 13.732355834916234 995.17240766435862
0.35849052383564406 0.23015317320823669 0.15027683228254318 0.011109022284671666 13.732355834916234 995.17240766435862
0.35849052383564406 0.23015317320823669 0.24175629466772081 0.0098108959287405029 13.732355834916234 995.17240766435862
0.35849052383564406 0.23015317320823669 0.24175629466772081 0.011109022284671666 21.332369150593877 995.17240766435862
0.35849052383564406 0.23015317320823669 0.24175629466772081 0.011109022284671666 13.732355834916234 812.41566659882665
0.35057851043529803 0.43969241268932824 0.15027683228254318 0.0098108959287405029 21.332369150593877 812.41566659882665
0.45179316289722915 0.43806112334132197 0.44133065044879916 0.0050946239156648516 33.797335654497147 193.69033621624112
0.60060809520073233 0.43806112334132197 0.44133065044879916 0.0050946239156648516 33.797335654497147 193.69033621624112
0.45179316289722915 0.15278105065226555 0.44133065044879916 0.0050946239156648516 33.797335654497147 193.69033621624112
0.45179316289722915 0.43806112334132197 0.39552321210503583 0.0050946239156648516 33.797335654497147 193.69033621624112
0.45179316289722915 0.43806112334132197 0.44133065044879916 0.019436045513488352 33.797335654497147 193.69033621624112
0.45179316289722915 0.43806112334132197 0.44133065044879916 0.0050946239156648516 26.622827250510454 193.69033621624112
0.45179316289722915 0.43806112334132197 0.44133065044879916 0.0050946239156648516 33.797335654497147 511.17745945230126
0.60060809520073233 0.15278105065226555 0.39552321210503583 0.019436045513488352 26.622827250510454 511.17745945230126
0.40422686492092902 0.1545180555433035 0.22311711199581624 0.0077797563003376129 10.445496190339327 261.40528526157141
0.094680213043466216 0.1545180555433035 0.22311711199581624 0.0077797563003376129 10.445496190339327 261.40528526157141
0.40422686492092902 0.20318632163107397 0.22311711199581624 0.0077797563003376129 10.445496190339327 261.40528526157141
0.40422686492092902 0.1545180555433035 0.40925871767103672 0.0077797563003376129 10.445496190339327 261.40528526157141
0.40422686492092902 0.1545180555433035 0.22311711199581624 0.0068779702492058276 10.445496190339327 261.40528526157141
0.40422686492092902 0.1545180555433035 0.22311711199581624 0.0077797563003376129 23.052588367834687 261.40528526157141
0.40422686492092902 0.1545180555433035 0.22311711199581624 0.0077797563003376129 10.445496190339327 404.39093178138137
0.094680213043466216 0.20318632163107397 0.40925871767103672 0.0068779702492058276 23.052588367834687 404.39093178138137
0.32615394564345473 0.36554927863180642 0.42188275195658209 0.016307832814007998 37.073434276506305 809.92331439629197
0.53531499118544157 0.36554927863180642 0.42188275195658209 0.016307832814007998 37.073434276506305 809.92331439629197
0.32615394564345473 0.39166635945439343 0.42188275195658209 0.016307832814007998 37.073434276506305 809.92331439629197
0.32615394564345473 0.36554927863180642 0.23888654969632628 0.016307832814007998 37.073434276506305 809.92331439629197
0.32615394564345473 0.36554927863180642 0.42188275195658209 0.016490884253568948 37.073434276506305 809.92331439629197
0.32615394564345473 0.36554927863180642 0.42188275195658209 0.016307832814007998 21.050755392760038 809.92331439629197
0.32615394564345473 0.36554927863180642 0.42188275195658209 0.016307832814007998 37.073434276506305 918.32457883283496
0.53531499118544157 0.39166635945439343 0.23888654969632628 0.016490884253568948 21.050755392760038 918.32457883283496
0.0933008489664644 0.29215180426836018 0.11725882962346078 0.0035086677053943281 27.209688296541572 561.10979104414582
0.31581129874102765 0.29215180426836018 0.11725882962346078 0.0035086677053943281 27.209688296541572 561.10979104414582
0.0933008489664644 0.41923935674130919 0.11725882962346078 0.0035086677053943281 27.209688296541572 561.10979104414582
0.0933008489664644 0.29215180426836018 0.19278816878795624 0.0035086677053943281 27.209688296541572 561.10979104414582
0.0933008489664644 0.29215180426836018 0.11725882962346078 0.01216033522039652 27.209688296541572 561.10979104414582
0.0933008489664644 0.29215180426836018 0.11725882962346078 0.0035086677053943281 11.276449320837855 561.10979104414582
0.0933008489664644 0.29215180426836018 0.11725882962346078 0.0035086677053943281 27.209688296541572 713.39008389040828
0.31581129874102765 0.41923935674130919 0.19278816878795624 0.01216033522039652 11.276449320837855 713.39008389040828
0.67536434084177011 0.47801213636994366 0.31836803182959561 0.011996184511482717 17.275011103600264 462.75272127240896
0.5528458550106734 0.47801213636994366 0.31836803182959561 0.011996184511482717 17.275011103600264 462.75272127240896
0.67536434084177011 0.18271934539079668 0.31836803182959561 0.011996184511482717 17.275011103600264 462.75272127240896
0.67536434084177011 0.47801213636994366 0.36004465147852904 0.011996184511482717 17.275011103600264 462.75272127240896
0.67536434084177011 0.47801213636994366 0.31836803182959561 0.0025462269926443699 17.275011103600264 462.75272127240896
0.67536434084177011 0.47801213636994366 0.31836803182959561 0.011996184511482717 36.693852946162224 462.75272127240896
0.67536434084177011 0.47801213636994366 0.31836803182959561 0.011996184511482717 17.275011103600264 156.80200448259711
0.5528458550106734 0.18271934539079668 0.36004465147852904 0.0025462269926443699 36.693852946162224 156.80200448259711
0.54321453236043449 0.21652712225914003 0.46372712031006813 0.014654452457278968 21.24182266369462 106.1624581925571
0.214525105478242 0.21652712225914003 0.46372712031006813 0.014654452457278968 21.24182266369462 106.1624581925571
0.54321453236043449 0.48499563150107861 0.46372712031006813 0.014654452457278968 21.24182266369462 106.1624581925571
0.54321453236043449 0.21652712225914003 0.10031013116240502 0.014654452457278968 21.24182266369462 106.1624581925571
0.54321453236043449 0.21652712225914003 0.46372712031006813 0.017766184645332396 21.24182266369462 106.1624581925571
0.54321453236043449 0.21652712225914003 0.46372712031006813 0.014654452457278968 11.83279699832201 106.1624581925571
0.54321453236043449 0.21652712225914003 0.46372712031006813 0.014654452457278968 21.24182266369462 259.90935610607266
0.214525105478242 0.48499563150107861 0.10031013116240502 0.017766184645332396 11.83279699832201 259.90935610607266
0.1439650902058929 0.40237067267298698 0.26252312585711479 0.00086760194618254905 26.306236593052745 907.80549235641956
0.6554796684999018 0.40237067267298698 0.26252312585711479 0.00086760194618254905 26.306236593052745 907.80549235641956
0.1439650902058929 0.12307889163494111 0.26252312585711479 0.00086760194618254905 26.306236593052745 907.80549235641956
0.1439650902058929 0.40237067267298698 0.34568521976470945 0.00086760194618254905 26.306236593052745 907.80549235641956
0.1439650902058929 0.40237067267298698 0.26252312585711479 0.0082365151032805454 26.306236593052745 907.80549235641956
0.1439650902058929 0.40237067267298698 0.26252312585711479 0.00086760194618254905 32.329197844490409 907.80549235641956
0.1439650902058929 0.40237067267298698 0.26252312585711479 0.00086760194618254905 26.306236593052745 617.42512965574861
0.6554796684999018 0.12307889163494111 0.34568521976470945 0.0082365151032805454 32.329197844490409 617.42512965574861
0.27549217427149414 0.12899074368178845 0.37036826796829703 0.018928562292456628 31.414274221286178 715.25398530066013
0.19699418595992024 0.12899074368178845 0.37036826796829703 0.018928562292456628 31.414274221286178 715.25398530066013
0.27549217427149414 0.28788791187107565 0.37036826796829703 0.018928562292456628 31.414274221286178 715.25398530066013
0.27549217427149414 0.12899074368178845 0.49802448712289338 0.018928562292456628 31.414274221286178 715.25398530066013
0.27549217427149414 0.12899074368178845 0.37036826796829703 0.0039060464324429636 31.414274221286178 715.25398530066013
0.27549217427149414 0.12899074368178845 0.37036826796829703 0.018928562292456628 29.937747690826654 715.25398530066013
0.27549217427149414 0.12899074368178845 0.37036826796829703 0.018928562292456628 31.414274221286178 850.81422785297036
0.19699418595992024 0.28788791187107565 0.49802448712289338 0.0039060464324429636 29.937747690826654 850.81422785297036
0.53637914326973257 0.34000518508255484 0.17150821126997473 0.0051810629928484564 13.041303541511297 363.77191049978137
0.43434868208132676 0.34000518508255484 0.17150821126997473 0.0051810629928484564 13.041303541511297 363.77191049978137
0.53637914326973257 0.30097122117877007 0.17150821126997473 0.0051810629928484564 13.041303541511297 363.77191049978137
0.53637914326973257 0.34000518508255484 0.25578332282602789 0.0051810629928484564 13.041303541511297 363.77191049978137
0.53637914326973257 0.34000518508255484 0.17150821126997473 0.013434512088447811 13.041303541511297 363.77191049978137
0.53637914326973257 0.34000518508255484 0.17150821126997473 0.0051810629928484564 17.856830881908536 363.77191049978137
0.53637914326973257 0.34000518508255484 0.17150821126997473 0.0051810629928484564 13.041303541511297 478.82395358756185
0.43434868208132676 0.30097122117877007 0.25578332282602789 0.013434512088447811 17.856830881908536 478.82395358756185
0.50339331743307403 0.14021696820855142 0.40676133744418619 0.01011242887042463 28.96924627199769 934.78439282625914
0.68905623336322597 0.14021696820855142 0.40676133744418619 0.01011242887042463 28.96924627199769 934.78439282625914
0.50339331743307403 0.28641166612505914 0.40676133744418619 0.01011242887042463 28.96924627199769 934.78439282625914
0.50339331743307403 0.14021696820855142 0.23709694407880308 0.01011242887042463 28.96924627199769 934.78439282625914
0.50339331743307403 0.14021696820855142 0.40676133744418619 0.0049066457560285924 28.96924627199769 934.78439282625914
0.50339331743307403 0.14021696820855142 0.40676133744418619 0.01011242887042463 18.866078408434987 934.78439282625914
0.50339331743307403 0.14021696820855142 0.40676133744418619 0.01011242887042463 28.96924627199769 302.95580504462123
0.68905623336322597 0.28641166612505914 0.23709694407880308 0.0049066457560285924 18.866078408434987 302.95580504462123
0.26789201432839033 0.32916567474603653 0.20718392990529538 0.0040993136433884504 19.042007235810161 133.24746349826455
0.26593895633704956 0.32916567474603653 0.20718392990529538 0.0040993136433884504 19.042007235810161 133.24746349826455
0.26789201432839033 0.32488551624119283 0.20718392990529538 0.0040993136433884504 19.042007235810161 133.24746349826455
0.26789201432839033 0.32916567474603653 0.41671238578855996 0.0040993136433884504 19.042007235810161 133.24746349826455
0.26789201432839033 0.32916567474603653 0.20718392990529538 0.014444774733856322 19.042007235810161 133.24746349826455
0.26789201432839033 0.32916567474603653 0.20718392990529538 0.0040993136433884504 29.045401562005281 133.24746349826455
0.26789201432839033 0.32916567474603653 0.20718392990529538 0.0040993136433884504 19.042007235810161 577.84066488966346
0.26593895633704956 0.32488551624119283 0.41671238578855996 0.014444774733856322 29.045401562005281 577.84066488966346
0.15186221539042888 0.20255889333784582 0.30246527642011645 0.015740733667090535 8.6749523337930441 338.00452360883355
0.38158657415769986 0.20255889333784582 0.30246527642011645 0.015740733667090535 8.6749523337930441 338.00452360883355
0.15186221539042888 0.48920628726482396 0.30246527642011645 0.015740733667090535 8.6749523337930441 338.00452360883355
0.15186221539042888 0.20255889333784582 0.36437639519572262 0.015740733667090535 8.6749523337930441 338.00452360883355
0.15186221539042888 0.20255889333784582 0.30246527642011645 0.018776527468673886 8.6749523337930441 338.00452360883355
0.15186221539042888 0.20255889333784582 0.30246527642011645 0.015740733667090535 31.348775571212173 338.00452360883355
0.15186221539042888 0.20255889333784582 0.30246527642011645 0.015740733667090535 8.6749523337930441 779.70243459567428
0.38158657415769986 0.48920628726482396 0.36437639519572262 0.018776527468673886 31.348775571212173 779.70243459567428
0.5765369962900877 0.41672733388841154 0.10210680663585664 0.0096882672285661109 35.310099806636572 689.59249537438154
0.16207060380838811 0.41672733388841154 0.10210680663585664 0.0096882672285661109 35.310099806636572 689.59249537438154
0.5765369962900877 0.10268018655478955 0.10210680663585664 0.0096882672285661109 35.310099806636572 689.59249537438154
0.5765369962900877 0.41672733388841154 0.18162048757076266 0.0096882672285661109 35.310099806636572 689.59249537438154
0.5765369962900877 0.41672733388841154 0.10210680663585664 0.0092371853109449158 35.310099806636572 689.59249537438154
0.5765369962900877 0.41672733388841154 0.10210680663585664 0.0096882672285661109 12.69528790563345 689.59249537438154
0.5765369962900877 0.41672733388841154 0.10210680663585664 0.0096882672285661109 35.310099806636572 546.59307403489947
0.16207060380838811 0.10268018655478955 0.18162048757076266 0.0092371853109449158 12.69528790563345 546.59307403489947
0.68813622891902915 0.27780048437416555 0.25362119227647784 0.0070678434146568183 33.174003411084414 779.76129231974483
0.48390611880458884 0.27780048437416555 0.25362119227647784 0.0070678434146568183 33.174003411084414 779.76129231974483
0.68813622891902915 0.40489532500505454 0.25362119227647784 0.0070678434146568183 33.174003411084414 779.76129231974483
0.68813622891902915 0.27780048437416555 0.32873409986495972 0.0070678434146568183 33.174003411084414 779.76129231974483
0.68813622891902915 0.27780048437416555 0.25362119227647784 0.010840702369436623 33.174003411084414 779.76129231974483
0.68813622891902915 0.27780048437416555 0.25362119227647784 0.0070678434146568183 37.589588940143585 779.76129231974483
0.68813622891902915 0.27780048437416555 0.25362119227647784 0.0070678434146568183 33.174003411084414 333.18342724815011
0.48390611880458884 0.40489532500505454 0.32873409986495972 0.010840702369436623 37.589588940143585 333.18342724815011
0.12127239829860627 0.49197655133903029 0.45407445430755622 0.01833972555808723 14.808242900297046 231.34936802089214
0.06109870844520629 0.49197655133903029 0.45407445430755622 0.01833972555808723 14.808242900297046 231.34936802089214
0.12127239829860627 0.19298470281064511 0.45407445430755622 0.01833972555808723 14.808242900297046 231.34936802089214
0.12127239829860627 0.49197655133903029 0.12409718856215478 0.01833972555808723 14.808242900297046 231.34936802089214
0.12127239829860627 0.49197655133903029 0.45407445430755622 0.0012362478746101263 14.808242900297046 231.34936802089214
0.12127239829860627 0.49197655133903029 0.45407445430755622 0.01833972555808723 10.263354165479541 231.34936802089214
0.12127239829860627 0.49197655133903029 0.45407445430755622 0.01833972555808723 14.808242900297046 985.97053559496999
0.06109870844520629 0.19298470281064511 0.12409718856215478 0.0012362478746101263 10.263354165479541 985.97053559496999
0.29847928406670687 0.16536137983202936 0.16182493977248669 0.0014413513621315361 19.471106698736548 492.36844442784786
0.58777437689714129 0.16536137983202936 0.16182493977248669 0.0014413513621315361 19.471106698736548 492.36844442784786
0.29847928406670687 0.22104601338505747 0.16182493977248669 0.0014413513621315361 19.471106698736548 492.36844442784786
0.29847928406670687 0.16536137983202936 0.27019845582544805 0.0014413513621315361 19.471106698736548 492.36844442784786
0.29847928406670687 0.16536137983202936 0.16182493977248669 0.0055679298359900715 19.471106698736548 492.36844442784786
0.29847928406670687 0.16536137983202936 0.16182493977248669 0.0014413513621315361 20.183872368186712 492.36844442784786
0.29847928406670687 0.16536137983202936 0.16182493977248669 0.0014413513621315361 19.471106698736548 756.53309570625424
0.58777437689714129 0.22104601338505747 0.27019845582544805 0.0055679298359900715 20.183872368186712 756.53309570625424
0.39179153745062645 0.35431771278381352 0.36149676404893405 0.012753793213143946 24.542959790676832 590.83141116425395
0.36856842818669971 0.35431771278381352 0.36149676404893405 0.012753793213143946 24.542959790676832 590.83141116425395
0.39179153745062645 0.38413534201681621 0.36149676404893405 0.012753793213143946 24.542959790676832 590.83141116425395
0.39179153745062645 0.35431771278381352 0.47794529162347321 0.012753793213143946 24.542959790676832 590.83141116425395
0.39179153745062645 0.35431771278381352 0.36149676404893405 0.015171161635778847 24.542959790676832 590.83141116425395
0.39179153745062645 0.35431771278381352 0.36149676404893405 0.012753793213143946 24.036029467359185 590.83141116425395
0.39179153745062645 0.35431771278381352 0.36149676404893405 0.012753793213143946 24.542959790676832 117.34155500307679
0.36856842818669971 0.38413534201681621 0.47794529162347321 0.015171161635778847 24.036029467359185 117.34155500307679
0.42357373572885981 0.23826126493513586 0.18107752576470376 0.019924853877723216 16.184705264866352 763.82475048303604
0.5075624549295753 0.23826126493513586 0.18107752576470376 0.019924853877723216 16.184705264866352 763.82475048303604
0.42357373572885981 0.43450369164347646 0.18107752576470376 0.019924853877723216 16.184705264866352 763.82475048303604
0.42357373572885981 0.23826126493513586 0.3143369987607002 0.019924853877723216 16.184705264866352 763.82475048303604
0.42357373572885981 0.23826126493513586 0.18107752576470376 0.0088199740152806062 16.184705264866352 763.82475048303604
0.42357373572885981 0.23826126493513586 0.18107752576470376 0.019924853877723216 25.614724580198526 763.82475048303604
0.42357373572885981 0.23826126493513586 0.18107752576470376 0.019924853877723216 16.184705264866352 235.55516144260764
0.5075624549295753 0.43450369164347646 0.3143369987607002 0.0088199740152806062 25.614724580198526 235.55516144260764
0.34549059434793883 0.43034127317368986 0.37994063422083857 0.0061760708460584287 27.81860020197928 412.28783121332526
0.11743276654742657 0.43034127317368986 0.37994063422083857 0.0061760708460584287 27.81860020197928 412.28783121332526
0.34549059434793883 0.17298289425671101 0.37994063422083857 0.0061760708460584287 27.81860020197928 412.28783121332526
0.34549059434793883 0.43034127317368986 0.13146456554532052 0.0061760708460584287 27.81860020197928 412.28783121332526
0.34549059434793883 0.43034127317368986 0.37994063422083857 0.018416105457954111 27.81860020197928 412.28783121332526
0.34549059434793883 0.43034127317368986 0.37994063422083857 0.0061760708460584287 22.224028186872602 412.28783121332526
0.34549059434793883 0.43034127317368986 0.37994063422083857 0.0061760708460584287 27.81860020197928 637.44187382981181
0.11743276654742657 0.17298289425671101 0.13146456554532052 0.018416105457954111 22.224028186872602 637.44187382981181
0.074581618700176475 0.10060205236077309 0.2845921475440264 0.014411960605531933 36.464521588757634 163.55501553043723
0.57079548244364553 0.10060205236077309 0.2845921475440264 0.014411960605531933 36.464521588757634 163.55501553043723
0.074581618700176475 0.23798343241214753 0.2845921475440264 0.014411960605531933 36.464521588757634 163.55501553043723
0.074581618700176475 0.10060205236077309 0.28692861683666704 0.014411960605531933 36.464521588757634 163.55501553043723
0.074581618700176475 0.10060205236077309 0.2845921475440264 0.012848070660606028 36.464521588757634 163.55501553043723
0.074581618700176475 0.10060205236077309 0.2845921475440264 0.014411960605531933 9.6152498498558998 163.55501553043723
0.074581618700176475 0.10060205236077309 0.2845921475440264 0.014411960605531933 36.464521588757634 881.82071996852756
0.57079548244364553 0.23798343241214753 0.28692861683666704 0.012848070660606028 9.6152498498558998 881.82071996852756
0.65667456132359803 0.3179017797112465 0.48579919375479219 0.00062639323640614752 11.535802811384201 965.14297723770142
0.30301787559874349 0.3179017797112465 0.48579919375479219 0.00062639323640614752 11.535802811384201 965.14297723770142
0.65667456132359803 0.351462684199214 0.48579919375479219 0.00062639323640614752 11.535802811384201 965.14297723770142
0.65667456132359803 0.3179017797112465 0.46668540649116041 0.00062639323640614752 11.535802811384201 965.14297723770142
0.65667456132359803 0.3179017797112465 0.48579919375479219 0.0032507165228948002 11.535802811384201 965.14297723770142
0.65667456132359803 0.3179017797112465 0.48579919375479219 0.00062639323640614752 34.590461423620582 965.14297723770142
0.65667456132359803 0.3179017797112465 0.48579919375479219 0.00062639323640614752 11.535802811384201 438.21343993768096
0.30301787559874349 0.351462684199214 0.46668540649116041 0.0032507165228948002 34.590461423620582 438.21343993768096
0.60577257354743774 0.17506887838244439 0.33418696410953996 0.0032858139151707294 11.980122022330761 609.70631213858724
0.6324122335296124 0.17506887838244439 0.33418696410953996 0.0032858139151707294 11.980122022330761 609.70631213858724
0.60577257354743774 0.25387398153543472 0.33418696410953996 0.0032858139151707294 11.980122022330761 609.70631213858724
0.60577257354743774 0.17506887838244439 0.22023173086345196 0.0032858139151707294 11.980122022330761 609.70631213858724
0.60577257354743774 0.17506887838244439 0.33418696410953996 0.017078495526872576 11.980122022330761 609.70631213858724
0.60577257354743774 0.17506887838244439 0.33418696410953996 0.0032858139151707294 14.391205219551921 609.70631213858724
0.60577257354743774 0.17506887838244439 0.33418696410953996 0.0032858139151707294 11.980122022330761 428.38129820302129
0.6324122335296124 0.25387398153543472 0.22023173086345196 0.017078495526872576 14.391205219551921 428.38129820302129
0.20649306075647472 0.3923640251159668 0.13308081366121771 0.011774613863229753 32.052312234416604 511.29438448697329
0.2425925667863339 0.3923640251159668 0.13308081366121771 0.011774613863229753 32.052312234416604 511.29438448697329
0.20649306075647472 0.34195650480687623 0.13308081366121771 0.011774613863229753 32.052312234416604 511.29438448697329
0.20649306075647472 0.3923640251159668 0.42810732312500477 0.011774613863229753 32.052312234416604 511.29438448697329
0.20649306075647472 0.3923640251159668 0.13308081366121771 0.0075320541922003032 32.052312234416604 511.29438448697329
0.20649306075647472 0.3923640251159668 0.13308081366121771 0.011774613863229753 33.506083741784096 511.29438448697329
0.20649306075647472 0.3923640251159668 0.13308081366121771 0.011774613863229753 32.052312234416604 898.79525909200311
0.2425925667863339 0.34195650480687623 0.42810732312500477 0.0075320541922003032 33.506083741784096 898.79525909200311
0.21357664368115364 0.26263014860451223 0.42520215585827825 0.0087956859471276412 25.668199585750699 318.77208668738604
0.44682718017138534 0.26263014860451223 0.42520215585827825 0.0087956859471276412 25.668199585750699 318.77208668738604
0.21357664368115364 0.46894892528653143 0.42520215585827825 0.0087956859471276412 25.668199585750699 318.77208668738604
0.21357664368115364 0.26263014860451223 0.37888411059975624 0.0087956859471276412 25.668199585750699 318.77208668738604
0.21357664368115364 0.26263014860451223 0.42520215585827825 0.0019640901682898403 25.668199585750699 318.77208668738604
0.21357664368115364 0.26263014860451223 0.42520215585827825 0.0087956859471276412 28.28016054071486 318.77208668738604
0.21357664368115364 0.26263014860451223 0.42520215585827825 0.0087956859471276412 25.668199585750699 681.99208313599229
0.44682718017138534 0.46894892528653143 0.37888411059975624 0.0019640901682898403 28.28016054071486 681.99208313599229
0.47447321489453309 0.45470557622611529 0.22643956765532494 0.017322478728741406 22.303003177046776 867.23505677655339
0.17935943999327719 0.45470557622611529 0.22643956765532494 0.017322478728741406 22.303003177046776 867.23505677655339
0.47447321489453309 0.13203139938414099 0.22643956765532494 0.017322478728741406 22.303003177046776 867.23505677655339
0.47447321489453309 0.45470557622611529 0.17414249628782275 0.017322478728741406 22.303003177046776 867.23505677655339
0.47447321489453309 0.45470557622611529 0.22643956765532494 0.011509318323060872 22.303003177046776 867.23505677655339
0.47447321489453309 0.45470557622611529 0.22643956765532494 0.017322478728741406 15.749712150543928 867.23505677655339
0.47447321489453309 0.45470557622611529 0.22643956765532494 0.017322478728741406 22.303003177046776 197.92762296274304
0.17935943999327719 0.13203139938414099 0.17414249628782275 0.011509318323060872 15.749712150543928 197.92762296274304
