0.47972491467371575 0.15979999974370004 0.48366800434887414 0.0035458268580958251 20.837826637551188 752.43398882448673
0.43987721828743809 0.15979999974370004 0.48366800434887414 0.0035458268580958251 20.837826637551188 752.43398882448673
0.47972491467371575 0.4095222592353821 0.48366800434887414 0.0035458268580958251 20.837826637551188 752.43398882448673
0.47972491467371575 0.15979999974370004 0.12007603608071804 0.0035458268580958251 20.837826637551188 752.43398882448673
0.47972491467371575 0.15979999974370004 0.48366800434887414 0.016539524985849857 20.837826637551188 752.43398882448673
0.47972491467371575 0.15979999974370004 0.48366800434887414 0.0035458268580958251 24.609980370849371 752.43398882448673
0.47972491467371575 0.15979999974370004 0.48366800434887414 0.0035458268580958251 20.837826637551188 861.51105426251888
0.43987721828743809 0.4095222592353821 0.12007603608071804 0.016539524985849857 24.609980370849371 861.51105426251888
0.24930700925178823 0.37081311196088795 0.28324543572962285 0.01203395211659372 23.148800853639841 428.97091312333941
0.19018740979954601 0.37081311196088795 0.28324543572962285 0.01203395211659372 23.148800853639841 428.97091312333941
0.24930700925178823 0.19800227396190168 0.28324543572962285 0.01203395211659372 23.148800853639841 428.97091312333941
0.24930700925178823 0.37081311196088795 0.32787244655191899 0.01203395211659372 23.148800853639841 428.97091312333941
0.24930700925178823 0.37081311196088795 0.28324543572962285 0.0069834151292219758 23.148800853639841 428.97091312333941
0.24930700925178823 0.37081311196088795 0.28324543572962285 0.01203395211659372 19.551266917958856 428.97091312333941
0.24930700925178823 0.37081311196088795 0.28324543572962285 0.01203395211659372 23.148800853639841 461.36838793754578
0.19018740979954601 0.19800227396190168 0.32787244655191899 0.0069834151292219758 19.551266917958856 461.36838793754578
0.18125617168843744 0.29743489958345892 0.37546396926045422 0.0078972798531875017 33.6342395208776 182.02806962653995
0.62039361689239736 0.29743489958345892 0.37546396926045422 0.0078972798531875017 33.6342395208776 182.02806962653995
0.18125617168843744 0.21290287002921104 0.37546396926045422 0.0078972798531875017 33.6342395208776 182.02806962653995
0.18125617168843744 0.29743489958345892 0.47866122350096707 0.0078972798531875017 33.6342395208776 182.02806962653995
0.18125617168843744 0.29743489958345892 0.37546396926045422 0.0026528755374252799 33.6342395208776 182.02806962653995
0.18125617168843744 0.29743489958345892 0.37546396926045422 0.0078972798531875017 10.604869306087494 182.02806962653995
0.18125617168843744 0.29743489958345892 0.37546396926045422 0.0078972798531875017 33.6342395208776 214.13652971386909
0.62039361689239736 0.21290287002921104 0.47866122350096707 0.0026528755374252799 10.604869306087494 214.13652971386909
0.59066218226216727 0.4832771088927984 0.17582246288657188 0.01642475750334561 14.382827227935195 955.44010289013386
0.24835281167179346 0.4832771088927984 0.17582246288657188 0.01642475750334561 14.382827227935195 955.44010289013386
0.59066218226216727 0.37638283558189867 0.17582246288657188 0.01642475750334561 14.382827227935195 955.44010289013386
0.59066218226216727 0.4832771088927984 0.27397470474243169 0.01642475750334561 14.382827227935195 955.44010289013386
0.59066218226216727 0.4832771088927984 0.17582246288657188 0.012207772287912668 14.382827227935195 955.44010289013386
0.59066218226216727 0.4832771088927984 0.17582246288657188 0.01642475750334561 37.189419252797961 955.44010289013386
0.59066218226216727 0.4832771088927984 0.17582246288657188 0.01642475750334561 14.382827227935195 655.99976368248463
0.24835281167179346 0.37638283558189867 0.27397470474243169 0.012207772287912668 37.189419252797961 655.99976368248463
0.62125166035257273 0.22218210585415366 0.23055817261338235 0.019043064678832888 9.1342782806605101 626.42852747812867
0.55997264729812735 0.22218210585415366 0.23055817261338235 0.019043064678832888 9.1342782806605101 626.42852747812867
0.62125166035257273 0.27885445728898051 0.23055817261338235 0.019043064678832888 9.1342782806605101 626.42852747812867
0.62125166035257273 0.22218210585415366 0.41410820186138153 0.019043064678832888 9.1342782806605101 626.42852747812867
0.62125166035257273 0.22218210585415366 0.23055817261338235 0.0080924031795933851 9.1342782806605101 626.42852747812867
0.62125166035257273 0.22218210585415366 0.23055817261338235 0.019043064678832888 13.329829519614577 626.42852747812867
0.62125166035257273 0.22218210585415366 0.23055817261338235 0.019043064678832888 9.1342782806605101 674.62137024849653
0.55997264729812735 0.27885445728898051 0.41410820186138153 0.0080924031795933851 13.329829519614577 674.62137024849653
0.069657219946384435 0.40804414860904215 0.43010488674044611 0.005296174864284694 34.881928611546755 499.84045680612326
0.30996274398639795 0.40804414860904215 0.43010488674044611 0.005296174864284694 34.881928611546755 499.84045680612326
0.069657219946384435 0.31693769432604313 0.43010488674044611 0.005296174864284694 34.881928611546755 499.84045680612326
0.069657219946384435 0.40804414860904215 0.23130269572138787 0.005296174864284694 34.881928611546755 499.84045680612326
0.069657219946384435 0.40804414860904215 0.43010488674044611 0.017756210956722498 34.881928611546755 499.84045680612326
0.069657219946384435 0.40804414860904215 0.43010488674044611 0.005296174864284694 30.772881351411343 499.84045680612326
0.069657219946384435 0.40804414860904215 0.43010488674044611 0.005296174864284694 34.881928611546755 202.43588406592607
0.30996274398639795 0.31693769432604313 0.23130269572138787 0.017756210956722498 30.772881351411343 202.43588406592607
0.36090845023281865 0.13464533910155296 0.1348543304949999 0.014694632923975588 30.338721733540297 309.13216378539801
0.50180699117481709 0.13464533910155296 0.1348543304949999 0.014694632923975588 30.338721733540297 309.13216378539801
0.36090845023281865 0.49402853697538374 0.1348543304949999 0.014694632923975588 30.338721733540297 309.13216378539801
0.36090845023281865 0.13464533910155296 0.18677920736372472 0.014694632923975588 30.338721733540297 309.13216378539801
0.36090845023281865 0.13464533910155296 0.1348543304949999 0.013425751727260651 30.338721733540297 309.13216378539801
0.36090845023281865 0.13464533910155296 0.1348543304949999 0.014694632923975588 29.443628938868642 309.13216378539801
0.36090845023281865 0.13464533910155296 0.1348543304949999 0.014694632923975588 30.338721733540297 422.09207210689783
0.50180699117481709 0.49402853697538374 0.18677920736372472 0.013425751727260651 29.443628938868642 422.09207210689783
0.44913792582228773 0.34567828476428986 0.33518248237669468 0.00090718222167342905 17.64875846169889 885.66919201985002
0.1294465560466051 0.34567828476428986 0.33518248237669468 0.00090718222167342905 17.64875846169889 885.66919201985002
0.44913792582228773 0.10711182318627835 0.33518248237669468 0.00090718222167342905 17.64875846169889 885.66919201985002
0.44913792582228773 0.34567828476428986 0.36644423268735415 0.00090718222167342905 17.64875846169889 885.66919201985002
0.44913792582228773 0.34567828476428986 0.33518248237669468 0.0037607211813330656 17.64875846169889 885.66919201985002
0.44913792582228773 0.34567828476428986 0.33518248237669468 0.00090718222167342905 18.526498425751925 885.66919201985002
0.44913792582228773 0.34567828476428986 0.33518248237669468 0.00090718222167342905 17.64875846169889 907.92805757373571
0.1294465560466051 0.10711182318627835 0.36644423268735415 0.0037607211813330656 18.526498425751925 907.92805757373571
0.39672585441730912 0.26174463964998723 0.10349313169717789 0.0067295753339305523 26.12535204924643 916.36409107595682
0.59344057310372589 0.26174463964998723 0.10349313169717789 0.0067295753339305523 26.12535204924643 916.36409107595682
0.39672585441730912 0.26133181452751164 0.10349313169717789 0.0067295753339305523 26.12535204924643 916.36409107595682
0.39672585441730912 0.26174463964998723 0.42856631726026539 0.0067295753339305523 26.12535204924643 916.36409107595682
0.39672585441730912 0.26174463964998723 0.10349313169717789 0.010171176816709341 26.12535204924643 916.36409107595682
0.39672585441730912 0.26174463964998723 0.10349313169717789 0.0067295753339305523 16.354964489117265 916.36409107595682
0.39672585441730912 0.26174463964998723 0.10349313169717789 0.0067295753339305523 26.12535204924643 802.02056020498276
0.59344057310372589 0.26133181452751164 0.42856631726026539 0.010171176816709341 16.354964489117265 802.02056020498276
0.33389226682484147 0.46965086720883853 0.30462999939918523 0.01800335069447756 21.87334693223238 142.90101872757077
0.35646537113934751 0.46965086720883853 0.30462999939918523 0.01800335069447756 21.87334693223238 142.90101872757077
0.33389226682484147 0.3498049508780241 0.30462999939918523 0.01800335069447756 21.87334693223238 142.90101872757077
0.33389226682484147 0.46965086720883853 0.22387430444359779 0.01800335069447756 21.87334693223238 142.90101872757077
0.33389226682484147 0.46965086720883853 0.30462999939918523 0.00051838303133845329 21.87334693223238 142.90101872757077
0.33389226682484147 0.46965086720883853 0.30462999939918523 0.01800335069447756 27.733555596321821 142.90101872757077
0.33389226682484147 0.46965086720883853 0.30462999939918523 0.01800335069447756 21.87334693223238 528.87975983321667
0.35646537113934751 0.3498049508780241 0.22387430444359779 0.00051838303133845329 27.733555596321821 528.87975983321667
0.095718126418069011 0.19937838986515999 0.21247860603034496 0.0024173983143642545 13.343531221151352 349.44461779668927
0.49465952767059201 0.19937838986515999 0.21247860603034496 0.0024173983143642545 13.343531221151352 349.44461779668927
0.095718126418069011 0.46422566995024683 0.21247860603034496 0.0024173983143642545 13.343531221151352 349.44461779668927
0.095718126418069011 0.19937838986515999 0.16996357627213002 0.0024173983143642545 13.343531221151352 349.44461779668927
0.095718126418069011 0.19937838986515999 0.21247860603034496 0.0060876405606046322 13.343531221151352 349.44461779668927
0.095718126418069011 0.19937838986515999 0.21247860603034496 0.0024173983143642545 33.875005749985576 349.44461779668927
0.095718126418069011 0.19937838986515999 0.21247860603034496 0.0024173983143642545 13.343531221151352 322.40716554224491
0.49465952767059201 0.46422566995024683 0.16996357627213002 0.0060876405606046322 33.875005749985576 322.40716554224491
0.67270845482125874 0.38211372345685957 0.41127153597772126 0.013727956832200291 30.654139818623662 672.85664770752192
0.054084413778036834 0.38211372345685957 0.41127153597772126 0.013727956832200291 30.654139818623662 672.85664770752192
0.67270845482125874 0.12769875712692738 0.41127153597772126 0.013727956832200291 30.654139818623662 672.85664770752192
0.67270845482125874 0.38211372345685957 0.37778958790004258 0.013727956832200291 30.654139818623662 672.85664770752192
0.67270845482125874 0.38211372345685957 0.41127153597772126 0.015739211577177049 30.654139818623662 672.85664770752192
0.67270845482125874 0.38211372345685957 0.41127153597772126 0.013727956832200291 14.080930605530739 672.85664770752192
0.67270845482125874 0.38211372345685957 0.41127153597772126 0.013727956832200291 30.654139818623662 553.77246662974358
0.054084413778036834 0.12769875712692738 0.37778958790004258 0.015739211577177049 14.080930605530739 553.77246662974358
0.54079671250656247 0.12492553815245629 0.35663367025554182 0.011071254679560662 37.828840950503945 789.45054775103927
0.39369445107877249 0.12492553815245629 0.35663367025554182 0.011071254679560662 37.828840950503945 789.45054775103927
0.54079671250656247 0.42997574582695963 0.35663367025554182 0.011071254679560662 37.828840950503945 789.45054775103927
0.54079671250656247 0.12492553815245629 0.13685577325522902 0.011071254679560662 37.828840950503945 789.45054775103927
0.54079671250656247 0.12492553815245629 0.35663367025554182 0.0043483767479658127 37.828840950503945 789.45054775103927
0.54079671250656247 0.12492553815245629 0.35663367025554182 0.011071254679560662 35.135107852518559 789.45054775103927
0.54079671250656247 0.12492553815245629 0.35663367025554182 0.011071254679560662 37.828840950503945 761.90907824784517
0.39369445107877249 0.42997574582695963 0.13685577325522902 0.0043483767479658127 35.135107852518559 761.90907824784517
0.14662043382413684 0.3076440840959549 0.15773984454572201 0.0050574647629633551 10.140385918319225 212.86246702075005
0.15639961920678613 0.3076440840959549 0.15773984454572201 0.0050574647629633551 10.140385918319225 212.86246702075005
0.14662043382413684 0.16806431151926518 0.15773984454572201 0.0050574647629633551 10.140385918319225 212.86246702075005
0.14662043382413684 0.3076440840959549 0.31656298525631432 0.0050574647629633551 10.140385918319225 212.86246702075005
0.14662043382413684 0.3076440840959549 0.15773984454572201 0.013915509078837932 10.140385918319225 212.86246702075005
0.14662043382413684 0.3076440840959549 0.15773984454572201 0.0050574647629633551 9.011948874220252 212.86246702075005
0.14662043382413684 0.3076440840959549 0.15773984454572201 0.0050574647629633551 10.140385918319225 107.35045801848173
0.15639961920678613 0.16806431151926518 0.31656298525631432 0.013915509078837932 9.011948874220252 107.35045801848173
0.28299248740077015 0.23738915808498862 0.45311857312917714 0.015381618954986336 16.639102205634117 475.69898143410683
0.69607562394812694 0.23738915808498862 0.45311857312917714 0.015381618954986336 16.639102205634117 475.69898143410683
0.28299248740077015 0.24602720588445665 0.45311857312917714 0.015381618954986336 16.639102205634117 475.69898143410683
0.28299248740077015 0.23738915808498862 0.46421451643109324 0.015381618954986336 16.639102205634117 475.69898143410683
0.28299248740077015 0.23738915808498862 0.45311857312917714 0.019484686245769264 16.639102205634117 475.69898143410683
0.28299248740077015 0.23738915808498862 0.45311857312917714 0.015381618954986336 22.536254946142435 475.69898143410683
0.28299248740077015 0.23738915808498862 0.45311857312917714 0.015381618954986336 16.639102205634117 341.39872249215841
0.69607562394812694 0.24602720588445665 0.46421451643109324 0.019484686245769264 22.536254946142435 341.39872249215841
0.52864012471400201 0.44527859799563885 0.25188118517398839 0.0093298373850062497 27.388033794239163 602.23601972684264
0.25518041523173451 0.44527859799563885 0.25188118517398839 0.0093298373850062497 27.388033794239163 602.23601972684264
0.52864012471400201 0.35911582075059412 0.25188118517398839 0.0093298373850062497 27.388033794239163 602.23601972684264
0.52864012471400201 0.44527859799563885 0.2813916876912117 0.0093298373850062497 27.388033794239163 602.23601972684264
0.52864012471400201 0.44527859799563885 0.25188118517398839 0.0099163408087566511 27.388033794239163 602.23601972684264
0.52864012471400201 0.44527859799563885 0.25188118517398839 0.0093298373850062497 25.243843274191022 602.23601972684264
0.52864012471400201 0.44527859799563885 0.25188118517398839 0.0093298373850062497 27.388033794239163 982.36177507787943
0.25518041523173451 0.35911582075059412 0.2813916876912117 0.0099163408087566511 25.243843274191022 982.36177507787943
0.50097607872448857 0.24509975761175157 0.3135015107691288 0.014297452982142569 15.092217365279794 243.03994197398424
0.2026652783155441 0.24509975761175157 0.3135015107691288 0.014297452982142569 15.092217365279794 243.03994197398424
0.50097607872448857 0.22816908918321133 0.3135015107691288 0.014297452982142569 15.092217365279794 243.03994197398424
0.50097607872448857 0.24509975761175157 0.20015436187386515 0.014297452982142569 15.092217365279794 243.03994197398424
0.50097607872448857 0.24509975761175157 0.3135015107691288 0.018329399422183631 15.092217365279794 243.03994197398424
0.50097607872448857 0.24509975761175157 0.3135015107691288 0.014297452982142569 26.22270673699677 243.03994197398424
0.50097607872448857 0.24509975761175157 0.3135015107691288 0.014297452982142569 15.092217365279794 692.38686598837376
0.2026652783155441 0.22816908918321133 0.20015436187386515 0.018329399422183631 26.22270673699677 692.38686598837376
0.27054793909192082 0.4371734626591206 0.11317641064524651 0.00051128660198301076 32.410035125911236 819.52191116288304
0.42224060297012322 0.4371734626591206 0.11317641064524651 0.00051128660198301076 32.410035125911236 819.52191116288304
0.27054793909192082 0.36664831489324567 0.11317641064524651 0.00051128660198301076 32.410035125911236 819.52191116288304
0.27054793909192082 0.4371734626591206 0.44545032232999804 0.00051128660198301076 32.410035125911236 819.52191116288304
0.27054793909192082 0.4371734626591206 0.11317641064524651 0.0087513906633481398 32.410035125911236 819.52191116288304
0.27054793909192082 0.4371734626591206 0.11317641064524651 0.00051128660198301076 21.673949558287859 819.52191116288304
0.27054793909192082 0.4371734626591206 0.11317641064524651 0.00051128660198301076 32.410035125911236 180.22478446364403
0.42224060297012322 0.36664831489324567 0.44545032232999804 0.0087513906633481398 21.673949558287859 180.22478446364403
0.15936310966499148 0.10744168423116207 0.42092419452965257 0.019884669354185463 24.373004242777824 572.60484369471669
0.22528352672234175 0.10744168423116207 0.42092419452965257 0.019884669354185463 24.373004242777824 572.60484369471669
0.15936310966499148 0.44431820251047616 0.42092419452965257 0.019884669354185463 24.373004242777824 572.60484369471669
0.15936310966499148 0.10744168423116207 0.39780162088572979 0.019884669354185463 24.373004242777824 572.60484369471669
0.15936310966499148 0.10744168423116207 0.42092419452965257 0.0031833464246243241 24.373004242777824 572.60484369471669
0.15936310966499148 0.10744168423116207 0.42092419452965257 0.019884669354185463 8.0034313555806875 572.60484369471669
0.15936310966499148 0.10744168423116207 0.42092419452965257 0.019884669354185463 24.373004242777824 382.74572044610977
0.22528352672234175 0.44431820251047616 0.39780162088572979 0.0031833464246243241 8.0034313555806875 382.74572044610977
0.5687985588796437 0.32473512031137941 0.22138053216040135 0.0061364946274086833 20.12843750603497 445.96191514283419
0.64846046799793833 0.32473512031137941 0.22138053216040135 0.0061364946274086833 20.12843750603497 445.96191514283419
0.5687985588796437 0.15779747739434244 0.22138053216040135 0.0061364946274086833 20.12843750603497 445.96191514283419
0.5687985588796437 0.32473512031137941 0.15561560578644276 0.0061364946274086833 20.12843750603497 445.96191514283419
0.5687985588796437 0.32473512031137941 0.22138053216040135 0.012760151371173561 20.12843750603497 445.96191514283419
0.5687985588796437 0.32473512031137941 0.22138053216040135 0.0061364946274086833 36.02626620978117 445.96191514283419
0.5687985588796437 0.32473512031137941 0.22138053216040135 0.0061364946274086833 20.12843750603497 937.56223432719707
0.64846046799793833 0.15779747739434244 0.15561560578644276 0.012760151371173561 36.02626620978117 937.56223432719707
0.68063587704673401 0.1822926949709654 0.17289187200367451 0.0087585225900635132 18.387730682268739 115.90667208656669
0.32791424077004189 0.1822926949709654 0.17289187200367451 0.0087585225900635132 18.387730682268739 115.90667208656669
0.68063587704673401 0.46001343913376336 0.17289187200367451 0.0087585225900635132 18.387730682268739 115.90667208656669
0.68063587704673401 0.1822926949709654 0.3090299475938082 0.0087585225900635132 18.387730682268739 115.90667208656669
0.68063587704673401 0.1822926949709654 0.17289187200367451 0.0075619609115645291 18.387730682268739 115.90667208656669
0.68063587704673401 0.1822926949709654 0.17289187200367451 0.0087585225900635132 14.946168094873428 115.90667208656669
0.68063587704673401 0.1822926949709654 0.17289187200367451 0.0087585225900635132 18.387730682268739 843.24440117925406
0.32791424077004189 0.46001343913376336 0.3090299475938082 0.0075619609115645291 14.946168094873428 843.24440117925406
0.12901137811131774 0.39959376342594621 0.3725364301353693 0.017284715327993035 29.144101209938526 889.26363289356232
0.54717985372990363 0.39959376342594621 0.3725364301353693 0.017284715327993035 29.144101209938526 889.26363289356232
0.12901137811131774 0.14809598550200465 0.3725364301353693 0.017284715327993035 29.144101209938526 889.26363289356232
0.12901137811131774 0.39959376342594621 0.13872474841773511 0.017284715327993035 29.144101209938526 889.26363289356232
0.12901137811131774 0.39959376342594621 0.3725364301353693 0.01720387819521129 29.144101209938526 889.26363289356232
0.12901137811131774 0.39959376342594621 0.3725364301353693 0.017284715327993035 32.891836894676089 889.26363289356232
0.12901137811131774 0.39959376342594621 0.3725364301353693 0.017284715327993035 29.144101209938526 483.98451451212168
0.54717985372990363 0.14809598550200465 0.13872474841773511 0.01720387819521129 32.891836894676089 483.98451451212168
0.30089722014963621 0.26985358893871308 0.26781436279416082 0.0031682849777862434 36.076549917459488 698.63948076963425
0.10169462999328971 0.26985358893871308 0.26781436279416082 0.0031682849777862434 36.076549917459488 698.63948076963425
0.30089722014963621 0.26280963532626633 0.26781436279416082 0.0031682849777862434 36.076549917459488 698.63948076963425
0.30089722014963621 0.26985358893871308 0.29263869076967242 0.0031682849777862434 36.076549917459488 698.63948076963425
0.30089722014963621 0.26985358893871308 0.26781436279416082 0.011635904729925097 36.076549917459488 698.63948076963425
0.30089722014963621 0.26985358893871308 0.26781436279416082 0.0031682849777862434 26.838462885469198 698.63948076963425
0.30089722014963621 0.26985358893871308 0.26781436279416082 0.0031682849777862434 36.076549917459488 253.00897527486086
0.10169462999328971 0.26280963532626633 0.29263869076967242 0.011635904729925097 26.838462885469198 253.00897527486086
0.38913631006143984 0.46193492636084554 0.46823998317122462 0.011657694558426739 8.3953052777796984 375.12156059965491
0.52456139465793961 0.46193492636084554 0.46823998317122462 0.011657694558426739 8.3953052777796984 375.12156059965491
0.38913631006143984 0.32589213252067567 0.46823998317122462 0.011657694558426739 8.3953052777796984 375.12156059965491
0.38913631006143984 0.46193492636084554 0.45980345085263252 0.011657694558426739 8.3953052777796984 375.12156059965491
0.38913631006143984 0.46193492636084554 0.46823998317122462 0.0019927931491285564 8.3953052777796984 375.12156059965491
0.38913631006143984 0.46193492636084554 0.46823998317122462 0.011657694558426739 17.366958597674966 375.12156059965491
0.38913631006143984 0.46193492636084554 0.46823998317122462 0.011657694558426739 8.3953052777796984 626.74336265772581
0.52456139465793961 0.32589213252067567 0.45980345085263252 0.0019927931491285564 17.366958597674966 626.74336265772581
0.41607271553948516 0.14548780582845211 0.29856215827167032 0.015778497067838907 31.863638443872333 525.59336982667446
0.34363352218642823 0.14548780582845211 0.29856215827167032 0.015778497067838907 31.863638443872333 525.59336982667446
0.41607271553948516 0.4802704688161612 0.29856215827167032 0.015778497067838907 31.863638443872333 525.59336982667446
0.41607271553948516 0.14548780582845211 0.34770673848688605 0.015778497067838907 31.863638443872333 525.59336982667446
0.41607271553948516 0.14548780582845211 0.29856215827167032 0.014571361140720548 31.863638443872333 525.59336982667446
0.41607271553948516 0.14548780582845211 0.29856215827167032 0.015778497067838907 17.546491000801325 525.59336982667446
0.41607271553948516 0.14548780582845211 0.29856215827167032 0.015778497067838907 31.863638443872333 745.83573117852211
0.34363352218642823 0.4802704688161612 0.34770673848688605 0.014571361140720548 17.546491000801325 745.83573117852211
0.35322890584357075 0.33444280959665773 0.49979649446904661 0.0097254305856302389 12.619435537606478 652.07533566281199
0.61143112042918801 0.33444280959665773 0.49979649446904661 0.0097254305856302389 12.619435537606478 652.07533566281199
0.35322890584357075 0.1187443420290947 0.49979649446904661 0.0097254305856302389 12.619435537606478 652.07533566281199
0.35322890584357075 0.33444280959665773 0.10551518164575101 0.0097254305856302389 12.619435537606478 652.07533566281199
0.35322890584357075 0.33444280959665773 0.49979649446904661 0.0049353487368673085 12.619435537606478 652.07533566281199
0.35322890584357075 0.33444280959665773 0.49979649446904661 0.0097254305856302389 30.306620525196195 652.07533566281199
0.35322890584357075 0.33444280959665773 0.49979649446904661 0.0097254305856302389 12.619435537606478 134.79679711163044
0.61143112042918801 0.1187443420290947 0.10551518164575101 0.0049353487368673085 30.306620525196195 134.79679711163044
0.076998886466026303 0.20782859176397325 0.19192053526639941 0.010229348175227644 22.597441833466291 858.70307562872767
0.076798517256975174 0.20782859176397325 0.19192053526639941 0.010229348175227644 22.597441833466291 858.70307562872767
0.076998886466026303 0.29534688927233221 0.19192053526639941 0.010229348175227644 22.597441833466291 858.70307562872767
0.076998886466026303 0.20782859176397325 0.25004192590713503 0.010229348175227644 22.597441833466291 858.70307562872767
0.076998886466026303 0.20782859176397325 0.19192053526639941 0.0092670920303091417 22.597441833466291 858.70307562872767
0.076998886466026303 0.20782859176397325 0.19192053526639941 0.010229348175227644 31.78254372626543 858.70307562872767
0.076998886466026303 0.20782859176397325 0.19192053526639941 0.010229348175227644 22.597441833466291 378.95593009889126
0.076798517256975174 0.29534688927233221 0.25004192590713503 0.0092670920303091417 31.78254372626543 378.95593009889126
0.6540186656173318 0.42200331762433052 0.39081130921840668 0.004216842580772936 24.915854206308722 282.06015042960644
0.4669478870928287 0.42200331762433052 0.39081130921840668 0.004216842580772936 24.915854206308722 282.06015042960644
0.6540186656173318 0.30882081165909769 0.39081130921840668 0.004216842580772936 24.915854206308722 282.06015042960644
0.6540186656173318 0.42200331762433052 0.49536743983626363 0.004216842580772936 24.915854206308722 282.06015042960644
0.6540186656173318 0.42200331762433052 0.39081130921840668 0.0189019101370126 24.915854206308722 282.06015042960644
0.6540186656173318 0.42200331762433052 0.39081130921840668 0.004216842580772936 12.437984069809318 282.06015042960644
0.6540186656173318 0.42200331762433052 0.39081130921840668 0.004216842580772936 24.915854206308722 947.39536345005035
0.4669478870928287 0.30882081165909769 0.49536743983626363 0.0189019101370126 12.437984069809318 947.39536345005035
0.60335476337932048 0.28346733748912811 0.43920212537050252 0.001556457996554673 28.568062989041209 399.3681819178164
0.13872395819053052 0.28346733748912811 0.43920212537050252 0.001556457996554673 28.568062989041209 399.3681819178164
0.60335476337932048 0.21123123951256276 0.43920212537050252 0.001556457996554673 28.568062989041209 399.3681819178164
0.60335476337932048 0.28346733748912811 0.24271528050303459 0.001556457996554673 28.568062989041209 399.3681819178164
0.60335476337932048 0.28346733748912811 0.43920212537050252 0.0011688777763396504 28.568062989041209 399.3681819178164
0.60335476337932048 0.28346733748912811 0.43920212537050252 0.001556457996554673 36.323036907240748 399.3681819178164
0.60335476337932048 0.28346733748912811 0.43920212537050252 0.001556457996554673 28.568062989041209 818.47146842628717
0.13872395819053052 0.21123123951256276 0.24271528050303459 0.0011688777763396504 36.323036907240748 818.47146842628717
0.20914841406047341 0.49763748869299895 0.24040614366531374 0.012868300836533309 15.885538879781961 722.72515278309584
0.40621137982234351 0.49763748869299895 0.24040614366531374 0.012868300836533309 15.885538879781961 722.72515278309584
0.20914841406047341 0.3993206404149533 0.24040614366531374 0.012868300836533309 15.885538879781961 722.72515278309584
0.20914841406047341 0.49763748869299895 0.40992217957973487 0.012868300836533309 15.885538879781961 722.72515278309584
0.20914841406047341 0.49763748869299895 0.24040614366531374 0.010752783080004156 15.885538879781961 722.72515278309584
0.20914841406047341 0.49763748869299895 0.24040614366531374 0.012868300836533309 11.588725253939629 722.72515278309584
0.20914841406047341 0.49763748869299895 0.24040614366531374 0.012868300836533309 15.885538879781961 500.95972921699286
0.40621137982234351 0.3993206404149533 0.40992217957973487 0.010752783080004156 11.588725253939629 500.95972921699286
0.22107696649618447 0.17102860920131208 0.34506107382476331 0.0071074196333065628 10.893950249999762 985.58744322508574
0.28320697601884598 0.17102860920131208 0.34506107382476331 0.0071074196333065628 10.893950249999762 985.58744322508574
0.22107696649618447 0.41470950357615954 0.34506107382476331 0.0071074196333065628 10.893950249999762 985.58744322508574
0.22107696649618447 0.17102860920131208 0.35913628600537784 0.0071074196333065628 10.893950249999762 985.58744322508574
0.22107696649618447 0.17102860920131208 0.34506107382476331 0.015084455600008369 10.893950249999762 985.58744322508574
0.22107696649618447 0.17102860920131208 0.34506107382476331 0.0071074196333065628 20.44750359095633 985.58744322508574
0.22107696649618447 0.17102860920131208 0.34506107382476331 0.0071074196333065628 10.893950249999762 285.25519948452711
0.28320697601884598 0.41470950357615954 0.35913628600537784 0.015084455600008369 20.44750359095633 285.25519948452711
0.46673420602455729 0.35997903831303124 0.14392115436494352 0.018379910081624984 36.648810749873519 212.0695129968226
0.67304663415998212 0.35997903831303124 0.14392115436494352 0.018379910081624984 36.648810749873519 212.0695129968226
0.46673420602455729 0.17779885530471803 0.14392115436494352 0.018379910081624984 36.648810749873519 212.0695129968226
0.46673420602455729 0.35997903831303124 0.18881371654570103 0.018379910081624984 36.648810749873519 212.0695129968226
0.46673420602455729 0.35997903831303124 0.14392115436494352 0.0054993464840576052 36.648810749873519 212.0695129968226
0.46673420602455729 0.35997903831303124 0.14392115436494352 0.018379910081624984 23.597300063818693 212.0695129968226
0.46673420602455729 0.35997903831303124 0.14392115436494352 0.018379910081624984 36.648810749873519 588.23750633746386
0.67304663415998212 0.17779885530471803 0.18881371654570103 0.0054993464840576052 23.597300063818693 588.23750633746386
