0.46151083526201542 0.24919494464993477 0.14308133684098723 0.0016020762162283065 26.497112113982439 859.48195978999138
0.43130021304823452 0.24919494464993477 0.14308133684098723 0.0016020762162283065 26.497112113982439 859.48195978999138
0.46151083526201542 0.4392654303461313 0.14308133684098723 0.0016020762162283065 26.497112113982439 859.48195978999138
0.46151083526201542 0.24919494464993477 0.47345724925398824 0.0016020762162283065 26.497112113982439 859.48195978999138
0.46151083526201542 0.24919494464993477 0.14308133684098723 0.0071638518977910279 26.497112113982439 859.48195978999138
0.46151083526201542 0.24919494464993477 0.14308133684098723 0.0016020762162283065 12.528537290170789 859.48195978999138
0.46151083526201542 0.24919494464993477 0.14308133684098723 0.0016020762162283065 26.497112113982439 310.71043089032173
0.43130021304823452 0.4392654303461313 0.47345724925398824 0.0071638518977910279 12.528537290170789 310.71043089032173
0.22602595919743179 0.43190759271383283 0.34272897057235241 0.012605153319984677 21.255993081256747 310.96393233165145
0.19368629367090762 0.43190759271383283 0.34272897057235241 0.012605153319984677 21.255993081256747 310.96393233165145
0.22602595919743179 0.15235400870442392 0.34272897057235241 0.012605153319984677 21.255993081256747 310.96393233165145
0.22602595919743179 0.43190759271383283 0.27820364236831663 0.012605153319984677 21.255993081256747 310.96393233165145
0.22602595919743179 0.43190759271383283 0.34272897057235241 0.017447622190974652 21.255993081256747 310.96393233165145
0.22602595919743179 0.43190759271383283 0.34272897057235241 0.012605153319984677 31.618580345064402 310.96393233165145
0.22602595919743179 0.43190759271383283 0.34272897057235241 0.012605153319984677 21.255993081256747 570.20061798393726
0.19368629367090762 0.15235400870442392 0.27820364236831663 0.017447622190974652 31.618580345064402 570.20061798393726
0.19374872683547434 0.11153573133051396 0.24737768173217775 0.0072309858510270714 13.02715720795095 517.56420647725463
0.65688542868010691 0.11153573133051396 0.24737768173217775 0.0072309858510270714 13.02715720795095 517.56420647725463
0.19374872683547434 0.23668896220624447 0.24737768173217775 0.0072309858510270714 13.02715720795095 517.56420647725463
0.19374872683547434 0.11153573133051396 0.12742708884179593 0.0072309858510270714 13.02715720795095 517.56420647725463
0.19374872683547434 0.11153573133051396 0.24737768173217775 0.011878090935572983 13.02715720795095 517.56420647725463
0.19374872683547434 0.11153573133051396 0.24737768173217775 0.0072309858510270714 30.164858570322394 517.56420647725463
0.19374872683547434 0.11153573133051396 0.24737768173217775 0.0072309858510270714 13.02715720795095 785.59960387647152
0.65688542868010691 0.23668896220624447 0.12742708884179593 0.011878090935572983 30.164858570322394 785.59960387647152
0.6184002619236707 0.31946810148656368 0.44780637770891196 0.018193502067029476 31.223424684256315 615.92127457261086
0.21693911398760973 0.31946810148656368 0.44780637770891196 0.018193502067029476 31.223424684256315 615.92127457261086
0.6184002619236707 0.37477758675813677 0.44780637770891196 0.018193502067029476 31.223424684256315 615.92127457261086
0.6184002619236707 0.31946810148656368 0.31954635716974733 0.018193502067029476 31.223424684256315 615.92127457261086
0.6184002619236707 0.31946810148656368 0.44780637770891196 0.0015955243809148672 31.223424684256315 615.92127457261086
0.6184002619236707 0.31946810148656368 0.44780637770891196 0.018193502067029476 17.615300334990025 615.92127457261086
0.6184002619236707 0.31946810148656368 0.44780637770891196 0.018193502067029476 31.223424684256315 540.58389067649841
0.21693911398760973 0.37477758675813677 0.31954635716974733 0.0015955243809148672 17.615300334990025 540.58389067649841
0.64874794483184806 0.18601018674671652 0.39619748294353485 0.015882132541388275 37.292743895202875 958.44903932884336
0.55646862876601511 0.18601018674671652 0.39619748294353485 0.015882132541388275 37.292743895202875 958.44903932884336
0.64874794483184806 0.27079230956733225 0.39619748294353485 0.015882132541388275 37.292743895202875 958.44903932884336
0.64874794483184806 0.18601018674671652 0.16697390712797644 0.015882132541388275 37.292743895202875 958.44903932884336
0.64874794483184806 0.18601018674671652 0.39619748294353485 0.018704651160351932 37.292743895202875 958.44903932884336
0.64874794483184806 0.18601018674671652 0.39619748294353485 0.015882132541388275 23.748220756649971 958.44903932884336
0.64874794483184806 0.18601018674671652 0.39619748294353485 0.015882132541388275 37.292743895202875 325.08730087429285
0.55646862876601511 0.27079230956733225 0.16697390712797644 0.018704651160351932 23.748220756649971 325.08730087429285
0.081910459464415913 0.39392271749675278 0.19586320370435717 0.0095202814402058737 10.48994785360992 156.80600348860025
0.31854484272189432 0.39392271749675278 0.19586320370435717 0.0095202814402058737 10.48994785360992 156.80600348860025
0.081910459464415913 0.33426545560359955 0.19586320370435717 0.0095202814402058737 10.48994785360992 156.80600348860025
0.081910459464415913 0.39392271749675278 0.38722456954419615 0.0095202814402058737 10.48994785360992 156.80600348860025
0.081910459464415913 0.39392271749675278 0.19586320370435717 0.0085309954848140496 10.48994785360992 156.80600348860025
0.081910459464415913 0.39392271749675278 0.19586320370435717 0.0095202814402058737 20.340245572850108 156.80600348860025
0.081910459464415913 0.39392271749675278 0.19586320370435717 0.0095202814402058737 10.48994785360992 994.17523946613073
0.31854484272189432 0.33426545560359955 0.38722456954419615 0.0085309954848140496 20.340245572850108 994.17523946613073
0.33786167921498411 0.27357145771384239 0.48799326084554195 0.010256244146823884 17.230592465028167 419.69575975090265
0.53321590772829941 0.27357145771384239 0.48799326084554195 0.010256244146823884 17.230592465028167 419.69575975090265
0.33786167921498411 0.45481409318745136 0.48799326084554195 0.010256244146823884 17.230592465028167 419.69575975090265
0.33786167921498411 0.27357145771384239 0.43176027238368986 0.010256244146823884 17.230592465028167 419.69575975090265
0.33786167921498411 0.27357145771384239 0.48799326084554195 0.0029615444442257287 17.230592465028167 419.69575975090265
0.33786167921498411 0.27357145771384239 0.48799326084554195 0.010256244146823884 11.503668885678053 419.69575975090265
0.33786167921498411 0.27357145771384239 0.48799326084554195 0.010256244146823884 17.230592465028167 750.10195057839155
0.53321590772829941 0.45481409318745136 0.43176027238368986 0.0029615444442257287 11.503668885678053 750.10195057839155
0.43116060500033193 0.45626426637172701 0.28844041936099529 0.0039337454373016955 26.990410026162863 771.17783622816205
0.092959571396932006 0.45626426637172701 0.28844041936099529 0.0039337454373016955 26.990410026162863 771.17783622816205
0.43116060500033193 0.14328719303011894 0.28844041936099529 0.0039337454373016955 26.990410026162863 771.17783622816205
0.43116060500033193 0.45626426637172701 0.21462566182017329 0.0039337454373016955 26.990410026162863 771.17783622816205
0.43116060500033193 0.45626426637172701 0.28844041936099529 0.013136394490674139 26.990410026162863 771.17783622816205
0.43116060500033193 0.45626426637172701 0.28844041936099529 0.0039337454373016955 36.452213937416673 771.17783622816205
0.43116060500033193 0.45626426637172701 0.28844041936099529 0.0039337454373016955 26.990410026162863 123.66841752082109
0.092959571396932006 0.14328719303011894 0.21462566182017329 0.013136394490674139 36.452213937416673 123.66841752082109
0.38422589935362333 0.14803175069391727 0.46895773038268096 0.0086349607979878795 20.53186758607626 583.93162544816732
0.60265666018240149 0.14803175069391727 0.46895773038268096 0.0086349607979878795 20.53186758607626 583.93162544816732
0.38422589935362333 0.28824171461164949 0.46895773038268096 0.0086349607979878795 20.53186758607626 583.93162544816732
0.38422589935362333 0.14803175069391727 0.17745484299957753 0.0086349607979878795 20.53186758607626 583.93162544816732
0.38422589935362333 0.14803175069391727 0.46895773038268096 0.00094446968119591475 20.53186758607626 583.93162544816732
0.38422589935362333 0.14803175069391727 0.46895773038268096 0.0086349607979878795 35.693788576871157 583.93162544816732
0.38422589935362333 0.14803175069391727 0.46895773038268096 0.0086349607979878795 20.53186758607626 229.57591153681278
0.60265666018240149 0.28824171461164949 0.17745484299957753 0.00094446968119591475 35.693788576871157 229.57591153681278
0.30616662367247038 0.33385089300572873 0.27017088010907175 0.017471118916943671 23.729643413797021 485.41358793154359
0.35232735942117865 0.33385089300572873 0.27017088010907175 0.017471118916943671 23.729643413797021 485.41358793154359
0.30616662367247038 0.30132494047284131 0.27017088010907175 0.017471118916943671 23.729643413797021 485.41358793154359
0.30616662367247038 0.33385089300572873 0.3697139095515013 0.017471118916943671 23.729643413797021 485.41358793154359
0.30616662367247038 0.33385089300572873 0.27017088010907175 0.011131556193158032 23.729643413797021 485.41358793154359
0.30616662367247038 0.33385089300572873 0.27017088010907175 0.017471118916943671 8.4088687617331743 485.41358793154359
0.30616662367247038 0.33385089300572873 0.27017088010907175 0.017471118916943671 23.729643413797021 643.31425949931145
0.35232735942117865 0.30132494047284131 0.3697139095515013 0.011131556193158032 8.4088687617331743 643.31425949931145
0.1139248059131205 0.21037367656826975 0.36544282175600529 0.0031226711837574841 33.987344877794385 238.52398628368974
0.45753854499198487 0.21037367656826975 0.36544282175600529 0.0031226711837574841 33.987344877794385 238.52398628368974
0.1139248059131205 0.48459255360066888 0.36544282175600529 0.0031226711837574841 33.987344877794385 238.52398628368974
0.1139248059131205 0.21037367656826975 0.42361242026090629 0.0031226711837574841 33.987344877794385 238.52398628368974
0.1139248059131205 0.21037367656826975 0.36544282175600529 0.015462388393841685 33.987344877794385 238.52398628368974
0.1139248059131205 0.21037367656826975 0.36544282175600529 0.0031226711837574841 22.042994640767574 238.52398628368974
0.1139248059131205 0.21037367656826975 0.36544282175600529 0.0031226711837574841 33.987344877794385 874.20395463705063
0.45753854499198487 0.48459255360066888 0.42361242026090629 0.015462388393841685 22.042994640767574 874.20395463705063
0.69600194138474758 0.42141254991292953 0.16431203372776509 0.011920837649330497 13.747506991028786 786.88106443732977
0.086127313831821081 0.42141254991292953 0.16431203372776509 0.011920837649330497 13.747506991028786 786.88106443732977
0.69600194138474758 0.12267582565546037 0.16431203372776509 0.011920837649330497 13.747506991028786 786.88106443732977
0.69600194138474758 0.42141254991292953 0.22824378982186319 0.011920837649330497 13.747506991028786 786.88106443732977
0.69600194138474758 0.42141254991292953 0.16431203372776509 0.0052764962527900939 13.747506991028786 786.88106443732977
0.69600194138474758 0.42141254991292953 0.16431203372776509 0.011920837649330497 25.927078967913985 786.88106443732977
0.69600194138474758 0.42141254991292953 0.16431203372776509 0.011920837649330497 13.747506991028786 445.93620114028454
0.086127313831821081 0.12267582565546037 0.22824378982186319 0.0052764962527900939 25.927078967913985 445.93620114028454
0.56385088344104584 0.28561068996787076 0.21582345999777319 0.014270561436191202 9.7364105954766273 682.04554123803973
0.39782764292322093 0.28561068996787076 0.21582345999777319 0.014270561436191202 9.7364105954766273 682.04554123803973
0.56385088344104584 0.41888520531356332 0.21582345999777319 0.014270561436191202 9.7364105954766273 682.04554123803973
0.56385088344104584 0.28561068996787076 0.48171421363949773 0.014270561436191202 9.7364105954766273 682.04554123803973
0.56385088344104584 0.28561068996787076 0.21582345999777319 0.014811092293635012 9.7364105954766273 682.04554123803973
0.56385088344104584 0.28561068996787076 0.21582345999777319 0.014270561436191202 16.974113268777728 682.04554123803973
0.56385088344104584 0.28561068996787076 0.21582345999777319 0.014270561436191202 9.7364105954766273 434.67457946389914
0.39782764292322093 0.41888520531356332 0.48171421363949773 0.014811092293635012 16.974113268777728 434.67457946389914
0.16458531813696026 0.49666634500026707 0.41705476827919485 0.00079437931980937723 34.495635444298387 330.4025087505579
0.14718832052312791 0.49666634500026707 0.41705476827919485 0.00079437931980937723 34.495635444298387 330.4025087505579
0.16458531813696026 0.18236520588397981 0.41705476827919485 0.00079437931980937723 34.495635444298387 330.4025087505579
0.16458531813696026 0.49666634500026707 0.26447640210390089 0.00079437931980937723 34.495635444298387 330.4025087505579
0.16458531813696026 0.49666634500026707 0.41705476827919485 0.0045407610243186356 34.495635444298387 330.4025087505579
0.16458531813696026 0.49666634500026707 0.41705476827919485 0.00079437931980937723 27.18719470500946 330.4025087505579
0.16458531813696026 0.49666634500026707 0.41705476827919485 0.00079437931980937723 34.495635444298387 892.38567892462015
0.14718832052312791 0.18236520588397981 0.26447640210390089 0.0045407610243186356 27.18719470500946 892.38567892462015
0.25550360283814366 0.17317158468067645 0.12480874583125115 0.01978103830628097 29.783742876723409 139.75089080631733
0.66402762797661119 0.17317158468067645 0.12480874583125115 0.01978103830628097 29.783742876723409 139.75089080631733
0.25550360283814366 0.20358905680477621 0.12480874583125115 0.01978103830628097 29.783742876723409 139.75089080631733
0.25550360283814366 0.17317158468067645 0.1168126504868269 0.01978103830628097 29.783742876723409 139.75089080631733
0.25550360283814366 0.17317158468067645 0.12480874583125115 0.0088715130101889392 29.783742876723409 139.75089080631733
0.25550360283814366 0.17317158468067645 0.12480874583125115 0.01978103830628097 33.204176614060998 139.75089080631733
0.25550360283814366 0.17317158468067645 0.12480874583125115 0.01978103830628097 29.783742876723409 690.1702867820859
0.66402762797661119 0.20358905680477621 0.1168126504868269 0.0088715130101889392 33.204176614060998 690.1702867820859
0.51637444868683813 0.35900750868022446 0.32369649186730387 0.0063416393471881745 17.980581104755402 941.23296393081546
0.29230653014965352 0.35900750868022446 0.32369649186730387 0.0063416393471881745 17.980581104755402 941.23296393081546
0.51637444868683813 0.39206901118159299 0.32369649186730387 0.0063416393471881745 17.980581104755402 941.23296393081546
0.51637444868683813 0.35900750868022446 0.33719051964581015 0.0063416393471881745 17.980581104755402 941.23296393081546
0.51637444868683813 0.35900750868022446 0.32369649186730387 0.019143048018030823 17.980581104755402 941.23296393081546
0.51637444868683813 0.35900750868022446 0.32369649186730387 0.0063416393471881745 14.590172853320837 941.23296393081546
0.51637444868683813 0.35900750868022446 0.32369649186730387 0.0063416393471881745 17.980581104755402 189.85971342772245
0.29230653014965352 0.39206901118159299 0.33719051964581015 0.019143048018030823 14.590172853320837 189.85971342772245
0.52402919754385946 0.15920783728361132 0.26051211655139928 0.011272174383699896 32.007889069616795 357.47635941952467
0.18077295362018048 0.15920783728361132 0.26051211655139928 0.011272174383699896 32.007889069616795 357.47635941952467
0.52402919754385946 0.22069182917475702 0.26051211655139928 0.011272174383699896 32.007889069616795 357.47635941952467
0.52402919754385946 0.15920783728361132 0.3558790158480406 0.011272174383699896 32.007889069616795 357.47635941952467
0.52402919754385946 0.15920783728361132 0.26051211655139928 0.0078709136128425599 32.007889069616795 357.47635941952467
0.52402919754385946 0.15920783728361132 0.26051211655139928 0.011272174383699896 13.695352386683226 357.47635941952467
0.52402919754385946 0.15920783728361132 0.26051211655139928 0.011272174383699896 32.007889069616795 367.03248172998428
0.18077295362018048 0.22069182917475702 0.3558790158480406 0.0078709136128425599 13.695352386683226 367.03248172998428
0.28851426295004784 0.37335949614644048 0.46006190627813337 0.0049483907619491223 11.760841125622392 709.01328036561608
0.44921112894080573 0.37335949614644048 0.46006190627813337 0.0049483907619491223 11.760841125622392 709.01328036561608
0.28851426295004784 0.38378124125301838 0.46006190627813337 0.0049483907619491223 11.760841125622392 709.01328036561608
0.28851426295004784 0.37335949614644048 0.19812567420303823 0.0049483907619491223 11.760841125622392 709.01328036561608
0.28851426295004784 0.37335949614644048 0.46006190627813337 0.018132785446383061 11.760841125622392 709.01328036561608
0.28851426295004784 0.37335949614644048 0.46006190627813337 0.0049483907619491223 34.216356242075562 709.01328036561608
0.28851426295004784 0.37335949614644048 0.46006190627813337 0.0049483907619491223 11.760841125622392 963.59704248607159
0.44921112894080573 0.38378124125301838 0.19812567420303823 0.018132785446383061 34.216356242075562 963.59704248607159
0.13187286304309964 0.2968415882438421 0.15543442033231258 0.015659278161078691 22.522310169413686 915.58434525504708
0.23957354729063807 0.2968415882438421 0.15543442033231258 0.015659278161078691 22.522310169413686 915.58434525504708
0.13187286304309964 0.40529802143573768 0.15543442033231258 0.015659278161078691 22.522310169413686 915.58434525504708
0.13187286304309964 0.2968415882438421 0.24578659310936929 0.015659278161078691 22.522310169413686 915.58434525504708
0.13187286304309964 0.2968415882438421 0.15543442033231258 0.013800749396532776 22.522310169413686 915.58434525504708
0.13187286304309964 0.2968415882438421 0.15543442033231258 0.015659278161078691 28.053162202239037 915.58434525504708
0.13187286304309964 0.2968415882438421 0.15543442033231258 0.015659278161078691 22.522310169413686 729.62772883474827
0.23957354729063807 0.40529802143573768 0.24578659310936929 0.013800749396532776 28.053162202239037 729.62772883474827
0.55653401245363054 0.48582235313951971 0.35576564781367781 0.009298711382038893 25.712646722793579 113.99638187140226
0.6290922582615166 0.48582235313951971 0.35576564781367781 0.009298711382038893 25.712646722793579 113.99638187140226
0.55653401245363054 0.19338738732039928 0.35576564781367781 0.009298711382038893 25.712646722793579 113.99638187140226
0.55653401245363054 0.48582235313951971 0.40040555447340009 0.009298711382038893 25.712646722793579 113.99638187140226
0.55653401245363054 0.48582235313951971 0.35576564781367781 0.0035400908904150131 25.712646722793579 113.99638187140226
0.55653401245363054 0.48582235313951971 0.35576564781367781 0.009298711382038893 15.99158769659698 113.99638187140226
0.55653401245363054 0.48582235313951971 0.35576564781367781 0.009298711382038893 25.712646722793579 146.71369418501854
0.6290922582615166 0.19338738732039928 0.40040555447340009 0.0035400908904150131 15.99158769659698 146.71369418501854
0.66813449454493812 0.22121232859790327 0.40112769566476347 0.006988493409194052 27.804458282887936 455.37054864689708
0.30094885188154874 0.22121232859790327 0.40112769566476347 0.006988493409194052 27.804458282887936 455.37054864689708
0.66813449454493812 0.48956005722284324 0.40112769566476347 0.006988493409194052 27.804458282887936 455.37054864689708
0.66813449454493812 0.22121232859790327 0.25955225974321366 0.006988493409194052 27.804458282887936 455.37054864689708
0.66813449454493812 0.22121232859790327 0.40112769566476347 0.01678202131856233 27.804458282887936 455.37054864689708
0.66813449454493812 0.22121232859790327 0.40112769566476347 0.006988493409194052 24.918746968731284 455.37054864689708
0.66813449454493812 0.22121232859790327 0.40112769566476347 0.006988493409194052 27.804458282887936 269.15651727467775
0.30094885188154874 0.48956005722284324 0.25955225974321366 0.01678202131856233 24.918746968731284 269.15651727467775
0.10128677496686578 0.41018546707928183 0.20069594793021681 0.017952293947339059 15.993858465924859 553.78247462213039
0.56906708735041323 0.41018546707928183 0.20069594793021681 0.017952293947339059 15.993858465924859 553.78247462213039
0.10128677496686578 0.10303394459187985 0.20069594793021681 0.017952293947339059 15.993858465924859 553.78247462213039
0.10128677496686578 0.41018546707928183 0.49230241850018508 0.017952293947339059 15.993858465924859 553.78247462213039
0.10128677496686578 0.41018546707928183 0.20069594793021681 0.0065864752970635895 15.993858465924859 553.78247462213039
0.10128677496686578 0.41018546707928183 0.20069594793021681 0.017952293947339059 22.934425242245197 553.78247462213039
0.10128677496686578 0.41018546707928183 0.20069594793021681 0.017952293947339059 15.993858465924859 600.26395153254271
0.56906708735041323 0.10303394459187985 0.49230241850018508 0.0065864752970635895 22.934425242245197 600.26395153254271
0.31910278215073046 0.1336759477853775 0.30855056643486023 0.0025983683915808799 11.726681070402265 816.59152321517467
0.1210676232818514 0.1336759477853775 0.30855056643486023 0.0025983683915808799 11.726681070402265 816.59152321517467
0.31910278215073046 0.28600854948163035 0.30855056643486023 0.0025983683915808799 11.726681070402265 816.59152321517467
0.31910278215073046 0.1336759477853775 0.33840069659054284 0.0025983683915808799 11.726681070402265 816.59152321517467
0.31910278215073046 0.1336759477853775 0.30855056643486023 0.0022545101681724195 11.726681070402265 816.59152321517467
0.31910278215073046 0.1336759477853775 0.30855056643486023 0.0025983683915808799 9.3883755076676607 816.59152321517467
0.31910278215073046 0.1336759477853775 0.30855056643486023 0.0025983683915808799 11.726681070402265 806.43784161657095
0.1210676232818514 0.28600854948163035 0.33840069659054284 0.0022545101681724195 9.3883755076676607 806.43784161657095
0.41243114657700058 0.3478199802339077 0.10889988094568254 0.013600160583108666 36.478696420788765 268.12855480238795
0.5102665493730455 0.3478199802339077 0.10889988094568254 0.013600160583108666 36.478696420788765 268.12855480238795
0.41243114657700058 0.32448248304426675 0.10889988094568254 0.013600160583108666 36.478696420788765 268.12855480238795
0.41243114657700058 0.3478199802339077 0.10876653604209424 0.013600160583108666 36.478696420788765 268.12855480238795
0.41243114657700058 0.3478199802339077 0.10889988094568254 0.012451278737187387 36.478696420788765 268.12855480238795
0.41243114657700058 0.3478199802339077 0.10889988094568254 0.013600160583108666 34.832213196903467 268.12855480238795
0.41243114657700058 0.3478199802339077 0.10889988094568254 0.013600160583108666 36.478696420788765 517.05100182443857
0.5102665493730455 0.32448248304426675 0.10876653604209424 0.012451278737187387 34.832213196903467 517.05100182443857
0.44357043956406406 0.25647584460675721 0.32662479318678383 0.018765410488471388 15.028414402157068 186.54144704341888
0.36488552768714722 0.25647584460675721 0.32662479318678383 0.018765410488471388 15.028414402157068 186.54144704341888
0.44357043956406406 0.46937628909945495 0.32662479318678383 0.018765410488471388 15.028414402157068 186.54144704341888
0.44357043956406406 0.25647584460675721 0.29581432342529301 0.018765410488471388 15.028414402157068 186.54144704341888
0.44357043956406406 0.25647584460675721 0.32662479318678383 0.0039524664314463734 15.028414402157068 186.54144704341888
0.44357043956406406 0.25647584460675721 0.32662479318678383 0.018765410488471388 37.347721496596932 186.54144704341888
0.44357043956406406 0.25647584460675721 0.32662479318678383 0.018765410488471388 15.028414402157068 397.958629950881
0.36488552768714722 0.46937628909945495 0.29581432342529301 0.0039524664314463734 37.347721496596932 397.958629950881
0.3654810932464897 0.47374659515917306 0.1277400989085436 0.005327295851521194 33.217471597716212 988.0783780477941
0.5851009645033628 0.47374659515917306 0.1277400989085436 0.005327295851521194 33.217471597716212 988.0783780477941
0.3654810932464897 0.13245882280170918 0.1277400989085436 0.005327295851521194 33.217471597716212 988.0783780477941
0.3654810932464897 0.47374659515917306 0.45057313069701199 0.005327295851521194 33.217471597716212 988.0783780477941
0.3654810932464897 0.47374659515917306 0.1277400989085436 0.014156334472447636 33.217471597716212 988.0783780477941
0.3654810932464897 0.47374659515917306 0.1277400989085436 0.005327295851521194 10.490344401448965 988.0783780477941
0.3654810932464897 0.47374659515917306 0.1277400989085436 0.005327295851521194 33.217471597716212 924.6500164270401
0.5851009645033628 0.13245882280170918 0.45057313069701199 0.014156334472447636 10.490344401448965 924.6500164270401
0.053953245049342513 0.19411074370145798 0.43248355314135556 0.014493718235567214 24.499517476186156 741.10806873068213
0.063138909777626401 0.19411074370145798 0.43248355314135556 0.014493718235567214 24.499517476186156 741.10806873068213
0.053953245049342513 0.25349572598934178 0.43248355314135556 0.014493718235567214 24.499517476186156 741.10806873068213
0.053953245049342513 0.19411074370145798 0.3060341630131006 0.014493718235567214 24.499517476186156 741.10806873068213
0.053953245049342513 0.19411074370145798 0.43248355314135556 0.019724652584828438 24.499517476186156 741.10806873068213
0.053953245049342513 0.19411074370145798 0.43248355314135556 0.014493718235567214 19.473591877147555 741.10806873068213
0.053953245049342513 0.19411074370145798 0.43248355314135556 0.014493718235567214 24.499517476186156 705.29253259301186
0.063138909777626401 0.25349572598934178 0.3060341630131006 0.019724652584828438 19.473591877147555 705.29253259301186
0.63603998273611062 0.38621059134602553 0.23125529661774635 0.0010162512069568038 19.250959392637014 389.52009528875351
0.4856856571044772 0.38621059134602553 0.23125529661774635 0.0010162512069568038 19.250959392637014 389.52009528875351
0.63603998273611062 0.34157821349799633 0.23125529661774635 0.0010162512069568038 19.250959392637014 389.52009528875351
0.63603998273611062 0.38621059134602553 0.14816584549844267 0.0010162512069568038 19.250959392637014 389.52009528875351
0.63603998273611062 0.38621059134602553 0.23125529661774635 0.0095220070913434041 19.250959392637014 389.52009528875351
0.63603998273611062 0.38621059134602553 0.23125529661774635 0.0010162512069568038 24.731890290975571 389.52009528875351
0.63603998273611062 0.38621059134602553 0.23125529661774635 0.0010162512069568038 19.250959392637014 165.00555165112019
0.4856856571044772 0.34157821349799633 0.14816584549844267 0.0095220070913434041 24.731890290975571 165.00555165112019
0.58514172397553921 0.11925624907016755 0.18599071726202965 0.0033648617966100577 19.232020873576403 285.28880001977086
0.16505893641151487 0.11925624907016755 0.18599071726202965 0.0033648617966100577 19.232020873576403 285.28880001977086
0.58514172397553921 0.23755644112825394 0.18599071726202965 0.0033648617966100577 19.232020873576403 285.28880001977086
0.58514172397553921 0.11925624907016755 0.38835461400449278 0.0033648617966100577 19.232020873576403 285.28880001977086
0.58514172397553921 0.11925624907016755 0.18599071726202965 0.010548780600726606 19.232020873576403 285.28880001977086
0.58514172397553921 0.11925624907016755 0.18599071726202965 0.0033648617966100577 18.624318532645702 285.28880001977086
0.58514172397553921 0.11925624907016755 0.18599071726202965 0.0033648617966100577 19.232020873576403 265.80446343868971
0.16505893641151487 0.23755644112825394 0.38835461400449278 0.010548780600726606 18.624318532645702 265.80446343868971
0.18586593656800687 0.31136067733168604 0.38712455704808235 0.012161743349954488 28.984400166198611 833.70072264224291
0.38495458834804591 0.31136067733168604 0.38712455704808235 0.012161743349954488 28.984400166198611 833.70072264224291
0.18586593656800687 0.3510356571525336 0.38712455704808235 0.012161743349954488 28.984400166198611 833.70072264224291
0.18586593656800687 0.31136067733168604 0.1586173001676798 0.012161743349954488 28.984400166198611 833.70072264224291
0.18586593656800687 0.31136067733168604 0.38712455704808235 0.00029522274676710371 28.984400166198611 833.70072264224291
0.18586593656800687 0.31136067733168604 0.38712455704808235 0.012161743349954488 29.27228400669992 833.70072264224291
0.18586593656800687 0.31136067733168604 0.38712455704808235 0.012161743349954488 28.984400166198611 611.41372341662645
0.38495458834804591 0.3510356571525336 0.1586173001676798 0.00029522274676710371 29.27228400669992 611.41372341662645
0.23357087159529327 0.23171948306262494 0.27934928275644777 0.0076383667936548594 35.294977148994803 643.01989544183016
0.26447430434636771 0.23171948306262494 0.27934928275644777 0.0076383667936548594 35.294977148994803 643.01989544183016
0.23357087159529327 0.43488231375813491 0.27934928275644777 0.0076383667936548594 35.294977148994803 643.01989544183016
0.23357087159529327 0.23171948306262494 0.20939097926020622 0.0076383667936548594 35.294977148994803 643.01989544183016
0.23357087159529327 0.23171948306262494 0.27934928275644777 0.005863469938188791 35.294977148994803 643.01989544183016
0.23357087159529327 0.23171948306262494 0.27934928275644777 0.0076383667936548594 30.638386506587267 643.01989544183016
0.23357087159529327 0.23171948306262494 0.27934928275644777 0.0076383667936548594 35.294977148994803 858.56663081794977
0.26447430434636771 0.43488231375813491 0.20939097926020622 0.005863469938188791 30.638386506587267 858.56663081794977
0.49447116819210346 0.44899481423199183 0.47813918478786943 0.016475809234753253 8.4849718324840069 544.5569303818047
0.68670111182145765 0.44899481423199183 0.47813918478786943 0.016475809234753253 8.4849718324840069 544.5569303818047
0.49447116819210346 0.17336157597601415 0.47813918478786943 0.016475809234753253 8.4849718324840069 544.5569303818047
0.49447116819210346 0.44899481423199183 0.4422683924436569 0.016475809234753253 8.4849718324840069 544.5569303818047
0.49447116819210346 0.44899481423199183 0.47813918478786943 0.016118241119571029 8.4849718324840069 544.5569303818047
0.49447116819210346 0.44899481423199183 0.47813918478786943 0.016475809234753253 13.391257526353002 544.5569303818047
0.49447116819210346 0.44899481423199183 0.47813918478786943 0.016475809234753253 8.4849718324840069 471.18184473365545
0.68670111182145765 0.17336157597601415 0.4422683924436569 0.016118241119571029 13.391257526353002 471.18184473365545
