0.47784724757075303 0.24162498973309995 0.24721313267946243 0.008570066995546223 33.846004337072372 696.75008915364742
0.65945010879077015 0.24162498973309995 0.24721313267946243 0.008570066995546223 33.846004337072372 696.75008915364742
0.47784724757075303 0.36474125757813458 0.24721313267946243 0.008570066995546223 33.846004337072372 696.75008915364742
0.47784724757075303 0.24162498973309995 0.25165792629122735 0.008570066995546223 33.846004337072372 696.75008915364742
0.47784724757075303 0.24162498973309995 0.24721313267946243 0.012793845428340139 33.846004337072372 696.75008915364742
0.47784724757075303 0.24162498973309995 0.24721313267946243 0.008570066995546223 33.367051856592298 696.75008915364742
0.47784724757075303 0.24162498973309995 0.24721313267946243 0.008570066995546223 33.846004337072372 142.72234756499529
0.65945010879077015 0.36474125757813458 0.25165792629122735 0.012793845428340139 33.367051856592298 142.72234756499529
0.25249383202753961 0.42766386009752755 0.44842306375503538 0.017407593487016856 13.656505646184087 373.23205498978496
0.29054632582701739 0.42766386009752755 0.44842306375503538 0.017407593487016856 13.656505646184087 373.23205498978496
0.25249383202753961 0.22782985903322697 0.44842306375503538 0.017407593487016856 13.656505646184087 373.23205498978496
0.25249383202753961 0.42766386009752755 0.49375297129154205 0.017407593487016856 13.656505646184087 373.23205498978496
0.25249383202753961 0.42766386009752755 0.44842306375503538 0.0031493694212287667 13.656505646184087 373.23205498978496
0.25249383202753961 0.42766386009752755 0.44842306375503538 0.017407593487016856 14.485605482012033 373.23205498978496
0.25249383202753961 0.42766386009752755 0.44842306375503538 0.017407593487016856 13.656505646184087 727.42167394608259
0.29054632582701739 0.22782985903322697 0.49375297129154205 0.0031493694212287667 14.485605482012033 727.42167394608259
0.17709739552810788 0.10428344458341599 0.14369679503142835 0.0030615521613508467 20.626505279913545 126.36476932093501
0.39831885355524715 0.10428344458341599 0.14369679503142835 0.0030615521613508467 20.626505279913545 126.36476932093501
0.17709739552810788 0.16126146763563157 0.14369679503142835 0.0030615521613508467 20.626505279913545 126.36476932093501
0.17709739552810788 0.10428344458341599 0.34922622106969359 0.0030615521613508467 20.626505279913545 126.36476932093501
0.17709739552810788 0.10428344458341599 0.14369679503142835 0.0087176921805366889 20.626505279913545 126.36476932093501
0.17709739552810788 0.10428344458341599 0.14369679503142835 0.0030615521613508467 15.96155690215528 126.36476932093501
0.17709739552810788 0.10428344458341599 0.14369679503142835 0.0030615521613508467 20.626505279913545 960.59103216975927
0.39831885355524715 0.16126146763563157 0.34922622106969359 0.0087176921805366889 15.96155690215528 960.59103216975927
0.59160756398923697 0.31510258391499524 0.34256316982209684 0.0118583667030558 23.874621756374836 899.72184412181377
0.15049576121382413 0.31510258391499524 0.34256316982209684 0.0118583667030558 23.874621756374836 899.72184412181377
0.59160756398923697 0.44935011826455595 0.34256316982209684 0.0118583667030558 23.874621756374836 899.72184412181377
0.59160756398923697 0.31510258391499524 0.10399721898138524 0.0118583667030558 23.874621756374836 899.72184412181377
0.59160756398923697 0.31510258391499524 0.34256316982209684 0.018363381441310049 23.874621756374836 899.72184412181377
0.59160756398923697 0.31510258391499524 0.34256316982209684 0.0118583667030558 28.258516706526279 899.72184412181377
0.59160756398923697 0.31510258391499524 0.34256316982209684 0.0118583667030558 23.874621756374836 362.29613814502954
0.15049576121382413 0.44935011826455595 0.10399721898138524 0.018363381441310049 28.258516706526279 362.29613814502954
0.62195773613639171 0.17941989004611969 0.487829078361392 0.014188019895367327 29.641239151358604 569.65972790494561
0.45961603526957329 0.17941989004611969 0.487829078361392 0.014188019895367327 29.641239151358604 569.65972790494561
0.62195773613639171 0.14531607627868653 0.487829078361392 0.014188019895367327 29.641239151358604 569.65972790494561
0.62195773613639171 0.17941989004611969 0.35752943493425848 0.014188019895367327 29.641239151358604 569.65972790494561
0.62195773613639171 0.17941989004611969 0.487829078361392 0.0020264824856072667 29.641239151358604 569.65972790494561
0.62195773613639171 0.17941989004611969 0.487829078361392 0.014188019895367327 22.143562391400337 569.65972790494561
0.62195773613639171 0.17941989004611969 0.487829078361392 0.014188019895367327 29.641239151358604 521.21399641036987
0.45961603526957329 0.14531607627868653 0.35752943493425848 0.0020264824856072667 22.143562391400337 521.21399641036987
0.065261617396026844 0.39025581702589995 0.2890575017780066 0.00071046704612672332 17.890278028324246 443.01669877022505
0.090387508319690821 0.39025581702589995 0.2890575017780066 0.00071046704612672332 17.890278028324246 443.01669877022505
0.065261617396026844 0.45878924839198587 0.2890575017780066 0.00071046704612672332 17.890278028324246 443.01669877022505
0.065261617396026844 0.39025581702589995 0.19041904769837859 0.00071046704612672332 17.890278028324246 443.01669877022505
0.065261617396026844 0.39025581702589995 0.2890575017780066 0.011601932447217406 17.890278028324246 443.01669877022505
0.065261617396026844 0.39025581702589995 0.2890575017780066 0.00071046704612672332 25.767745582386851 443.01669877022505
0.065261617396026844 0.39025581702589995 0.2890575017780066 0.00071046704612672332 17.890278028324246 808.81557129323483
0.090387508319690821 0.45878924839198587 0.19041904769837859 0.011601932447217406 25.767745582386851 808.81557129323483
0.36433204128406937 0.26685937754809858 0.3968125507235527 0.019699555969797077 9.8303446564823389 252.35649775713682
0.59966669916175308 0.26685937754809858 0.3968125507235527 0.019699555969797077 9.8303446564823389 252.35649775713682
0.36433204128406937 0.33024118170142175 0.3968125507235527 0.019699555969797077 9.8303446564823389 252.35649775713682
0.36433204128406937 0.26685937754809858 0.24120493531227113 0.019699555969797077 9.8303446564823389 252.35649775713682
0.36433204128406937 0.26685937754809858 0.3968125507235527 0.017170174991711973 9.8303446564823389 252.35649775713682
0.36433204128406937 0.26685937754809858 0.3968125507235527 0.019699555969797077 34.626495700329542 252.35649775713682
0.36433204128406937 0.26685937754809858 0.3968125507235527 0.019699555969797077 9.8303446564823389 603.22188325226307
0.59966669916175308 0.33024118170142175 0.24120493531227113 0.017170174991711973 34.626495700329542 603.22188325226307
0.44749950654804699 0.4529150355607271 0.19569703042507172 0.0062615065742284062 34.641768030822277 828.83856752887368
0.3515187078621238 0.4529150355607271 0.19569703042507172 0.0062615065742284062 34.641768030822277 828.83856752887368
0.44749950654804699 0.26871430464088919 0.19569703042507172 0.0062615065742284062 34.641768030822277 828.83856752887368
0.44749950654804699 0.4529150355607271 0.41143099293112761 0.0062615065742284062 34.641768030822277 828.83856752887368
0.44749950654804699 0.4529150355607271 0.19569703042507172 0.0075959476513788107 34.641768030822277 828.83856752887368
0.44749950654804699 0.4529150355607271 0.19569703042507172 0.0062615065742284062 9.4178537670522928 828.83856752887368
0.44749950654804699 0.4529150355607271 0.19569703042507172 0.0062615065742284062 34.641768030822277 273.84480908513069
0.3515187078621238 0.26871430464088919 0.41143099293112761 0.0075959476513788107 9.4178537670522928 273.84480908513069
0.39834567462094123 0.14278742522001267 0.36488715894520285 0.0016763181239366532 13.117203798145056 972.30207640677691
0.53625545981340106 0.14278742522001267 0.36488715894520285 0.0016763181239366532 13.117203798145056 972.30207640677691
0.39834567462094123 0.11283911243081093 0.36488715894520285 0.0016763181239366532 13.117203798145056 972.30207640677691
0.39834567462094123 0.14278742522001267 0.39940599687397482 0.0016763181239366532 13.117203798145056 972.30207640677691
0.39834567462094123 0.14278742522001267 0.36488715894520285 0.018877874607220291 13.117203798145056 972.30207640677691
0.39834567462094123 0.14278742522001267 0.36488715894520285 0.0016763181239366532 10.168696690350771 972.30207640677691
0.39834567462094123 0.14278742522001267 0.36488715894520285 0.0016763181239366532 13.117203798145056 167.05669891089201
0.53625545981340106 0.11283911243081093 0.39940599687397482 0.018877874607220291 10.168696690350771 167.05669891089201
0.33040792914107436 0.32571979239583015 0.16453762985765935 0.012678024568594994 31.365669911727309 198.78404559567571
0.093738468317314971 0.32571979239583015 0.16453762985765935 0.012678024568594994 31.365669911727309 198.78404559567571
0.33040792914107436 0.47592236138880251 0.16453762985765935 0.012678024568594994 31.365669911727309 198.78404559567571
0.33040792914107436 0.32571979239583015 0.1540127616375685 0.012678024568594994 31.365669911727309 198.78404559567571
0.33040792914107436 0.32571979239583015 0.16453762985765935 0.0092914105063304324 31.365669911727309 198.78404559567571
0.33040792914107436 0.32571979239583015 0.16453762985765935 0.012678024568594994 37.728420944884419 198.78404559567571
0.33040792914107436 0.32571979239583015 0.16453762985765935 0.012678024568594994 31.365669911727309 709.12894476205111
0.093738468317314971 0.47592236138880251 0.1540127616375685 0.0092914105063304324 37.728420944884419 709.12894476205111
0.10013480759225785 0.205446257814765 0.46918455436825757 0.0073014529787003993 26.351178793236613 405.40320249274373
0.55442089312709864 0.205446257814765 0.46918455436825757 0.0073014529787003993 26.351178793236613 405.40320249274373
0.10013480759225785 0.31004444211721421 0.46918455436825757 0.0073014529787003993 26.351178793236613 405.40320249274373
0.10013480759225785 0.205446257814765 0.20166145712137223 0.0073014529787003993 26.351178793236613 405.40320249274373
0.10013480759225785 0.205446257814765 0.46918455436825757 0.004959369809553027 26.351178793236613 405.40320249274373
0.10013480759225785 0.205446257814765 0.46918455436825757 0.0073014529787003993 24.057873629033566 405.40320249274373
0.10013480759225785 0.205446257814765 0.46918455436825757 0.0073014529787003993 26.351178793236613 929.66403905302286
0.55442089312709864 0.31004444211721421 0.20166145712137223 0.004959369809553027 24.057873629033566 929.66403905302286
0.67206064611673355 0.41315890289843082 0.2696164689958096 0.018265318831987679 21.162260297685862 728.76027394086123
0.31423505716957145 0.41315890289843082 0.2696164689958096 0.018265318831987679 21.162260297685862 728.76027394086123
0.67206064611673355 0.29812774024903776 0.2696164689958096 0.018265318831987679 21.162260297685862 728.76027394086123
0.67206064611673355 0.41315890289843082 0.44394474700093267 0.018265318831987679 21.162260297685862 728.76027394086123
0.67206064611673355 0.41315890289843082 0.2696164689958096 0.014547056531719865 21.162260297685862 728.76027394086123
0.67206064611673355 0.41315890289843082 0.2696164689958096 0.018265318831987679 19.972285276278853 728.76027394086123
0.67206064611673355 0.41315890289843082 0.2696164689958096 0.018265318831987679 21.162260297685862 401.24229248613119
0.31423505716957145 0.29812774024903776 0.44394474700093267 0.014547056531719865 19.972285276278853 401.24229248613119
0.53991207741200919 0.27982014529407029 0.12425271049141884 0.015974664274789392 17.321793299168348 846.0614456795156
0.65642397268675268 0.27982014529407029 0.12425271049141884 0.015974664274789392 17.321793299168348 846.0614456795156
0.53991207741200919 0.39428816437721259 0.12425271049141884 0.015974664274789392 17.321793299168348 846.0614456795156
0.53991207741200919 0.27982014529407029 0.29101907387375836 0.015974664274789392 17.321793299168348 846.0614456795156
0.53991207741200919 0.27982014529407029 0.12425271049141884 0.0054753156749531625 17.321793299168348 846.0614456795156
0.53991207741200919 0.27982014529407029 0.12425271049141884 0.015974664274789392 28.892180008813739 846.0614456795156
0.53991207741200919 0.27982014529407029 0.12425271049141884 0.015974664274789392 17.321793299168348 469.08264569938183
0.65642397268675268 0.39428816437721259 0.29101907387375836 0.0054753156749531625 28.892180008813739 469.08264569938183
0.15079780905507503 0.4875129569321871 0.3239216975867748 0.0096141814723610889 27.131951620802283 269.41840648651123
0.21358208223246034 0.4875129569321871 0.3239216975867748 0.0096141814723610889 27.131951620802283 269.41840648651123
0.15079780905507503 0.20776819102466107 0.3239216975867748 0.0096141814723610889 27.131951620802283 269.41840648651123
0.15079780905507503 0.4875129569321871 0.46142154783010481 0.0096141814723610889 27.131951620802283 269.41840648651123
0.15079780905507503 0.4875129569321871 0.3239216975867748 0.015108769355341794 27.131951620802283 269.41840648651123
0.15079780905507503 0.4875129569321871 0.3239216975867748 0.0096141814723610889 18.94628632068634 269.41840648651123
0.15079780905507503 0.4875129569321871 0.3239216975867748 0.0096141814723610889 27.131951620802283 854.68214005231857
0.21358208223246034 0.20776819102466107 0.46142154783010481 0.015108769355341794 18.94628632068634 854.68214005231857
0.27974739754572508 0.16725849211215973 0.21605068035423758 0.010347716675885023 37.147508842870593 532.30301290750504
0.43592732329852873 0.16725849211215973 0.21605068035423758 0.010347716675885023 37.147508842870593 532.30301290750504
0.27974739754572508 0.17813752517104151 0.21605068035423758 0.010347716675885023 37.147508842870593 532.30301290750504
0.27974739754572508 0.16725849211215973 0.30750759951770307 0.010347716675885023 37.147508842870593 532.30301290750504
0.27974739754572508 0.16725849211215973 0.21605068035423758 0.010776808873377742 37.147508842870593 532.30301290750504
0.27974739754572508 0.16725849211215973 0.21605068035423758 0.010347716675885023 12.892941424623132 532.30301290750504
0.27974739754572508 0.16725849211215973 0.21605068035423758 0.010347716675885023 37.147508842870593 606.57137557864189
0.43592732329852873 0.17813752517104151 0.30750759951770307 0.010776808873377742 12.892941424623132 606.57137557864189
0.53049671319313341 0.35017102584242821 0.41650072373449809 0.0040238659687340259 10.395051885396242 658.7850927375257
0.19541674335487186 0.35017102584242821 0.41650072373449809 0.0040238659687340259 10.395051885396242 658.7850927375257
0.53049671319313341 0.41661750264465813 0.41650072373449809 0.0040238659687340259 10.395051885396242 658.7850927375257
0.53049671319313341 0.35017102584242821 0.1402455646544695 0.0040238659687340259 10.395051885396242 658.7850927375257
0.53049671319313341 0.35017102584242821 0.41650072373449809 0.0011445684466511012 10.395051885396242 658.7850927375257
0.53049671319313341 0.35017102584242821 0.41650072373449809 0.0040238659687340259 31.312941398471594 658.7850927375257
0.53049671319313341 0.35017102584242821 0.41650072373449809 0.0040238659687340259 10.395051885396242 262.69244886934757
0.19541674335487186 0.41661750264465813 0.1402455646544695 0.0011445684466511012 31.312941398471594 262.69244886934757
0.49721396085806185 0.15036210156977178 0.1548788618296385 0.018859009613655508 24.584297101944685 298.70239738374949
0.26751391938887537 0.15036210156977178 0.1548788618296385 0.018859009613655508 24.584297101944685 298.70239738374949
0.49721396085806185 0.19599715657532216 0.1548788618296385 0.018859009613655508 24.584297101944685 298.70239738374949
0.49721396085806185 0.15036210156977178 0.1715799789875746 0.018859009613655508 24.584297101944685 298.70239738374949
0.49721396085806185 0.15036210156977178 0.1548788618296385 0.012260806708224119 24.584297101944685 298.70239738374949
0.49721396085806185 0.15036210156977178 0.1548788618296385 0.018859009613655508 32.174603056162596 298.70239738374949
0.49721396085806185 0.15036210156977178 0.1548788618296385 0.018859009613655508 24.584297101944685 536.77795175462961
0.26751391938887537 0.19599715657532216 0.1715799789875746 0.012260806708224119 32.174603056162596 536.77795175462961
0.27188998395577069 0.36746195219457156 0.35599133037030695 0.0054195242438465361 19.402587881311774 875.23932503536344
0.68748007169924674 0.36746195219457156 0.35599133037030695 0.0054195242438465361 19.402587881311774 875.23932503536344
0.27188998395577069 0.4090865455567837 0.35599133037030695 0.0054195242438465361 19.402587881311774 875.23932503536344
0.27188998395577069 0.36746195219457156 0.37617471702396876 0.0054195242438465361 19.402587881311774 875.23932503536344
0.27188998395577069 0.36746195219457156 0.35599133037030695 0.0025995575807988645 19.402587881311774 875.23932503536344
0.27188998395577069 0.36746195219457156 0.35599133037030695 0.0054195242438465361 11.913462841883302 875.23932503536344
0.27188998395577069 0.36746195219457156 0.35599133037030695 0.0054195242438465361 19.402587881311774 783.52399822324514
0.68748007169924674 0.4090865455567837 0.37617471702396876 0.0025995575807988645 11.913462841883302 783.52399822324514
0.15835833488963544 0.28772758319973946 0.26073886007070546 0.014583537860028447 14.88042382709682 628.28789846971631
0.16301114750094708 0.28772758319973946 0.26073886007070546 0.014583537860028447 14.88042382709682 628.28789846971631
0.15835833488963544 0.37994417063891894 0.26073886007070546 0.014583537860028447 14.88042382709682 628.28789846971631
0.15835833488963544 0.28772758319973946 0.430085439234972 0.014583537860028447 14.88042382709682 628.28789846971631
0.15835833488963544 0.28772758319973946 0.26073886007070546 0.0069303851345553997 14.88042382709682 628.28789846971631
0.15835833488963544 0.28772758319973946 0.26073886007070546 0.014583537860028447 18.05494199693203 628.28789846971631
0.15835833488963544 0.28772758319973946 0.26073886007070546 0.014583537860028447 14.88042382709682 566.9405622407794
0.16301114750094708 0.37994417063891894 0.430085439234972 0.0069303851345553997 18.05494199693203 566.9405622407794
0.57285826914012428 0.47999833673238756 0.4595073848962784 0.0011074203949421645 33.136328209191561 501.69992838054895
0.38064474952407173 0.47999833673238756 0.4595073848962784 0.0011074203949421645 33.136328209191561 501.69992838054895
0.57285826914012428 0.21803351044654848 0.4595073848962784 0.0011074203949421645 33.136328209191561 501.69992838054895
0.57285826914012428 0.47999833673238756 0.22235670238733293 0.0011074203949421645 33.136328209191561 501.69992838054895
0.57285826914012428 0.47999833673238756 0.4595073848962784 0.016592837926745416 33.136328209191561 501.69992838054895
0.57285826914012428 0.47999833673238756 0.4595073848962784 0.0011074203949421645 29.900540171191096 501.69992838054895
0.57285826914012428 0.47999833673238756 0.4595073848962784 0.0011074203949421645 33.136328209191561 305.66508341580629
0.38064474952407173 0.21803351044654848 0.22235670238733293 0.016592837926745416 29.900540171191096 305.66508341580629
0.68445626199245446 0.2129677437245846 0.30799461752176283 0.0034380363125354053 35.380455043166876 172.68149321898818
0.062677429569885132 0.2129677437245846 0.30799461752176283 0.0034380363125354053 35.380455043166876 172.68149321898818
0.68445626199245446 0.31425513587892057 0.30799461752176283 0.0034380363125354053 35.380455043166876 172.68149321898818
0.68445626199245446 0.2129677437245846 0.46260731071233752 0.0034380363125354053 35.380455043166876 172.68149321898818
0.68445626199245446 0.2129677437245846 0.30799461752176283 0.0038137603223323824 35.380455043166876 172.68149321898818
0.68445626199245446 0.2129677437245846 0.30799461752176283 0.0034380363125354053 20.954724570736289 172.68149321898818
0.68445626199245446 0.2129677437245846 0.30799461752176283 0.0034380363125354053 35.380455043166876 127.52243503928185
0.062677429569885132 0.31425513587892057 0.46260731071233752 0.0038137603223323824 20.954724570736289 127.52243503928185
0.12776975757442416 0.40524307191371922 0.10912519097328187 0.01223628623839468 8.635437136515975 946.09341248869896
0.48232860113494092 0.40524307191371922 0.10912519097328187 0.01223628623839468 8.635437136515975 946.09341248869896
0.12776975757442416 0.27772899717092514 0.10912519097328187 0.01223628623839468 8.635437136515975 946.09341248869896
0.12776975757442416 0.40524307191371922 0.28299737349152565 0.01223628623839468 8.635437136515975 946.09341248869896
0.12776975757442416 0.40524307191371922 0.10912519097328187 0.01337242904994637 8.635437136515975 946.09341248869896
0.12776975757442416 0.40524307191371922 0.10912519097328187 0.01223628623839468 23.191877968609333 946.09341248869896
0.12776975757442416 0.40524307191371922 0.10912519097328187 0.01223628623839468 8.635437136515975 752.22560800611973
0.48232860113494092 0.27772899717092514 0.28299737349152565 0.01337242904994637 23.191877968609333 752.22560800611973
0.30247601391747592 0.12550489194691183 0.40135480575263505 0.0077104868259280923 19.08518454246223 755.40743544697762
0.36951265246607357 0.12550489194691183 0.40135480575263505 0.0077104868259280923 19.08518454246223 755.40743544697762
0.30247601391747592 0.1113628063350916 0.40135480575263505 0.0077104868259280923 19.08518454246223 755.40743544697762
0.30247601391747592 0.12550489194691183 0.13534583635628225 0.0077104868259280923 19.08518454246223 755.40743544697762
0.30247601391747592 0.12550489194691183 0.40135480575263505 0.017703185682743788 19.08518454246223 755.40743544697762
0.30247601391747592 0.12550489194691183 0.40135480575263505 0.0077104868259280923 36.716155039146543 755.40743544697762
0.30247601391747592 0.12550489194691183 0.40135480575263505 0.0077104868259280923 19.08518454246223 997.26364724338055
0.36951265246607357 0.1113628063350916 0.13534583635628225 0.017703185682743788 36.716155039146543 997.26364724338055
0.38561342065222554 0.3426093172281981 0.20014182291924953 0.016546577343158425 28.902553144842386 431.94447373971343
0.58683142871595917 0.3426093172281981 0.20014182291924953 0.016546577343158425 28.902553144842386 431.94447373971343
0.38561342065222554 0.49983671680092812 0.20014182291924953 0.016546577343158425 28.902553144842386 431.94447373971343
0.38561342065222554 0.3426093172281981 0.31807139031589032 0.016546577343158425 28.902553144842386 431.94447373971343
0.38561342065222554 0.3426093172281981 0.20014182291924953 0.0081457113998010758 28.902553144842386 431.94447373971343
0.38561342065222554 0.3426093172281981 0.20014182291924953 0.016546577343158425 11.063488993793726 431.94447373971343
0.38561342065222554 0.3426093172281981 0.20014182291924953 0.016546577343158425 28.902553144842386 329.96097356081009
0.58683142871595917 0.49983671680092812 0.31807139031589032 0.0081457113998010758 11.063488993793726 329.96097356081009
0.4196166787296533 0.25309332683682439 0.4323188938200474 0.011187961203046144 22.371586367487907 469.63563002645969
0.11649008956737816 0.25309332683682439 0.4323188938200474 0.011187961203046144 22.371586367487907 469.63563002645969
0.4196166787296533 0.34399773664772515 0.4323188938200474 0.011187961203046144 22.371586367487907 469.63563002645969
0.4196166787296533 0.25309332683682439 0.4802651911973953 0.011187961203046144 22.371586367487907 469.63563002645969
0.4196166787296533 0.25309332683682439 0.4323188938200474 0.015695854566991331 22.371586367487907 469.63563002645969
0.4196166787296533 0.25309332683682439 0.4323188938200474 0.011187961203046144 8.5550481472164392 469.63563002645969
0.4196166787296533 0.25309332683682439 0.4323188938200474 0.011187961203046144 22.371586367487907 448.17272927612066
0.11649008956737816 0.34399773664772515 0.4802651911973953 0.015695854566991331 8.5550481472164392 448.17272927612066
0.35170838399790222 0.4670740947127342 0.23187190219759943 0.0048655458800494671 25.626912342384458 596.17255432531238
0.50850633052177718 0.4670740947127342 0.23187190219759943 0.0048655458800494671 25.626912342384458 596.17255432531238
0.35170838399790222 0.25708024725317957 0.23187190219759943 0.0048655458800494671 25.626912342384458 596.17255432531238
0.35170838399790222 0.4670740947127342 0.27237226888537408 0.0048655458800494671 25.626912342384458 596.17255432531238
0.35170838399790222 0.4670740947127342 0.23187190219759943 0.0061312811071053148 25.626912342384458 596.17255432531238
0.35170838399790222 0.4670740947127342 0.23187190219759943 0.0048655458800494671 35.606660481542349 596.17255432531238
0.35170838399790222 0.4670740947127342 0.23187190219759943 0.0048655458800494671 25.626912342384458 878.17084286361933
0.50850633052177718 0.25708024725317957 0.27237226888537408 0.0061312811071053148 35.606660481542349 878.17084286361933
0.078221912775188682 0.19045919515192511 0.32724033780395989 0.015578844481147828 32.089937368407845 802.76593519374728
0.30144008672796185 0.19045919515192511 0.32724033780395989 0.015578844481147828 32.089937368407845 802.76593519374728
0.078221912775188682 0.12882518284022809 0.32724033780395989 0.015578844481147828 32.089937368407845 802.76593519374728
0.078221912775188682 0.19045919515192511 0.12158348597586155 0.015578844481147828 32.089937368407845 802.76593519374728
0.078221912775188682 0.19045919515192511 0.32724033780395989 0.00056175449863076214 32.089937368407845 802.76593519374728
0.078221912775188682 0.19045919515192511 0.32724033780395989 0.015578844481147828 26.660234762355685 802.76593519374728
0.078221912775188682 0.19045919515192511 0.32724033780395989 0.015578844481147828 32.089937368407845 648.07420987635851
0.30144008672796185 0.12882518284022809 0.12158348597586155 0.00056175449863076214 26.660234762355685 648.07420987635851
0.65013752919621759 0.37961085699498653 0.12757440246641638 0.0092169257044792188 11.907876722514629 226.17796845734119
0.57237455225549638 0.37961085699498653 0.12757440246641638 0.0092169257044792188 11.907876722514629 226.17796845734119
0.65013752919621759 0.46690764427185061 0.12757440246641638 0.0092169257044792188 11.907876722514629 226.17796845734119
0.65013752919621759 0.37961085699498653 0.32636651657521726 0.0092169257044792188 11.907876722514629 226.17796845734119
0.65013752919621759 0.37961085699498653 0.12757440246641638 0.010127522403188051 11.907876722514629 226.17796845734119
0.65013752919621759 0.37961085699498653 0.12757440246641638 0.0092169257044792188 21.134515136480331 226.17796845734119
0.65013752919621759 0.37961085699498653 0.12757440246641638 0.0092169257044792188 11.907876722514629 232.55059700459242
0.57237455225549638 0.46690764427185061 0.32636651657521726 0.010127522403188051 21.134515136480331 232.55059700459242
0.59923678119666868 0.11492459066212178 0.27918501980602739 0.0069252712465822696 11.575253635644913 342.76499534025788
0.24165109083987768 0.11492459066212178 0.27918501980602739 0.0069252712465822696 11.575253635644913 342.76499534025788
0.59923678119666868 0.16293463669717312 0.27918501980602739 0.0069252712465822696 11.575253635644913 342.76499534025788
0.59923678119666868 0.11492459066212178 0.18515995107591154 0.0069252712465822696 11.575253635644913 342.76499534025788
0.59923678119666868 0.11492459066212178 0.27918501980602739 0.0098729790778830668 11.575253635644913 342.76499534025788
0.59923678119666868 0.11492459066212178 0.27918501980602739 0.0069252712465822696 27.274932555854321 342.76499534025788
0.59923678119666868 0.11492459066212178 0.27918501980602739 0.0069252712465822696 11.575253635644913 187.45151050388813
0.24165109083987768 0.16293463669717312 0.18515995107591154 0.0098729790778830668 27.274932555854321 187.45151050388813
0.21013211505487561 0.30406862013041974 0.47875615693628792 0.017887701125629245 36.394116284325719 666.17692466825247
0.63335250602103765 0.30406862013041974 0.47875615693628792 0.017887701125629245 36.394116284325719 666.17692466825247
0.21013211505487561 0.42641382664442062 0.47875615693628792 0.017887701125629245 36.394116284325719 666.17692466825247
0.21013211505487561 0.30406862013041974 0.3680619690567255 0.017887701125629245 36.394116284325719 666.17692466825247
0.21013211505487561 0.30406862013041974 0.47875615693628792 0.019528331512957811 36.394116284325719 666.17692466825247
0.21013211505487561 0.30406862013041974 0.47875615693628792 0.017887701125629245 16.828239655122161 666.17692466825247
0.21013211505487561 0.30406862013041974 0.47875615693628792 0.017887701125629245 36.394116284325719 686.03175058960915
0.63335250602103765 0.42641382664442062 0.3680619690567255 0.019528331512957811 16.828239655122161 686.03175058960915
0.21979567310772835 0.2274605892598629 0.18660588935017586 0.0025362007126212122 27.885343397036195 928.97739019244909
0.17778292964212594 0.2274605892598629 0.18660588935017586 0.0025362007126212122 27.885343397036195 928.97739019244909
0.21979567310772835 0.35955250002443795 0.18660588935017586 0.0025362007126212122 27.885343397036195 928.97739019244909
0.21979567310772835 0.2274605892598629 0.41258545145392422 0.0025362007126212122 27.885343397036195 928.97739019244909
0.21979567310772835 0.2274605892598629 0.18660588935017586 0.013958875825442375 27.885343397036195 928.97739019244909
0.21979567310772835 0.2274605892598629 0.18660588935017586 0.0025362007126212122 15.499015349894762 928.97739019244909
0.21979567310772835 0.2274605892598629 0.18660588935017586 0.0025362007126212122 27.885343397036195 887.67378032207489
0.17778292964212594 0.35955250002443795 0.41258545145392422 0.013958875825442375 15.499015349894762 887.67378032207489
0.47051491811871521 0.44143372476100928 0.38695847019553187 0.013539342541433873 16.14159233123064 155.5144184269011
0.44840241442434481 0.44143372476100928 0.38695847019553187 0.013539342541433873 16.14159233123064 155.5144184269011
0.47051491811871521 0.24803173914551735 0.38695847019553187 0.013539342541433873 16.14159233123064 155.5144184269011
0.47051491811871521 0.44143372476100928 0.23282391428947449 0.013539342541433873 16.14159233123064 155.5144184269011
0.47051491811871521 0.44143372476100928 0.38695847019553187 0.0043047270551323895 16.14159233123064 155.5144184269011
0.47051491811871521 0.44143372476100928 0.38695847019553187 0.013539342541433873 32.471573354676366 155.5144184269011
0.47051491811871521 0.44143372476100928 0.38695847019553187 0.013539342541433873 16.14159233123064 431.74797259271145
0.44840241442434481 0.24803173914551735 0.23282391428947449 0.0043047270551323895 32.471573354676366 431.74797259271145
