0.4655852993484586 0.15563008449971677 0.37525172457098965 0.0068016952924430376 13.25435914285481 803.74303460121155
0.69911574264988297 0.15563008449971677 0.37525172457098965 0.0068016952924430376 13.25435914285481 803.74303460121155
0.4655852993484586 0.38490090779960162 0.37525172457098965 0.0068016952924430376 13.25435914285481 803.74303460121155
0.4655852993484586 0.15563008449971677 0.30443038605153561 0.0068016952924430376 13.25435914285481 803.74303460121155
0.4655852993484586 0.15563008449971677 0.37525172457098965 0.0035740681888535623 13.25435914285481 803.74303460121155
0.4655852993484586 0.15563008449971677 0.37525172457098965 0.0068016952924430376 21.527188804000616 803.74303460121155
0.4655852993484586 0.15563008449971677 0.37525172457098965 0.0068016952924430376 13.25435914285481 941.36131014674902
0.69911574264988297 0.38490090779960162 0.30443038605153561 0.0035740681888535623 21.527188804000616 941.36131014674902
0.22500617876648898 0.36336541511118414 0.17639147713780404 0.01807411887664348 30.514628544449806 255.27996560558677
0.25595879396423693 0.36336541511118414 0.17639147713780404 0.01807411887664348 30.514628544449806 255.27996560558677
0.22500617876648898 0.22338094413280488 0.17639147713780404 0.01807411887664348 30.514628544449806 255.27996560558677
0.22500617876648898 0.36336541511118414 0.14976809062063695 0.01807411887664348 30.514628544449806 255.27996560558677
0.22500617876648898 0.36336541511118414 0.17639147713780404 0.01376705563440919 30.514628544449806 255.27996560558677
0.22500617876648898 0.36336541511118414 0.17639147713780404 0.01807411887664348 26.31133128143847 255.27996560558677
0.22500617876648898 0.36336541511118414 0.17639147713780404 0.01807411887664348 30.514628544449806 384.81446299701929
0.25595879396423693 0.22338094413280488 0.14976809062063695 0.01376705563440919 26.31133128143847 384.81446299701929
0.1950660028029233 0.29299595206975937 0.48423500396311281 0.0024905727565288547 26.268493972718716 461.84588065370917
0.3916461585089564 0.29299595206975937 0.48423500396311281 0.0024905727565288547 26.268493972718716 461.84588065370917
0.1950660028029233 0.1875735092908144 0.48423500396311281 0.0024905727565288547 26.268493972718716 461.84588065370917
0.1950660028029233 0.29299595206975937 0.29430706426501274 0.0024905727565288547 26.268493972718716 461.84588065370917
0.1950660028029233 0.29299595206975937 0.48423500396311281 0.018098803722299637 26.268493972718716 461.84588065370917
0.1950660028029233 0.29299595206975937 0.48423500396311281 0.0024905727565288547 35.294606864452362 461.84588065370917
0.1950660028029233 0.29299595206975937 0.48423500396311281 0.0024905727565288547 26.268493972718716 183.47797710448503
0.3916461585089564 0.1875735092908144 0.29430706426501274 0.018098803722299637 35.294606864452362 183.47797710448503
0.61466297106817358 0.47590217664837842 0.28303120024502282 0.01380249979440123 21.966148206964135 560.25790721178055
0.15209036152809857 0.47590217664837842 0.28303120024502282 0.01380249979440123 21.966148206964135 560.25790721178055
0.61466297106817358 0.40105349943041801 0.28303120024502282 0.01380249979440123 21.966148206964135 560.25790721178055
0.61466297106817358 0.47590217664837842 0.45207886993885038 0.01380249979440123 21.966148206964135 560.25790721178055
0.61466297106817358 0.47590217664837842 0.28303120024502282 0.0079046123906970026 21.966148206964135 560.25790721178055
0.61466297106817358 0.47590217664837842 0.28303120024502282 0.01380249979440123 8.9113294910639524 560.25790721178055
0.61466297106817358 0.47590217664837842 0.28303120024502282 0.01380249979440123 21.966148206964135 697.42535036057234
0.15209036152809857 0.40105349943041801 0.45207886993885038 0.0079046123906970026 8.9113294910639524 697.42535036057234
0.64524997929111116 0.21863784492015839 0.13464171327650548 0.011161074377782644 16.550635548308492 901.62521423771977
0.49419878358021374 0.21863784492015839 0.13464171327650548 0.011161074377782644 16.550635548308492 901.62521423771977
0.64524997929111116 0.10347616709768773 0.13464171327650548 0.011161074377782644 16.550635548308492 901.62521423771977
0.64524997929111116 0.21863784492015839 0.21101004481315613 0.011161074377782644 16.550635548308492 901.62521423771977
0.64524997929111116 0.21863784492015839 0.13464171327650548 0.01248525131493807 16.550635548308492 901.62521423771977
0.64524997929111116 0.21863784492015839 0.13464171327650548 0.011161074377782644 32.803764885291457 901.62521423771977
0.64524997929111116 0.21863784492015839 0.13464171327650548 0.011161074377782644 16.550635548308492 622.88247533142567
0.49419878358021374 0.10347616709768773 0.21101004481315613 0.01248525131493807 32.803764885291457 622.88247533142567
0.083464581193402415 0.40152728781104086 0.33575110621750359 0.0051486338771879678 27.247366487979889 100.03713686019182
0.05072669917717576 0.40152728781104086 0.33575110621750359 0.0051486338771879678 27.247366487979889 100.03713686019182
0.083464581193402415 0.49155942872166636 0.33575110621750359 0.0051486338771879678 27.247366487979889 100.03713686019182
0.083464581193402415 0.40152728781104086 0.44065084680914879 0.0051486338771879678 27.247366487979889 100.03713686019182
0.083464581193402415 0.40152728781104086 0.33575110621750359 0.002220821126736701 27.247366487979889 100.03713686019182
0.083464581193402415 0.40152728781104086 0.33575110621750359 0.0051486338771879678 15.093291841447353 100.03713686019182
0.083464581193402415 0.40152728781104086 0.33575110621750359 0.0051486338771879678 27.247366487979889 250.87844803929329
0.05072669917717576 0.49155942872166636 0.44065084680914879 0.002220821126736701 15.093291841447353 250.87844803929329
0.33660514988005158 0.13117384426295758 0.23112556859850886 0.015475218153931202 37.973144270479679 362.86506820470095
0.59806696176528928 0.13117384426295758 0.23112556859850886 0.015475218153931202 37.973144270479679 362.86506820470095
0.33660514988005158 0.31935825608670709 0.23112556859850886 0.015475218153931202 37.973144270479679 362.86506820470095
0.33660514988005158 0.13117384426295758 0.38987717367708685 0.015475218153931202 37.973144270479679 362.86506820470095
0.33660514988005158 0.13117384426295758 0.23112556859850886 0.0065524888522922996 37.973144270479679 362.86506820470095
0.33660514988005158 0.13117384426295758 0.23112556859850886 0.015475218153931202 16.459366234019399 362.86506820470095
0.33660514988005158 0.13117384426295758 0.23112556859850886 0.015475218153931202 37.973144270479679 480.88923692703247
0.59806696176528928 0.31935825608670709 0.38987717367708685 0.0065524888522922996 16.459366234019399 480.88923692703247
0.43499584062956265 0.3388923931866884 0.42989101782441141 0.0094220657035708442 10.23249071277678 714.40210314467549
0.35819649398326869 0.3388923931866884 0.42989101782441141 0.0094220657035708442 10.23249071277678 714.40210314467549
0.43499584062956265 0.28244156390428543 0.42989101782441141 0.0094220657035708442 10.23249071277678 714.40210314467549
0.43499584062956265 0.3388923931866884 0.15709627233445644 0.0094220657035708442 10.23249071277678 714.40210314467549
0.43499584062956265 0.3388923931866884 0.42989101782441141 0.016815724817104638 10.23249071277678 714.40210314467549
0.43499584062956265 0.3388923931866884 0.42989101782441141 0.0094220657035708442 27.570731986314058 714.40210314467549
0.43499584062956265 0.3388923931866884 0.42989101782441141 0.0094220657035708442 10.23249071277678 838.36385868489742
0.35819649398326869 0.28244156390428543 0.15709627233445644 0.016815724817104638 27.570731986314058 838.36385868489742
0.38036958994343872 0.25368621200323105 0.21187298260629178 0.0034836592528969053 33.774648329243064 639.81471937149763
0.49723019357770676 0.25368621200323105 0.21187298260629178 0.0034836592528969053 33.774648329243064 639.81471937149763
0.38036958994343872 0.13602639250457288 0.21187298260629178 0.0034836592528969053 33.774648329243064 639.81471937149763
0.38036958994343872 0.25368621200323105 0.24416999965906144 0.0034836592528969053 33.774648329243064 639.81471937149763
0.38036958994343872 0.25368621200323105 0.21187298260629178 0.0094976883202791233 33.774648329243064 639.81471937149763
0.38036958994343872 0.25368621200323105 0.21187298260629178 0.0034836592528969053 29.749333376064897 639.81471937149763
0.38036958994343872 0.25368621200323105 0.21187298260629178 0.0034836592528969053 33.774648329243064 945.15197221189737
0.49723019357770676 0.13602639250457288 0.24416999965906144 0.0094976883202791233 29.749333376064897 945.15197221189737
0.30736488108523186 0.46452841833233838 0.41144714765250689 0.011973134001158179 14.471037399023771 541.35164031758904
0.12768567856401203 0.46452841833233838 0.41144714765250689 0.011973134001158179 14.471037399023771 541.35164031758904
0.30736488108523186 0.47449955046176917 0.41144714765250689 0.011973134001158179 14.471037399023771 541.35164031758904
0.30736488108523186 0.46452841833233838 0.40202061608433726 0.011973134001158179 14.471037399023771 541.35164031758904
0.30736488108523186 0.46452841833233838 0.41144714765250689 0.019748687819577754 14.471037399023771 541.35164031758904
0.30736488108523186 0.46452841833233838 0.41144714765250689 0.011973134001158179 18.16191391274333 541.35164031758904
0.30736488108523186 0.46452841833233838 0.41144714765250689 0.011973134001158179 14.471037399023771 374.9821787700057
0.12768567856401203 0.47449955046176917 0.40202061608433726 0.019748687819577754 18.16191391274333 374.9821787700057
0.11238927841186523 0.19105169437825681 0.10367075800895692 0.0078340577643364676 20.74592312052846 294.42767957225442
0.56046314602717751 0.19105169437825681 0.10367075800895692 0.0078340577643364676 20.74592312052846 294.42767957225442
0.11238927841186523 0.33957942612469194 0.10367075800895692 0.0078340577643364676 20.74592312052846 294.42767957225442
0.11238927841186523 0.19105169437825681 0.35435970313847065 0.0078340577643364676 20.74592312052846 294.42767957225442
0.11238927841186523 0.19105169437825681 0.10367075800895692 0.014180638786405327 20.74592312052846 294.42767957225442
0.11238927841186523 0.19105169437825681 0.10367075800895692 0.0078340577643364676 11.998690871521831 294.42767957225442
0.11238927841186523 0.19105169437825681 0.10367075800895692 0.0078340577643364676 20.74592312052846 130.02998363226652
0.56046314602717751 0.33957942612469194 0.35435970313847065 0.014180638786405327 11.998690871521831 130.02998363226652
0.69956065840087822 0.37706480361521244 0.30402636677026751 0.016360164607875049 23.004696799442172 842.8397161886096
0.31327086752280586 0.37706480361521244 0.30402636677026751 0.016360164607875049 23.004696799442172 842.8397161886096
0.69956065840087822 0.25305253788828852 0.30402636677026751 0.016360164607875049 23.004696799442172 842.8397161886096
0.69956065840087822 0.37706480361521244 0.19964346699416638 0.016360164607875049 23.004696799442172 842.8397161886096
0.69956065840087822 0.37706480361521244 0.30402636677026751 0.0039284450637176631 23.004696799442172 842.8397161886096
0.69956065840087822 0.37706480361521244 0.30402636677026751 0.016360164607875049 32.045597687363625 842.8397161886096
0.69956065840087822 0.37706480361521244 0.30402636677026751 0.016360164607875049 23.004696799442172 742.85418260842562
0.31327086752280586 0.25305253788828852 0.19964346699416638 0.0039284450637176631 32.045597687363625 742.85418260842562
0.56764644621871407 0.11589364521205425 0.45251331627368929 0.018962630925141274 30.47843406163156 738.60154775902629
0.62247166410088539 0.11589364521205425 0.45251331627368929 0.018962630925141274 30.47843406163156 738.60154775902629
0.56764644621871407 0.35528076328337199 0.45251331627368929 0.018962630925141274 30.47843406163156 738.60154775902629
0.56764644621871407 0.11589364521205425 0.3400080930441618 0.018962630925141274 30.47843406163156 738.60154775902629
0.56764644621871407 0.11589364521205425 0.45251331627368929 0.016093927069194616 30.47843406163156 738.60154775902629
0.56764644621871407 0.11589364521205425 0.45251331627368929 0.018962630925141274 10.972764112055302 738.60154775902629
0.56764644621871407 0.11589364521205425 0.45251331627368929 0.018962630925141274 30.47843406163156 590.63883945345879
0.62247166410088539 0.35528076328337199 0.3400080930441618 0.016093927069194616 10.972764112055302 590.63883945345879
0.16328911595046519 0.30192659385502341 0.25205719321966169 0.0052143892604857682 17.738130029290915 387.01347373425961
0.2526124782860279 0.30192659385502341 0.25205719321966169 0.0052143892604857682 17.738130029290915 387.01347373425961
0.16328911595046519 0.24336935356259348 0.25205719321966169 0.0052143892604857682 17.738130029290915 387.01347373425961
0.16328911595046519 0.30192659385502341 0.107160659506917 0.0052143892604857682 17.738130029290915 387.01347373425961
0.16328911595046519 0.30192659385502341 0.25205719321966169 0.005887500452250242 17.738130029290915 387.01347373425961
0.16328911595046519 0.30192659385502341 0.25205719321966169 0.0052143892604857682 36.879946758970618 387.01347373425961
0.16328911595046519 0.30192659385502341 0.25205719321966169 0.0052143892604857682 17.738130029290915 289.38686586916447
0.2526124782860279 0.24336935356259348 0.107160659506917 0.005887500452250242 36.879946758970618 289.38686586916447
0.25646263179369266 0.22843079268932343 0.35681090615689759 0.01461041966956109 9.0412187315523624 196.30003087222576
0.43688669065013519 0.22843079268932343 0.35681090615689759 0.01461041966956109 9.0412187315523624 196.30003087222576
0.25646263179369266 0.17067304514348508 0.35681090615689759 0.01461041966956109 9.0412187315523624 196.30003087222576
0.25646263179369266 0.22843079268932343 0.2610623873770237 0.01461041966956109 9.0412187315523624 196.30003087222576
0.25646263179369266 0.22843079268932343 0.35681090615689759 0.0003195317814126611 9.0412187315523624 196.30003087222576
0.25646263179369266 0.22843079268932343 0.35681090615689759 0.01461041966956109 23.333926025778055 196.30003087222576
0.25646263179369266 0.22843079268932343 0.35681090615689759 0.01461041966956109 9.0412187315523624 505.66475801169872
0.43688669065013519 0.17067304514348508 0.2610623873770237 0.0003195317814126611 23.333926025778055 505.66475801169872
0.51228139037266374 0.43929283842444422 0.15713583938777448 0.00082433741353452213 34.738529978320003 997.83706245943904
0.18937927642837166 0.43929283842444422 0.15713583938777448 0.00082433741353452213 34.738529978320003 997.83706245943904
0.51228139037266374 0.43376168161630635 0.15713583938777448 0.00082433741353452213 34.738529978320003 997.83706245943904
0.51228139037266374 0.43929283842444422 0.49079382270574567 0.00082433741353452213 34.738529978320003 997.83706245943904
0.51228139037266374 0.43929283842444422 0.15713583938777448 0.01052475451231003 34.738529978320003 997.83706245943904
0.51228139037266374 0.43929283842444422 0.15713583938777448 0.00082433741353452213 20.886201338842511 997.83706245943904
0.51228139037266374 0.43929283842444422 0.15713583938777448 0.00082433741353452213 34.738529978320003 821.39120548963547
0.18937927642837166 0.43376168161630635 0.49079382270574567 0.01052475451231003 20.886201338842511 821.39120548963547
0.52494967961683869 0.2390803311020136 0.42031865157186987 0.015697014805115761 22.750899588689208 413.19381352514029
0.2786301154643297 0.2390803311020136 0.42031865157186987 0.015697014805115761 22.750899588689208 413.19381352514029
0.52494967961683869 0.15357178598642351 0.42031865157186987 0.015697014805115761 22.750899588689208 413.19381352514029
0.52494967961683869 0.2390803311020136 0.42200823500752449 0.015697014805115761 22.750899588689208 413.19381352514029
0.52494967961683869 0.2390803311020136 0.42031865157186987 0.0016488420424982907 22.750899588689208 413.19381352514029
0.52494967961683869 0.2390803311020136 0.42031865157186987 0.015697014805115761 19.874179067090154 413.19381352514029
0.52494967961683869 0.2390803311020136 0.42031865157186987 0.015697014805115761 22.750899588689208 659.99798011034727
0.2786301154643297 0.15357178598642351 0.42200823500752449 0.0016488420424982907 19.874179067090154 659.99798011034727
0.28438017335720356 0.42825505994260316 0.2215562541037798 0.0096452977389097222 25.002463098615408 764.67577600851655
0.67128569371998303 0.42825505994260316 0.2215562541037798 0.0096452977389097222 25.002463098615408 764.67577600851655
0.28438017335720356 0.44205099008977411 0.2215562541037798 0.0096452977389097222 25.002463098615408 764.67577600851655
0.28438017335720356 0.42825505994260316 0.22984644323587419 0.0096452977389097222 25.002463098615408 764.67577600851655
0.28438017335720356 0.42825505994260316 0.2215562541037798 0.01182505622021854 25.002463098615408 764.67577600851655
0.28438017335720356 0.42825505994260316 0.2215562541037798 0.0096452977389097222 24.228932458907366 764.67577600851655
0.28438017335720356 0.42825505994260316 0.2215562541037798 0.0096452977389097222 25.002463098615408 216.34945441037416
0.67128569371998303 0.44205099008977411 0.22984644323587419 0.01182505622021854 24.228932458907366 216.34945441037416
0.13507460914552211 0.10173916295170785 0.31367903277277948 0.010146806708164514 31.780658636242151 971.32239872589707
0.13921451019123196 0.10173916295170785 0.31367903277277948 0.010146806708164514 31.780658636242151 971.32239872589707
0.13507460914552211 0.36886640861630438 0.31367903277277948 0.010146806708164514 31.780658636242151 971.32239872589707
0.13507460914552211 0.10173916295170785 0.17594793848693371 0.010146806708164514 31.780658636242151 971.32239872589707
0.13507460914552211 0.10173916295170785 0.31367903277277948 0.017394308955036103 31.780658636242151 971.32239872589707
0.13507460914552211 0.10173916295170785 0.31367903277277948 0.010146806708164514 37.863087451085448 971.32239872589707
0.13507460914552211 0.10173916295170785 0.31367903277277948 0.010146806708164514 31.780658636242151 464.38126806169748
0.13921451019123196 0.36886640861630438 0.17594793848693371 0.017394308955036103 37.863087451085448 464.38126806169748
0.55464151888154445 0.31569416970014574 0.11257269158959389 0.0041329302333295345 12.4696085434407 169.67947687953711
0.40951955663040274 0.31569416970014574 0.11257269158959389 0.0041329302333295345 12.4696085434407 169.67947687953711
0.55464151888154445 0.23234565891325476 0.11257269158959389 0.0041329302333295345 12.4696085434407 169.67947687953711
0.55464151888154445 0.31569416970014574 0.37121929414570332 0.0041329302333295345 12.4696085434407 169.67947687953711
0.55464151888154445 0.31569416970014574 0.11257269158959389 0.0072168815974146131 12.4696085434407 169.67947687953711
0.55464151888154445 0.31569416970014574 0.11257269158959389 0.0041329302333295345 10.1074403449893 169.67947687953711
0.55464151888154445 0.31569416970014574 0.11257269158959389 0.0041329302333295345 12.4696085434407 866.25426765531301
0.40951955663040274 0.23234565891325476 0.37121929414570332 0.0072168815974146131 10.1074403449893 866.25426765531301
0.66648130691610274 0.17727725133299829 0.2672092162072659 0.0014953389003872874 11.046251973137259 512.20036847516894
0.078876588679850104 0.17727725133299829 0.2672092162072659 0.0014953389003872874 11.046251973137259 512.20036847516894
0.66648130691610274 0.33461038395762444 0.2672092162072659 0.0014953389003872874 11.046251973137259 512.20036847516894
0.66648130691610274 0.17727725133299829 0.11843207664787769 0.0014953389003872874 11.046251973137259 512.20036847516894
0.66648130691610274 0.17727725133299829 0.2672092162072659 0.01318971687294543 11.046251973137259 512.20036847516894
0.66648130691610274 0.17727725133299829 0.2672092162072659 0.0014953389003872874 31.15446749329567 512.20036847516894
0.66648130691610274 0.17727725133299829 0.2672092162072659 0.0014953389003872874 11.046251973137259 903.77192609012127
0.078876588679850104 0.33461038395762444 0.11843207664787769 0.01318971687294543 31.15446749329567 903.77192609012127
0.10472534745931625 0.39122767746448517 0.46841607168316846 0.01280582996401936 36.736125063151121 610.55733598768711
0.47120757792145007 0.39122767746448517 0.46841607168316846 0.01280582996401936 36.736125063151121 610.55733598768711
0.10472534745931625 0.27269290573894978 0.46841607168316846 0.01280582996401936 36.736125063151121 610.55733598768711
0.10472534745931625 0.39122767746448517 0.3355726134032011 0.01280582996401936 36.736125063151121 610.55733598768711
0.10472534745931625 0.39122767746448517 0.46841607168316846 0.0029085050081834201 36.736125063151121 610.55733598768711
0.10472534745931625 0.39122767746448517 0.46841607168316846 0.01280582996401936 13.007294667884707 610.55733598768711
0.10472534745931625 0.39122767746448517 0.46841607168316846 0.01280582996401936 36.736125063151121 419.72120553255081
0.47120757792145007 0.27269290573894978 0.3355726134032011 0.0029085050081834201 13.007294667884707 419.72120553255081
0.31473192428238683 0.26471559889614582 0.17306902147829534 0.0070425257571041589 28.484386701136827 873.41447658836842
0.3406429800204932 0.26471559889614582 0.17306902147829534 0.0070425257571041589 28.484386701136827 873.41447658836842
0.31473192428238683 0.1382610708475113 0.17306902147829534 0.0070425257571041589 28.484386701136827 873.41447658836842
0.31473192428238683 0.26471559889614582 0.48323637098073957 0.0070425257571041589 28.484386701136827 873.41447658836842
0.31473192428238683 0.26471559889614582 0.17306902147829534 0.008477686969563367 28.484386701136827 873.41447658836842
0.31473192428238683 0.26471559889614582 0.17306902147829534 0.0070425257571041589 19.024247463792562 873.41447658836842
0.31473192428238683 0.26471559889614582 0.17306902147829534 0.0070425257571041589 28.484386701136827 199.48481544852257
0.3406429800204932 0.1382610708475113 0.48323637098073957 0.008477686969563367 19.024247463792562 199.48481544852257
0.41311238082125779 0.45388574711978436 0.37193232066929338 0.01831638472545892 15.736873282119632 324.89654971286654
0.61062297252938147 0.45388574711978436 0.37193232066929338 0.01831638472545892 15.736873282119632 324.89654971286654
0.41311238082125779 0.451343546435237 0.37193232066929338 0.01831638472545892 15.736873282119632 324.89654971286654
0.41311238082125779 0.45388574711978436 0.26295577660202984 0.01831638472545892 15.736873282119632 324.89654971286654
0.41311238082125779 0.45388574711978436 0.37193232066929338 0.018757676139287652 15.736873282119632 324.89654971286654
0.41311238082125779 0.45388574711978436 0.37193232066929338 0.01831638472545892 28.770556190982461 324.89654971286654
0.41311238082125779 0.45388574711978436 0.37193232066929338 0.01831638472545892 15.736873282119632 669.93994154036045
0.61062297252938147 0.451343546435237 0.26295577660202984 0.018757676139287652 28.770556190982461 669.93994154036045
0.44290780439041549 0.13869304135441782 0.1917082041501999 0.014388925437442961 24.285433443263173 130.63862547278404
0.10473476322367786 0.13869304135441782 0.1917082041501999 0.014388925437442961 24.285433443263173 130.63862547278404
0.44290780439041549 0.30479454547166829 0.1917082041501999 0.014388925437442961 24.285433443263173 130.63862547278404
0.44290780439041549 0.13869304135441782 0.12581089772284032 0.014388925437442961 24.285433443263173 130.63862547278404
0.44290780439041549 0.13869304135441782 0.1917082041501999 0.0052328560013324022 24.285433443263173 130.63862547278404
0.44290780439041549 0.13869304135441782 0.1917082041501999 0.014388925437442961 28.583441350609064 130.63862547278404
0.44290780439041549 0.13869304135441782 0.1917082041501999 0.014388925437442961 24.285433443263173 551.72818917781115
0.10473476322367786 0.30479454547166829 0.12581089772284032 0.0052328560013324022 28.583441350609064 551.72818917781115
0.36991269774734969 0.33098648041486745 0.39138021916151045 0.00060140720717608931 19.975877285003662 932.12059801444411
0.52533978791907421 0.33098648041486745 0.39138021916151045 0.00060140720717608931 19.975877285003662 932.12059801444411
0.36991269774734969 0.29326839707791807 0.39138021916151045 0.00060140720717608931 19.975877285003662 932.12059801444411
0.36991269774734969 0.33098648041486745 0.32116101644933226 0.00060140720717608931 19.975877285003662 932.12059801444411
0.36991269774734969 0.33098648041486745 0.39138021916151045 0.015505745699070397 19.975877285003662 932.12059801444411
0.36991269774734969 0.33098648041486745 0.39138021916151045 0.00060140720717608931 15.563214944675565 932.12059801444411
0.36991269774734969 0.33098648041486745 0.39138021916151045 0.00060140720717608931 19.975877285003662 318.57762318104506
0.52533978791907421 0.29326839707791807 0.32116101644933226 0.015505745699070397 15.563214944675565 318.57762318104506
0.050493593933060771 0.20135149694979193 0.29912926815450191 0.019977201013825833 15.241082228720188 685.22584652528167
0.32586592398583886 0.20135149694979193 0.29912926815450191 0.019977201013825833 15.241082228720188 685.22584652528167
0.050493593933060771 0.1207742877304554 0.29912926815450191 0.019977201013825833 15.241082228720188 685.22584652528167
0.050493593933060771 0.20135149694979193 0.47193757593631747 0.019977201013825833 15.241082228720188 685.22584652528167
0.050493593933060771 0.20135149694979193 0.29912926815450191 0.011175210901722313 15.241082228720188 685.22584652528167
0.050493593933060771 0.20135149694979193 0.29912926815450191 0.019977201013825833 14.109464950859547 685.22584652528167
0.050493593933060771 0.20135149694979193 0.29912926815450191 0.019977201013825833 15.241082228720188 523.8726070150733
0.32586592398583886 0.1207742877304554 0.47193757593631747 0.011175210901722313 14.109464950859547 523.8726070150733
0.63763490328565231 0.41842520497739322 0.49958233945071695 0.0062303947333246469 32.493912691250443 333.58291462063789
0.54287057183682919 0.41842520497739322 0.49958233945071695 0.0062303947333246469 32.493912691250443 333.58291462063789
0.63763490328565231 0.48424818553030491 0.49958233945071695 0.0062303947333246469 32.493912691250443 333.58291462063789
0.63763490328565231 0.41842520497739322 0.27972179576754574 0.0062303947333246469 32.493912691250443 333.58291462063789
0.63763490328565231 0.41842520497739322 0.49958233945071695 0.00090109850894659756 32.493912691250443 333.58291462063789
0.63763490328565231 0.41842520497739322 0.49958233945071695 0.0062303947333246469 33.670232614502311 333.58291462063789
0.63763490328565231 0.41842520497739322 0.49958233945071695 0.0062303947333246469 32.493912691250443 798.74376747757196
0.54287057183682919 0.48424818553030491 0.27972179576754574 0.00090109850894659756 33.670232614502311 798.74376747757196
0.58697347091510887 0.27610185034573076 0.34484835229814054 0.0088289897914975886 35.990140514448285 228.74053167179227
0.22482272936031222 0.27610185034573076 0.34484835229814054 0.0088289897914975886 35.990140514448285 228.74053167179227
0.58697347091510887 0.18670756742358208 0.34484835229814054 0.0088289897914975886 35.990140514448285 228.74053167179227
0.58697347091510887 0.27610185034573076 0.43336731418967245 0.0088289897914975886 35.990140514448285 228.74053167179227
0.58697347091510887 0.27610185034573076 0.34484835229814054 0.019099403045885265 35.990140514448285 228.74053167179227
0.58697347091510887 0.27610185034573076 0.34484835229814054 0.0088289897914975886 9.8031458836048841 228.74053167179227
0.58697347091510887 0.27610185034573076 0.34484835229814054 0.0088289897914975886 35.990140514448285 984.46783721446991
0.22482272936031222 0.18670756742358208 0.43336731418967245 0.019099403045885265 9.8031458836048841 984.46783721446991
0.18264559139497577 0.49318318478763101 0.14448969177901747 0.01735653201919049 8.2420485764741898 777.09749583154917
0.64510270012542603 0.49318318478763101 0.14448969177901747 0.01735653201919049 8.2420485764741898 777.09749583154917
0.18264559139497577 0.42479694373905663 0.14448969177901747 0.01735653201919049 8.2420485764741898 777.09749583154917
0.18264559139497577 0.49318318478763101 0.21302013993263247 0.01735653201919049 8.2420485764741898 777.09749583154917
0.18264559139497577 0.49318318478763101 0.14448969177901747 0.0089148750361055153 8.2420485764741898 777.09749583154917
0.18264559139497577 0.49318318478763101 0.14448969177901747 0.01735653201919049 34.284859105944633 777.09749583154917
0.18264559139497577 0.49318318478763101 0.14448969177901747 0.01735653201919049 8.2420485764741898 345.29007636010647
0.64510270012542603 0.42479694373905663 0.21302013993263247 0.0089148750361055153 34.284859105944633 345.29007636010647
0.23776322826743124 0.16354133710265162 0.43976960182189939 0.0032425269592553383 18.53730096668005 586.46476063877344
0.20729172993451356 0.16354133710265162 0.43976960182189939 0.0032425269592553383 18.53730096668005 586.46476063877344
0.23776322826743124 0.38928250968456268 0.43976960182189939 0.0032425269592553383 18.53730096668005 586.46476063877344
0.23776322826743124 0.16354133710265162 0.16848444305360316 0.0032425269592553383 18.53730096668005 586.46476063877344
0.23776322826743124 0.16354133710265162 0.43976960182189939 0.0045844110121950506 18.53730096668005 586.46476063877344
0.23776322826743124 0.16354133710265162 0.43976960182189939 0.0032425269592553383 25.448310637846589 586.46476063877344
0.23776322826743124 0.16354133710265162 0.43976960182189939 0.0032425269592553383 18.53730096668005 112.19966895878315
0.20729172993451356 0.38928250968456268 0.16848444305360316 0.0045844110121950506 25.448310637846589 112.19966895878315
0.4935717647429555 0.35584240257740019 0.24019238501787188 0.01173056573327631 29.226822743192315 487.94683711603284
0.42397178877145048 0.35584240257740019 0.24019238501787188 0.01173056573327631 29.226822743192315 487.94683711603284
0.4935717647429555 0.2023718398064375 0.24019238501787188 0.01173056573327631 29.226822743192315 487.94683711603284
0.4935717647429555 0.35584240257740019 0.38571556545794017 0.01173056573327631 29.226822743192315 487.94683711603284
0.4935717647429555 0.35584240257740019 0.24019238501787188 0.014767725842073561 29.226822743192315 487.94683711603284
0.4935717647429555 0.35584240257740019 0.24019238501787188 0.01173056573327631 22.507110845297575 487.94683711603284
0.4935717647429555 0.35584240257740019 0.24019238501787188 0.01173056573327631 29.226822743192315 765.02795591950417
0.42397178877145048 0.2023718398064375 0.38571556545794017 0.014767725842073561 22.507110845297575 765.02795591950417
