0.46921784058213228 0.22702563926577568 0.44750343039631846 0.0062824029203504324 9.5449649095535278 597.90853783488274
0.074993138574063783 0.22702563926577568 0.44750343039631846 0.0062824029203504324 9.5449649095535278 597.90853783488274
0.46921784058213228 0.10566541738808155 0.44750343039631846 0.0062824029203504324 9.5449649095535278 597.90853783488274
0.46921784058213228 0.22702563926577568 0.29152516983449461 0.0062824029203504324 9.5449649095535278 597.90853783488274
0.46921784058213228 0.22702563926577568 0.44750343039631846 0.0024488929551094774 9.5449649095535278 597.90853783488274
0.46921784058213228 0.22702563926577568 0.44750343039631846 0.0062824029203504324 30.090265974402428 597.90853783488274
0.46921784058213228 0.22702563926577568 0.44750343039631846 0.0062824029203504324 9.5449649095535278 769.61323162540793
0.074993138574063783 0.10566541738808155 0.29152516983449461 0.0024488929551094774 30.090265974402428 769.61323162540793
0.21847751936875281 0.44118818044662478 0.24792601093649866 0.019760516351275147 34.47276190109551 471.42987614497542
0.47509969677776093 0.44118818044662478 0.24792601093649866 0.019760516351275147 34.47276190109551 471.42987614497542
0.21847751936875281 0.49219153150916106 0.24792601093649866 0.019760516351275147 34.47276190109551 471.42987614497542
0.21847751936875281 0.44118818044662478 0.46189358271658421 0.019760516351275147 34.47276190109551 471.42987614497542
0.21847751936875281 0.44118818044662478 0.24792601093649866 0.012103041651658715 34.47276190109551 471.42987614497542
0.21847751936875281 0.44118818044662478 0.24792601093649866 0.019760516351275147 17.807019410654902 471.42987614497542
0.21847751936875281 0.44118818044662478 0.24792601093649866 0.019760516351275147 34.47276190109551 100.5252125672996
0.47509969677776093 0.49219153150916106 0.46189358271658421 0.012103041651658715 17.807019410654902 100.5252125672996
0.21143353180959817 0.11458729095757009 0.3432058442384005 0.00069405181296169763 29.810364359989762 224.38277518376708
0.33690800284966821 0.11458729095757009 0.3432058442384005 0.00069405181296169763 29.810364359989762 224.38277518376708
0.21143353180959817 0.32183899395167825 0.3432058442384005 0.00069405181296169763 29.810364359989762 224.38277518376708
0.21143353180959817 0.11458729095757009 0.30643236562609677 0.00069405181296169763 29.810364359989762 224.38277518376708
0.21143353180959817 0.11458729095757009 0.3432058442384005 0.016434770819917323 29.810364359989762 224.38277518376708
0.21143353180959817 0.11458729095757009 0.3432058442384005 0.00069405181296169763 12.573772381991148 224.38277518376708
0.21143353180959817 0.11458729095757009 0.3432058442384005 0.00069405181296169763 29.810364359989762 348.22398973628879
0.33690800284966821 0.32183899395167825 0.30643236562609677 0.016434770819917323 12.573772381991148 348.22398973628879
0.60055679460056122 0.30353011302649979 0.14284736253321173 0.014131604356132449 18.17554584890604 801.02920904755592
0.61434680139645936 0.30353011302649979 0.14284736253321173 0.014131604356132449 18.17554584890604 801.02920904755592
0.60055679460056122 0.28336505889892583 0.14284736253321173 0.014131604356132449 18.17554584890604 801.02920904755592
0.60055679460056122 0.30353011302649979 0.13917384445667269 0.014131604356132449 18.17554584890604 801.02920904755592
0.60055679460056122 0.30353011302649979 0.14284736253321173 0.0067794183110818267 18.17554584890604 801.02920904755592
0.60055679460056122 0.30353011302649979 0.14284736253321173 0.014131604356132449 31.456096732988954 801.02920904755592
0.60055679460056122 0.30353011302649979 0.14284736253321173 0.014131604356132449 18.17554584890604 974.65760326012969
0.61434680139645936 0.28336505889892583 0.13917384445667269 0.0067794183110818267 31.456096732988954 974.65760326012969
0.6513769571203738 0.18942909874022007 0.28811327405273912 0.011822974304668606 20.311297133564949 667.89746033027768
0.2747380159795284 0.18942909874022007 0.28811327405273912 0.011822974304668606 20.311297133564949 667.89746033027768
0.6513769571203738 0.38720464669167998 0.28811327405273912 0.011822974304668606 20.311297133564949 667.89746033027768
0.6513769571203738 0.18942909874022007 0.39890915751457212 0.011822974304668606 20.311297133564949 667.89746033027768
0.6513769571203738 0.18942909874022007 0.28811327405273912 0.01322115833219141 20.311297133564949 667.89746033027768
0.6513769571203738 0.18942909874022007 0.28811327405273912 0.011822974304668606 11.313670502975583 667.89746033027768
0.6513769571203738 0.18942909874022007 0.28811327405273912 0.011822974304668606 20.311297133564949 794.75581469014287
0.2747380159795284 0.38720464669167998 0.39890915751457212 0.01322115833219141 11.313670502975583 794.75581469014287
0.079440264496952295 0.3783917602151633 0.48856654800474641 0.0029860839258879428 23.677415328100324 344.5437902584672
0.67516916319727893 0.3783917602151633 0.48856654800474641 0.0029860839258879428 23.677415328100324 344.5437902584672
0.079440264496952295 0.22411523312330248 0.48856654800474641 0.0029860839258879428 23.677415328100324 344.5437902584672
0.079440264496952295 0.3783917602151633 0.15353145822882652 0.0029860839258879428 23.677415328100324 344.5437902584672
0.079440264496952295 0.3783917602151633 0.48856654800474641 0.0036553905013948684 23.677415328100324 344.5437902584672
0.079440264496952295 0.3783917602151633 0.48856654800474641 0.0029860839258879428 36.525078687816858 344.5437902584672
0.079440264496952295 0.3783917602151633 0.48856654800474641 0.0029860839258879428 23.677415328100324 535.26560077443719
0.67516916319727893 0.22411523312330248 0.15353145822882652 0.0036553905013948684 36.525078687816858 535.26560077443719
0.35046833618544038 0.25177026763558386 0.19631549492478373 0.017409512667916717 34.043092021718621 153.73467300087214
0.13549066195264459 0.25177026763558386 0.19631549492478373 0.017409512667916717 34.043092021718621 153.73467300087214
0.35046833618544038 0.189976379647851 0.19631549492478373 0.017409512667916717 34.043092021718621 153.73467300087214
0.35046833618544038 0.25177026763558386 0.20275797583162786 0.017409512667916717 34.043092021718621 153.73467300087214
0.35046833618544038 0.25177026763558386 0.19631549492478373 0.007987039381079376 34.043092021718621 153.73467300087214
0.35046833618544038 0.25177026763558386 0.19631549492478373 0.017409512667916717 23.908975740894675 153.73467300087214
0.35046833618544038 0.25177026763558386 0.19631549492478373 0.017409512667916717 34.043092021718621 316.02140003815293
0.13549066195264459 0.189976379647851 0.20275797583162786 0.007987039381079376 23.908975740894675 316.02140003815293
0.41839522756636138 0.46595264822244642 0.39598733112216 0.0086119746807962663 13.971825383603573 927.25611524656415
0.41325451442971822 0.46595264822244642 0.39598733112216 0.0086119746807962663 13.971825383603573 927.25611524656415
0.41839522756636138 0.4018870152533055 0.39598733112216 0.0086119746807962663 13.971825383603573 927.25611524656415
0.41839522756636138 0.46595264822244642 0.4449951943010092 0.0086119746807962663 13.971825383603573 927.25611524656415
0.41839522756636138 0.46595264822244642 0.39598733112216 0.01755161291472614 13.971825383603573 927.25611524656415
0.41839522756636138 0.46595264822244642 0.39598733112216 0.0086119746807962663 20.29673195630312 927.25611524656415
0.41839522756636138 0.46595264822244642 0.39598733112216 0.0086119746807962663 13.971825383603573 561.03714006021619
0.41325451442971822 0.4018870152533055 0.4449951943010092 0.01755161291472614 20.29673195630312 561.03714006021619
0.38685362343676383 0.12584527321159841 0.16537200622260573 0.0040316205099225049 37.300883170217276 873.45881517976522
0.22855742564424869 0.12584527321159841 0.16537200622260573 0.0040316205099225049 37.300883170217276 873.45881517976522
0.38685362343676383 0.35464178510010247 0.16537200622260573 0.0040316205099225049 37.300883170217276 873.45881517976522
0.38685362343676383 0.12584527321159841 0.35626497417688374 0.0040316205099225049 37.300883170217276 873.45881517976522
0.38685362343676383 0.12584527321159841 0.16537200622260573 0.0062890454998239878 37.300883170217276 873.45881517976522
0.38685362343676383 0.12584527321159841 0.16537200622260573 0.0040316205099225049 21.882285309955478 873.45881517976522
0.38685362343676383 0.12584527321159841 0.16537200622260573 0.0040316205099225049 37.300883170217276 666.94465754553676
0.22855742564424869 0.35464178510010247 0.35626497417688374 0.0062890454998239878 21.882285309955478 666.94465754553676
0.30369762005284423 0.34315094165503979 0.3642351265996695 0.010392814956046641 10.666659271344543 296.98014343157411
0.6413792102597653 0.34315094165503979 0.3642351265996695 0.010392814956046641 10.666659271344543 296.98014343157411
0.30369762005284423 0.24116257056593896 0.3642351265996695 0.010392814956046641 10.666659271344543 296.98014343157411
0.30369762005284423 0.34315094165503979 0.18914591744542122 0.010392814956046641 10.666659271344543 296.98014343157411
0.30369762005284423 0.34315094165503979 0.3642351265996695 0.015846519856527446 10.666659271344543 296.98014343157411
0.30369762005284423 0.34315094165503979 0.3642351265996695 0.010392814956046641 25.970654219388962 296.98014343157411
0.30369762005284423 0.34315094165503979 0.3642351265996695 0.010392814956046641 10.666659271344543 209.23369219526649
0.6413792102597653 0.24116257056593896 0.18914591744542122 0.015846519856527446 25.970654219388962 209.23369219526649
0.12653017467819155 0.21340578719973566 0.26888815313577652 0.009581904137879611 17.05030476860702 503.42291826382279
0.21117546092718836 0.21340578719973566 0.26888815313577652 0.009581904137879611 17.05030476860702 503.42291826382279
0.12653017467819155 0.16974266879260541 0.26888815313577652 0.009581904137879611 17.05030476860702 503.42291826382279
0.12653017467819155 0.21340578719973566 0.24148519523441792 0.009581904137879611 17.05030476860702 503.42291826382279
0.12653017467819155 0.21340578719973566 0.26888815313577652 0.01027848974298686 17.05030476860702 503.42291826382279
0.12653017467819155 0.21340578719973566 0.26888815313577652 0.009581904137879611 35.883848706260324 503.42291826382279
0.12653017467819155 0.21340578719973566 0.26888815313577652 0.009581904137879611 17.05030476860702 415.29429918155074
0.21117546092718836 0.16974266879260541 0.24148519523441792 0.01027848974298686 35.883848706260324 415.29429918155074
0.68323775529861441 0.4054917216300965 0.47009521126747134 0.015905106930620968 26.978465590626001 630.06936218589544
0.42007933091372246 0.4054917216300965 0.47009521126747134 0.015905106930620968 26.978465590626001 630.06936218589544
0.68323775529861441 0.43126340508461003 0.47009521126747134 0.015905106930620968 26.978465590626001 630.06936218589544
0.68323775529861441 0.4054917216300965 0.41173825077712534 0.015905106930620968 26.978465590626001 630.06936218589544
0.68323775529861441 0.4054917216300965 0.47009521126747134 0.00071982108913362024 26.978465590626001 630.06936218589544
0.68323775529861441 0.4054917216300965 0.47009521126747134 0.015905106930620968 8.3360495530068874 630.06936218589544
0.68323775529861441 0.4054917216300965 0.47009521126747134 0.015905106930620968 26.978465590626001 915.60473842546344
0.42007933091372246 0.43126340508461003 0.41173825077712534 0.00071982108913362024 8.3360495530068874 915.60473842546344
0.57155669741332527 0.28904753699898722 0.32473145574331286 0.018252736207284032 26.534720372408628 944.30088801309466
0.10845827246084809 0.28904753699898722 0.32473145574331286 0.018252736207284032 26.534720372408628 944.30088801309466
0.57155669741332527 0.13529743514955045 0.32473145574331286 0.018252736207284032 26.534720372408628 944.30088801309466
0.57155669741332527 0.28904753699898722 0.25290701501071455 0.018252736207284032 26.534720372408628 944.30088801309466
0.57155669741332527 0.28904753699898722 0.32473145574331286 0.019686701997742057 26.534720372408628 944.30088801309466
0.57155669741332527 0.28904753699898722 0.32473145574331286 0.018252736207284032 33.158888716250658 944.30088801309466
0.57155669741332527 0.28904753699898722 0.32473145574331286 0.018252736207284032 26.534720372408628 868.74825516715646
0.10845827246084809 0.13529743514955045 0.25290701501071455 0.019686701997742057 33.158888716250658 868.74825516715646
0.15703816651366651 0.48111668974161148 0.12362529337406158 0.0072515148133039473 21.46194370649755 170.94722129404545
0.5216051110066473 0.48111668974161148 0.12362529337406158 0.0072515148133039473 21.46194370649755 170.94722129404545
0.15703816651366651 0.47221489995718002 0.12362529337406158 0.0072515148133039473 21.46194370649755 170.94722129404545
0.15703816651366651 0.48111668974161148 0.49504146166145802 0.0072515148133039473 21.46194370649755 170.94722129404545
0.15703816651366651 0.48111668974161148 0.12362529337406158 0.010024249131791296 21.46194370649755 170.94722129404545
0.15703816651366651 0.48111668974161148 0.12362529337406158 0.0072515148133039473 14.752587677910924 170.94722129404545
0.15703816651366651 0.48111668974161148 0.12362529337406158 0.0072515148133039473 21.46194370649755 455.01009495928884
0.5216051110066473 0.47221489995718002 0.49504146166145802 0.010024249131791296 14.752587677910924 455.01009495928884
0.27318721646443006 0.15138908065855505 0.4157481741160155 0.012705473819561304 12.817401422187686 433.67947824299335
0.32975836247205731 0.15138908065855505 0.4157481741160155 0.012705473819561304 12.817401422187686 433.67947824299335
0.27318721646443006 0.33875123597681522 0.4157481741160155 0.012705473819561304 12.817401422187686 433.67947824299335
0.27318721646443006 0.15138908065855505 0.34894299879670143 0.012705473819561304 12.817401422187686 433.67947824299335
0.27318721646443006 0.15138908065855505 0.4157481741160155 0.0044562993068248038 12.817401422187686 433.67947824299335
0.27318721646443006 0.15138908065855505 0.4157481741160155 0.012705473819561304 17.048636965453625 433.67947824299335
0.27318721646443006 0.15138908065855505 0.4157481741160155 0.012705473819561304 12.817401422187686 220.49491154029965
0.32975836247205731 0.33875123597681522 0.34894299879670143 0.0044562993068248038 17.048636965453625 220.49491154029965
0.49853226956911378 0.36867796741425995 0.21698557399213314 0.0017410355828702453 31.182240147143602 757.2009171359241
0.53898682147264476 0.36867796741425995 0.21698557399213314 0.0017410355828702453 31.182240147143602 757.2009171359241
0.49853226956911378 0.25066874995827676 0.21698557399213314 0.0017410355828702453 31.182240147143602 757.2009171359241
0.49853226956911378 0.36867796741425995 0.10369293540716172 0.0017410355828702453 31.182240147143602 757.2009171359241
0.49853226956911378 0.36867796741425995 0.21698557399213314 0.014117548360489311 31.182240147143602 757.2009171359241
0.49853226956911378 0.36867796741425995 0.21698557399213314 0.0017410355828702453 26.995422935113311 757.2009171359241
0.49853226956911378 0.36867796741425995 0.21698557399213314 0.0017410355828702453 31.182240147143602 648.7624772824347
0.53898682147264476 0.25066874995827676 0.10369293540716172 0.014117548360489311 26.995422935113311 648.7624772824347
0.53171638217754658 0.16847773194313048 0.3551683980971575 0.016568890485726295 18.798876415938139 200.5732474848628
0.48793617310002441 0.16847773194313048 0.3551683980971575 0.016568890485726295 18.798876415938139 200.5732474848628
0.53171638217754658 0.33710406795144082 0.3551683980971575 0.016568890485726295 18.798876415938139 200.5732474848628
0.53171638217754658 0.16847773194313048 0.18488426879048347 0.016568890485726295 18.798876415938139 200.5732474848628
0.53171638217754658 0.16847773194313048 0.3551683980971575 0.0030012345679104333 18.798876415938139 200.5732474848628
0.53171638217754658 0.16847773194313048 0.3551683980971575 0.016568890485726295 28.008847108110785 200.5732474848628
0.53171638217754658 0.16847773194313048 0.3551683980971575 0.016568890485726295 18.798876415938139 825.70867603644729
0.48793617310002441 0.33710406795144082 0.18488426879048347 0.0030012345679104333 28.008847108110785 825.70867603644729
0.28098566317930812 0.35120088383555415 0.15549351014196874 0.0077700681764632466 28.734475394710898 974.03967091813684
0.057000399846583609 0.35120088383555415 0.15549351014196874 0.0077700681764632466 28.734475394710898 974.03967091813684
0.28098566317930812 0.27363092042505743 0.15549351014196874 0.0077700681764632466 28.734475394710898 974.03967091813684
0.28098566317930812 0.35120088383555415 0.36775318533182144 0.0077700681764632466 28.734475394710898 974.03967091813684
0.28098566317930812 0.35120088383555415 0.15549351014196874 0.012633475068397822 28.734475394710898 974.03967091813684
0.28098566317930812 0.35120088383555415 0.15549351014196874 0.0077700681764632466 16.153144158422947 974.03967091813684
0.28098566317930812 0.35120088383555415 0.15549351014196874 0.0077700681764632466 28.734475394710898 494.60142953321338
0.057000399846583609 0.27363092042505743 0.36775318533182144 0.012633475068397822 16.153144158422947 494.60142953321338
0.14957752018235623 0.2809417348355055 0.46024714484810836 0.012218567505292596 35.548649860545993 727.02172556892037
0.59163549952208994 0.2809417348355055 0.46024714484810836 0.012218567505292596 35.548649860545993 727.02172556892037
0.14957752018235623 0.14046021550893784 0.46024714484810836 0.012218567505292596 35.548649860545993 727.02172556892037
0.14957752018235623 0.2809417348355055 0.41385448984801776 0.012218567505292596 35.548649860545993 727.02172556892037
0.14957752018235623 0.2809417348355055 0.46024714484810836 0.018202708883583545 35.548649860545993 727.02172556892037
0.14957752018235623 0.2809417348355055 0.46024714484810836 0.012218567505292596 13.769017832353711 727.02172556892037
0.14957752018235623 0.2809417348355055 0.46024714484810836 0.012218567505292596 35.548649860545993 291.61357460543513
0.59163549952208994 0.14046021550893784 0.41385448984801776 0.018202708883583545 13.769017832353711 291.61357460543513
0.53867071233689778 0.48883577771484854 0.2597908191382885 0.0033829620387405162 8.9216353483498096 403.61326467245817
0.36461934559047215 0.48883577771484854 0.2597908191382885 0.0033829620387405162 8.9216353483498096 403.61326467245817
0.53867071233689778 0.4519871171563864 0.2597908191382885 0.0033829620387405162 8.9216353483498096 403.61326467245817
0.53867071233689778 0.48883577771484854 0.2340955186635256 0.0033829620387405162 8.9216353483498096 403.61326467245817
0.53867071233689778 0.48883577771484854 0.2597908191382885 0.0085692552769556646 8.9216353483498096 403.61326467245817
0.53867071233689778 0.48883577771484854 0.2597908191382885 0.0033829620387405162 34.025557164102793 403.61326467245817
0.53867071233689778 0.48883577771484854 0.2597908191382885 0.0033829620387405162 8.9216353483498096 581.00022664293647
0.36461934559047215 0.4519871171563864 0.2340955186635256 0.0085692552769556646 34.025557164102793 581.00022664293647
0.67074365466833108 0.20569204054772855 0.10827804878354073 0.0010706112001091243 14.566144283860922 271.19559375569224
0.69284202260896555 0.20569204054772855 0.10827804878354073 0.0010706112001091243 14.566144283860922 271.19559375569224
0.67074365466833108 0.15596013665199282 0.10827804878354073 0.0010706112001091243 14.566144283860922 271.19559375569224
0.67074365466833108 0.20569204054772855 0.48054993934929369 0.0010706112001091243 14.566144283860922 271.19559375569224
0.67074365466833108 0.20569204054772855 0.10827804878354073 0.011453192829526962 14.566144283860922 271.19559375569224
0.67074365466833108 0.20569204054772855 0.10827804878354073 0.0010706112001091243 9.2285244278609753 271.19559375569224
0.67074365466833108 0.20569204054772855 0.10827804878354073 0.0010706112001091243 14.566144283860922 738.15902518108487
0.69284202260896555 0.15596013665199282 0.48054993934929369 0.011453192829526962 9.2285244278609753 738.15902518108487
0.09883641279302538 0.41359370984137056 0.30863347873091695 0.014509448655508459 32.938193177804351 847.78702221810818
0.2622213850729167 0.41359370984137056 0.30863347873091695 0.014509448655508459 32.938193177804351 847.78702221810818
0.09883641279302538 0.44287155978381632 0.30863347873091695 0.014509448655508459 32.938193177804351 847.78702221810818
0.09883641279302538 0.41359370984137056 0.27267197482287886 0.014509448655508459 32.938193177804351 847.78702221810818
0.09883641279302538 0.41359370984137056 0.30863347873091695 0.0018655060335993768 32.938193177804351 847.78702221810818
0.09883641279302538 0.41359370984137056 0.30863347873091695 0.014509448655508459 34.874815756455064 847.78702221810818
0.09883641279302538 0.41359370984137056 0.30863347873091695 0.014509448655508459 32.938193177804351 141.59459853544831
0.2622213850729167 0.44287155978381632 0.27267197482287886 0.0018655060335993768 34.874815756455064 141.59459853544831
0.33172925980761642 0.14332617074251175 0.20085698850452902 0.0054227469246834513 24.782314954325557 657.05855898559093
0.38522332627326245 0.14332617074251175 0.20085698850452902 0.0054227469246834513 24.782314954325557 657.05855898559093
0.33172925980761642 0.37115867957472803 0.20085698850452902 0.0054227469246834513 24.782314954325557 657.05855898559093
0.33172925980761642 0.14332617074251175 0.12033592313528062 0.0054227469246834513 24.782314954325557 657.05855898559093
0.33172925980761642 0.14332617074251175 0.20085698850452902 0.0074346691491082315 24.782314954325557 657.05855898559093
0.33172925980761642 0.14332617074251175 0.20085698850452902 0.0054227469246834513 25.107834294438362 657.05855898559093
0.33172925980761642 0.14332617074251175 0.20085698850452902 0.0054227469246834513 24.782314954325557 372.15815046802163
0.38522332627326245 0.37115867957472803 0.12033592313528062 0.0074346691491082315 25.107834294438362 372.15815046802163
0.39964592908509072 0.32605694904923443 0.40043135620653636 0.018899576033465565 19.716977450996637 530.52509305998683
0.15852184314280748 0.32605694904923443 0.40043135620653636 0.018899576033465565 19.716977450996637 530.52509305998683
0.39964592908509072 0.23307005353271962 0.40043135620653636 0.018899576033465565 19.716977450996637 530.52509305998683
0.39964592908509072 0.32605694904923443 0.32507344856858256 0.018899576033465565 19.716977450996637 530.52509305998683
0.39964592908509072 0.32605694904923443 0.40043135620653636 0.017021133176237345 19.716977450996637 530.52509305998683
0.39964592908509072 0.32605694904923443 0.40043135620653636 0.018899576033465565 22.862464396283031 530.52509305998683
0.39964592908509072 0.32605694904923443 0.40043135620653636 0.018899576033465565 19.716977450996637 955.07205100730062
0.15852184314280748 0.23307005353271962 0.32507344856858256 0.017021133176237345 22.862464396283031 955.07205100730062
0.44617833085358138 0.2657407861202955 0.23280450552701951 0.013545793582685293 28.039648786187172 371.50819003582001
0.62890286482870572 0.2657407861202955 0.23280450552701951 0.013545793582685293 28.039648786187172 371.50819003582001
0.44617833085358138 0.18578861132264138 0.23280450552701951 0.013545793582685293 28.039648786187172 371.50819003582001
0.44617833085358138 0.2657407861202955 0.46368712224066255 0.013545793582685293 28.039648786187172 371.50819003582001
0.44617833085358138 0.2657407861202955 0.23280450552701951 0.0094517815301194807 28.039648786187172 371.50819003582001
0.44617833085358138 0.2657407861202955 0.23280450552701951 0.013545793582685293 19.284451745450497 371.50819003582001
0.44617833085358138 0.2657407861202955 0.23280450552701951 0.013545793582685293 28.039648786187172 835.97964895889163
0.62890286482870572 0.18578861132264138 0.46368712224066255 0.0094517815301194807 19.284451745450497 835.97964895889163
0.36303194179199633 0.45159522481262682 0.43157015740871429 0.0025826402582228188 16.412268655374646 694.97462352737784
0.2461899850517511 0.45159522481262682 0.43157015740871429 0.0025826402582228188 16.412268655374646 694.97462352737784
0.36303194179199633 0.42230860926210878 0.43157015740871429 0.0025826402582228188 16.412268655374646 694.97462352737784
0.36303194179199633 0.45159522481262682 0.2840675678104162 0.0025826402582228188 16.412268655374646 694.97462352737784
0.36303194179199633 0.45159522481262682 0.43157015740871429 0.019026008796691894 16.412268655374646 694.97462352737784
0.36303194179199633 0.45159522481262682 0.43157015740871429 0.0025826402582228188 24.803782349452376 694.97462352737784
0.36303194179199633 0.45159522481262682 0.43157015740871429 0.0025826402582228188 16.412268655374646 490.37036215886474
0.2461899850517511 0.42230860926210878 0.2840675678104162 0.019026008796691894 24.803782349452376 490.37036215886474
0.066578453872352839 0.1782036364078522 0.12694469802081587 0.017856840587593615 11.304694602265954 901.49805238470435
0.44314956264570349 0.1782036364078522 0.12694469802081587 0.017856840587593615 11.304694602265954 901.49805238470435
0.066578453872352839 0.38865800350904467 0.12694469802081587 0.017856840587593615 11.304694602265954 901.49805238470435
0.066578453872352839 0.1782036364078522 0.13484431803226471 0.017856840587593615 11.304694602265954 901.49805238470435
0.066578453872352839 0.1782036364078522 0.12694469802081587 0.014695492918975653 11.304694602265954 901.49805238470435
0.066578453872352839 0.1782036364078522 0.12694469802081587 0.017856840587593615 37.507503677159548 901.49805238470435
0.066578453872352839 0.1782036364078522 0.12694469802081587 0.017856840587593615 11.304694602265954 246.62321647629142
0.44314956264570349 0.38865800350904467 0.13484431803226471 0.014695492918975653 37.507503677159548 246.62321647629142
0.62325597596354776 0.38922898098826408 0.3280539121478796 0.0068543348714709285 36.239700756967068 128.08958142995834
0.18310521738603708 0.38922898098826408 0.3280539121478796 0.0068543348714709285 36.239700756967068 128.08958142995834
0.62325597596354776 0.20017805062234403 0.3280539121478796 0.0068543348714709285 36.239700756967068 128.08958142995834
0.62325597596354776 0.38922898098826408 0.3175978295505047 0.0068543348714709285 36.239700756967068 128.08958142995834
0.62325597596354776 0.38922898098826408 0.3280539121478796 0.0051200428836047649 36.239700756967068 128.08958142995834
0.62325597596354776 0.38922898098826408 0.3280539121478796 0.0068543348714709285 10.447689147666097 128.08958142995834
0.62325597596354776 0.38922898098826408 0.3280539121478796 0.0068543348714709285 36.239700756967068 634.00802938267589
0.18310521738603708 0.20017805062234403 0.3175978295505047 0.0051200428836047649 10.447689147666097 634.00802938267589
0.59282769788987932 0.1037416771054268 0.47966452650725844 0.00920564657971263 32.272547662258148 441.27738596871495
0.50365266744047399 0.1037416771054268 0.47966452650725844 0.00920564657971263 32.272547662258148 441.27738596871495
0.59282769788987932 0.30395641326904299 0.47966452650725844 0.00920564657971263 32.272547662258148 441.27738596871495
0.59282769788987932 0.1037416771054268 0.1704849861562252 0.00920564657971263 32.272547662258148 441.27738596871495
0.59282769788987932 0.1037416771054268 0.47966452650725844 0.015269745143502952 32.272547662258148 441.27738596871495
0.59282769788987932 0.1037416771054268 0.47966452650725844 0.00920564657971263 30.564766714349389 441.27738596871495
0.59282769788987932 0.1037416771054268 0.47966452650725844 0.00920564657971263 32.272547662258148 700.09101266041398
0.50365266744047399 0.30395641326904299 0.1704849861562252 0.015269745143502952 30.564766714349389 700.09101266041398
0.17833860563114284 0.31476244106888773 0.27846052013337613 0.015527565050311389 12.20849141664803 567.86881107836962
0.12125445846468209 0.31476244106888773 0.27846052013337613 0.015527565050311389 12.20849141664803 567.86881107836962
0.17833860563114284 0.29087318889796732 0.27846052013337613 0.015527565050311389 12.20849141664803 567.86881107836962
0.17833860563114284 0.31476244106888773 0.37511969208717344 0.015527565050311389 12.20849141664803 567.86881107836962
0.17833860563114284 0.31476244106888773 0.27846052013337613 0.0056240559564903377 12.20849141664803 567.86881107836962
0.17833860563114284 0.31476244106888773 0.27846052013337613 0.015527565050311389 13.582118239253759 567.86881107836962
0.17833860563114284 0.31476244106888773 0.27846052013337613 0.015527565050311389 12.20849141664803 173.39954571798444
0.12125445846468209 0.29087318889796732 0.37511969208717344 0.0056240559564903377 13.582118239253759 173.39954571798444
0.25127431801520284 0.24137619696557522 0.38630414754152298 0.0048915783345699314 22.070854717865586 830.63022363930941
0.5667372244410217 0.24137619696557522 0.38630414754152298 0.0048915783345699314 22.070854717865586 830.63022363930941
0.25127431801520284 0.12003233656287193 0.38630414754152298 0.0048915783345699314 22.070854717865586 830.63022363930941
0.25127431801520284 0.24137619696557522 0.43058380447328093 0.0048915783345699314 22.070854717865586 830.63022363930941
0.25127431801520284 0.24137619696557522 0.38630414754152298 0.001293610778450966 22.070854717865586 830.63022363930941
0.25127431801520284 0.24137619696557522 0.38630414754152298 0.0048915783345699314 18.66869537346065 830.63022363930941
0.25127431801520284 0.24137619696557522 0.38630414754152298 0.0048915783345699314 22.070854717865586 389.57099439576268
0.5667372244410217 0.12003233656287193 0.43058380447328093 0.001293610778450966 18.66869537346065 389.57099439576268
0.47660913690924639 0.42722605504095557 0.18744407892227175 0.011254057692922653 25.444411851465702 254.09676106646657
0.30700801489874718 0.42722605504095557 0.18744407892227175 0.011254057692922653 25.444411851465702 254.09676106646657
0.47660913690924639 0.48194906301796436 0.18744407892227175 0.011254057692922653 25.444411851465702 254.09676106646657
0.47660913690924639 0.42722605504095557 0.22283342815935614 0.011254057692922653 25.444411851465702 254.09676106646657
0.47660913690924639 0.42722605504095557 0.18744407892227175 0.010938086859323086 25.444411851465702 254.09676106646657
0.47660913690924639 0.42722605504095557 0.18744407892227175 0.011254057692922653 29.110773086547852 254.09676106646657
0.47660913690924639 0.42722605504095557 0.18744407892227175 0.011254057692922653 25.444411851465702 929.8580558039248
0.30700801489874718 0.48194906301796436 0.22283342815935614 0.010938086859323086 29.110773086547852 929.8580558039248
