0.47569350376725189 0.26375482566654684 0.18932139948010446 0.0051265654912218449 13.901461206376553 410.56473068892956
0.47606368241831654 0.26375482566654684 0.18932139948010446 0.0051265654912218449 13.901461206376553 410.56473068892956
0.47569350376725189 0.21502522751688957 0.18932139948010446 0.0051265654912218449 13.901461206376553 410.56473068892956
0.47569350376725189 0.26375482566654684 0.10137416534125805 0.0051265654912218449 13.901461206376553 410.56473068892956
0.47569350376725189 0.26375482566654684 0.18932139948010446 0.014603181140124799 13.901461206376553 410.56473068892956
0.47569350376725189 0.26375482566654684 0.18932139948010446 0.0051265654912218449 13.443544453009963 410.56473068892956
0.47569350376725189 0.26375482566654684 0.18932139948010446 0.0051265654912218449 13.901461206376553 985.72153355926275
0.47606368241831654 0.21502522751688957 0.10137416534125805 0.014603181140124799 13.443544453009963 985.72153355926275
0.214818008756265 0.45601930133998392 0.39043387994170187 0.011178311139717699 34.08261258341372 762.04339740797877
0.074030433874577278 0.45601930133998392 0.39043387994170187 0.011178311139717699 34.08261258341372 762.04339740797877
0.214818008756265 0.37693582661449909 0.39043387994170187 0.011178311139717699 34.08261258341372 762.04339740797877
0.214818008756265 0.45601930133998392 0.3467711079865694 0.011178311139717699 34.08261258341372 762.04339740797877
0.214818008756265 0.45601930133998392 0.39043387994170187 0.0050579530591145158 34.08261258341372 762.04339740797877
0.214818008756265 0.45601930133998392 0.39043387994170187 0.011178311139717699 30.659624181687832 762.04339740797877
0.214818008756265 0.45601930133998392 0.39043387994170187 0.011178311139717699 34.08261258341372 344.79984734207392
0.074030433874577278 0.37693582661449909 0.3467711079865694 0.0050579530591145158 30.659624181687832 344.79984734207392
0.20527339177206155 0.17629120573401452 0.2951798725873232 0.0094392718179151427 23.634232657030225 966.92359773442149
0.61594543401151891 0.17629120573401452 0.2951798725873232 0.0094392718179151427 23.634232657030225 966.92359773442149
0.20527339177206155 0.41215578615665438 0.2951798725873232 0.0094392718179151427 23.634232657030225 966.92359773442149
0.20527339177206155 0.17629120573401452 0.49755705669522288 0.0094392718179151427 23.634232657030225 966.92359773442149
0.20527339177206155 0.17629120573401452 0.2951798725873232 0.0093887946642935288 23.634232657030225 966.92359773442149
0.20527339177206155 0.17629120573401452 0.2951798725873232 0.0094392718179151427 29.323076160624623 966.92359773442149
0.20527339177206155 0.17629120573401452 0.2951798725873232 0.0094392718179151427 23.634232657030225 110.94383019953966
0.61594543401151891 0.41215578615665438 0.49755705669522288 0.0093887946642935288 29.323076160624623 110.94383019953966
0.60453430791385465 0.39338478744030003 0.49394840933382511 0.01545317569486797 20.377999201416969 165.27715884149075
0.33531056884676214 0.39338478744030003 0.49394840933382511 0.01545317569486797 20.377999201416969 165.27715884149075
0.60453430791385465 0.19906643442809582 0.49394840933382511 0.01545317569486797 20.377999201416969 165.27715884149075
0.60453430791385465 0.39338478744030003 0.2552757576107979 0.01545317569486797 20.377999201416969 165.27715884149075
0.60453430791385465 0.39338478744030003 0.49394840933382511 0.018935236072726548 20.377999201416969 165.27715884149075
0.60453430791385465 0.39338478744030003 0.49394840933382511 0.01545317569486797 18.647508967667818 165.27715884149075
0.60453430791385465 0.39338478744030003 0.49394840933382511 0.01545317569486797 20.377999201416969 765.51604252308607
0.33531056884676214 0.19906643442809582 0.2552757576107979 0.018935236072726548 18.647508967667818 765.51604252308607
0.65535323065705597 0.1011376865208149 0.34868716783821585 0.018090749030187727 18.134213902056217 509.5592693425715
0.67612962322309611 0.1011376865208149 0.34868716783821585 0.018090749030187727 18.134213902056217 509.5592693425715
0.65535323065705597 0.49679013639688496 0.34868716783821585 0.018090749030187727 18.134213902056217 509.5592693425715
0.65535323065705597 0.1011376865208149 0.40819763392210007 0.018090749030187727 18.134213902056217 509.5592693425715
0.65535323065705597 0.1011376865208149 0.34868716783821585 0.0013940518768504264 18.134213902056217 509.5592693425715
0.65535323065705597 0.1011376865208149 0.34868716783821585 0.018090749030187727 24.72377398237586 509.5592693425715
0.65535323065705597 0.1011376865208149 0.34868716783821585 0.018090749030187727 18.134213902056217 550.34902580082417
0.67612962322309611 0.49679013639688496 0.40819763392210007 0.0013940518768504264 24.72377398237586 550.34902580082417
0.073281364236027005 0.31824805587530136 0.14981772936880589 0.0067802287941798565 29.87887423671782 607.91294109076262
0.2737762798555195 0.31824805587530136 0.14981772936880589 0.0067802287941798565 29.87887423671782 607.91294109076262
0.073281364236027005 0.10831626318395138 0.14981772936880589 0.0067802287941798565 29.87887423671782 607.91294109076262
0.073281364236027005 0.31824805587530136 0.23779772296547891 0.0067802287941798565 29.87887423671782 607.91294109076262
0.073281364236027005 0.31824805587530136 0.14981772936880589 0.010991405940800907 29.87887423671782 607.91294109076262
0.073281364236027005 0.31824805587530136 0.14981772936880589 0.0067802287941798565 19.437931070104241 607.91294109076262
0.073281364236027005 0.31824805587530136 0.14981772936880589 0.0067802287941798565 29.87887423671782 318.97015944123268
0.2737762798555195 0.10831626318395138 0.23779772296547891 0.010991405940800907 19.437931070104241 318.97015944123268
0.34680758579634124 0.23850393630564215 0.44204582944512372 0.013781063943728807 34.400589914992452 869.02769189327955
0.4148492339998483 0.23850393630564215 0.44204582944512372 0.013781063943728807 34.400589914992452 869.02769189327955
0.34680758579634124 0.28071426227688789 0.44204582944512372 0.013781063943728807 34.400589914992452 869.02769189327955
0.34680758579634124 0.23850393630564215 0.19327093549072744 0.013781063943728807 34.400589914992452 869.02769189327955
0.34680758579634124 0.23850393630564215 0.44204582944512372 0.015322167404927315 34.400589914992452 869.02769189327955
0.34680758579634124 0.23850393630564215 0.44204582944512372 0.013781063943728807 10.484180629253387 869.02769189327955
0.34680758579634124 0.23850393630564215 0.44204582944512372 0.013781063943728807 34.400589914992452 525.25047957897186
0.4148492339998483 0.28071426227688789 0.19327093549072744 0.015322167404927315 10.484180629253387 525.25047957897186
0.42487213052809231 0.43078519962728024 0.24083283469080927 0.0025071769831702118 9.5826347470283508 320.5062479712069
0.13389473892748355 0.43078519962728024 0.24083283469080927 0.0025071769831702118 9.5826347470283508 320.5062479712069
0.42487213052809231 0.31724033989012246 0.24083283469080927 0.0025071769831702118 9.5826347470283508 320.5062479712069
0.42487213052809231 0.43078519962728024 0.36053686849772937 0.0025071769831702118 9.5826347470283508 320.5062479712069
0.42487213052809231 0.43078519962728024 0.24083283469080927 0.0057260358884930612 9.5826347470283508 320.5062479712069
0.42487213052809231 0.43078519962728024 0.24083283469080927 0.0025071769831702118 37.310565693303943 320.5062479712069
0.42487213052809231 0.43078519962728024 0.24083283469080927 0.0025071769831702118 9.5826347470283508 798.34994040429592
0.13389473892748355 0.31724033989012246 0.36053686849772937 0.0057260358884930612 37.310565693303943 798.34994040429592
0.39047470097430043 0.16413600668311118 0.42281536869704728 0.005197143647260964 31.142798263579607 135.04255283623934
0.6397829385474324 0.16413600668311118 0.42281536869704728 0.005197143647260964 31.142798263579607 135.04255283623934
0.39047470097430043 0.46370243951678281 0.42281536869704728 0.005197143647260964 31.142798263579607 135.04255283623934
0.39047470097430043 0.16413600668311118 0.4475596278905869 0.005197143647260964 31.142798263579607 135.04255283623934
0.39047470097430043 0.16413600668311118 0.42281536869704728 0.018264798818714918 31.142798263579607 135.04255283623934
0.39047470097430043 0.16413600668311118 0.42281536869704728 0.005197143647260964 34.779700852930546 135.04255283623934
0.39047470097430043 0.16413600668311118 0.42281536869704728 0.005197143647260964 31.142798263579607 904.25925496965647
0.6397829385474324 0.46370243951678281 0.4475596278905869 0.018264798818714918 34.779700852930546 904.25925496965647
0.29718104423955077 0.35329398810863499 0.22236836515367031 0.018984708162397147 12.887801362201571 936.52122290804982
0.23015241641551254 0.35329398810863499 0.22236836515367031 0.018984708162397147 12.887801362201571 936.52122290804982
0.29718104423955077 0.12561989314854147 0.22236836515367031 0.018984708162397147 12.887801362201571 936.52122290804982
0.29718104423955077 0.35329398810863499 0.20546850487589838 0.018984708162397147 12.887801362201571 936.52122290804982
0.29718104423955077 0.35329398810863499 0.22236836515367031 0.0086615669451653964 12.887801362201571 936.52122290804982
0.29718104423955077 0.35329398810863499 0.22236836515367031 0.018984708162397147 9.3668981101363897 936.52122290804982
0.29718104423955077 0.35329398810863499 0.22236836515367031 0.018984708162397147 12.887801362201571 418.4644078835845
0.23015241641551254 0.12561989314854147 0.20546850487589838 0.0086615669451653964 9.3668981101363897 418.4644078835845
0.1225935739930719 0.27667277343571184 0.31773833781480787 0.00084636984113603834 21.395205875858665 687.85661580041051
0.41911794347688547 0.27667277343571184 0.31773833781480787 0.00084636984113603834 21.395205875858665 687.85661580041051
0.1225935739930719 0.26034624278545382 0.31773833781480787 0.00084636984113603834 21.395205875858665 687.85661580041051
0.1225935739930719 0.27667277343571184 0.1515544954687357 0.00084636984113603834 21.395205875858665 687.85661580041051
0.1225935739930719 0.27667277343571184 0.31773833781480787 0.0030920074025169017 21.395205875858665 687.85661580041051
0.1225935739930719 0.27667277343571184 0.31773833781480787 0.00084636984113603834 22.883851353079081 687.85661580041051
0.1225935739930719 0.27667277343571184 0.31773833781480787 0.00084636984113603834 21.395205875858665 199.00049399584532
0.41911794347688547 0.26034624278545382 0.1515544954687357 0.0030920074025169017 22.883851353079081 199.00049399584532
0.68943632841110225 0.49065985195338724 0.11807239055633545 0.014593223586678507 26.577824365347624 336.21017355471849
0.21213564975187182 0.49065985195338724 0.11807239055633545 0.014593223586678507 26.577824365347624 336.21017355471849
0.68943632841110225 0.34726374559104445 0.11807239055633545 0.014593223586678507 26.577824365347624 336.21017355471849
0.68943632841110225 0.49065985195338724 0.39678608439862728 0.014593223586678507 26.577824365347624 336.21017355471849
0.68943632841110225 0.49065985195338724 0.11807239055633545 0.012696461823582651 26.577824365347624 336.21017355471849
0.68943632841110225 0.49065985195338724 0.11807239055633545 0.014593223586678507 24.895789103582501 336.21017355471849
0.68943632841110225 0.49065985195338724 0.11807239055633545 0.014593223586678507 26.577824365347624 671.19974661618471
0.21213564975187182 0.34726374559104445 0.39678608439862728 0.012696461823582651 24.895789103582501 671.19974661618471
0.57775651030242436 0.20231919623911382 0.26343148201704025 0.011994609350711109 26.90987703576684 233.12900951132178
0.52000740580260751 0.20231919623911382 0.26343148201704025 0.011994609350711109 26.90987703576684 233.12900951132178
0.57775651030242436 0.24479147940874102 0.26343148201704025 0.011994609350711109 26.90987703576684 233.12900951132178
0.57775651030242436 0.20231919623911382 0.14325004778802397 0.011994609350711109 26.90987703576684 233.12900951132178
0.57775651030242436 0.20231919623911382 0.26343148201704025 0.0073813499569892888 26.90987703576684 233.12900951132178
0.57775651030242436 0.20231919623911382 0.26343148201704025 0.011994609350711109 15.999464506283402 233.12900951132178
0.57775651030242436 0.20231919623911382 0.26343148201704025 0.011994609350711109 26.90987703576684 659.60854515433311
0.52000740580260751 0.24479147940874102 0.14325004778802397 0.0073813499569892888 15.999464506283402 659.60854515433311
0.15310032605193555 0.41628644131124026 0.4630026310682297 0.0034670202480629091 17.091600952669978 781.4826712012291
0.11005725376307963 0.41628644131124026 0.4630026310682297 0.0034670202480629091 17.091600952669978 781.4826712012291
0.15310032605193555 0.35631225369870667 0.4630026310682297 0.0034670202480629091 17.091600952669978 781.4826712012291
0.15310032605193555 0.41628644131124026 0.31036244966089727 0.0034670202480629091 17.091600952669978 781.4826712012291
0.15310032605193555 0.41628644131124026 0.4630026310682297 0.016920692188479008 17.091600952669978 781.4826712012291
0.15310032605193555 0.41628644131124026 0.4630026310682297 0.0034670202480629091 28.088597815483809 781.4826712012291
0.15310032605193555 0.41628644131124026 0.4630026310682297 0.0034670202480629091 17.091600952669978 217.7315179258585
0.11005725376307963 0.35631225369870667 0.31036244966089727 0.016920692188479008 28.088597815483809 217.7315179258585
0.26667188042774792 0.13968429639935495 0.17085387818515302 0.016343570412695407 10.629025196656585 589.11097943782806
0.53802438797429197 0.13968429639935495 0.17085387818515302 0.016343570412695407 10.629025196656585 589.11097943782806
0.26667188042774792 0.42959298565983772 0.17085387818515302 0.016343570412695407 10.629025196656585 589.11097943782806
0.26667188042774792 0.13968429639935495 0.45801118239760397 0.016343570412695407 10.629025196656585 589.11097943782806
0.26667188042774792 0.13968429639935495 0.17085387818515302 0.011351212786883117 10.629025196656585 589.11097943782806
0.26667188042774792 0.13968429639935495 0.17085387818515302 0.016343570412695407 34.222752360627055 589.11097943782806
0.26667188042774792 0.13968429639935495 0.17085387818515302 0.016343570412695407 10.629025196656585 464.77112881839275
0.53802438797429197 0.42959298565983772 0.45801118239760397 0.011351212786883117 34.222752360627055 464.77112881839275
0.50215210733003912 0.32882244437932973 0.37120647095143799 0.0078554835835471758 37.373133834451437 490.58954557403922
0.330721999425441 0.32882244437932973 0.37120647095143799 0.0078554835835471758 37.373133834451437 490.58954557403922
0.50215210733003912 0.16611371077597142 0.37120647095143799 0.0078554835835471758 37.373133834451437 490.58954557403922
0.50215210733003912 0.32882244437932973 0.28778885602951054 0.0078554835835471758 37.373133834451437 490.58954557403922
0.50215210733003912 0.32882244437932973 0.37120647095143799 0.001813083882816136 37.373133834451437 490.58954557403922
0.50215210733003912 0.32882244437932973 0.37120647095143799 0.0078554835835471758 13.732726231217384 490.58954557403922
0.50215210733003912 0.32882244437932973 0.37120647095143799 0.0078554835835471758 37.373133834451437 864.8726299405098
0.330721999425441 0.16611371077597142 0.28778885602951054 0.001813083882816136 13.732726231217384 864.8726299405098
0.53507772651500995 0.12864422909915449 0.20626428313553336 0.012784394703432919 19.639310512691736 808.14700219780207
0.056039242446422582 0.12864422909915449 0.20626428313553336 0.012784394703432919 19.639310512691736 808.14700219780207
0.53507772651500995 0.4461098197847605 0.20626428313553336 0.012784394703432919 19.639310512691736 808.14700219780207
0.53507772651500995 0.12864422909915449 0.21895254179835322 0.012784394703432919 19.639310512691736 808.14700219780207
0.53507772651500995 0.12864422909915449 0.20626428313553336 0.010340874684229494 19.639310512691736 808.14700219780207
0.53507772651500995 0.12864422909915449 0.20626428313553336 0.012784394703432919 14.598450094461441 808.14700219780207
0.53507772651500995 0.12864422909915449 0.20626428313553336 0.012784394703432919 19.639310512691736 591.90637599676847
0.056039242446422582 0.4461098197847605 0.21895254179835322 0.010340874684229494 14.598450094461441 591.90637599676847
0.2741721608676016 0.33946969397366045 0.40747422613203532 0.001511942536942661 24.829138277098536 259.6805770881474
0.4888961270451545 0.33946969397366045 0.40747422613203532 0.001511942536942661 24.829138277098536 259.6805770881474
0.2741721608676016 0.15802125409245493 0.40747422613203532 0.001511942536942661 24.829138277098536 259.6805770881474
0.2741721608676016 0.33946969397366045 0.426849028468132 0.001511942536942661 24.829138277098536 259.6805770881474
0.2741721608676016 0.33946969397366045 0.40747422613203532 0.00081240895446389912 24.829138277098536 259.6805770881474
0.2741721608676016 0.33946969397366045 0.40747422613203532 0.001511942536942661 33.240012658759952 259.6805770881474
0.2741721608676016 0.33946969397366045 0.40747422613203532 0.001511942536942661 24.829138277098536 288.88279665261507
0.4888961270451545 0.15802125409245493 0.426849028468132 0.00081240895446389912 33.240012658759952 288.88279665261507
0.14526216774247586 0.21608295738697053 0.10274947062134743 0.018333014288917183 32.887707745656371 464.47669016197324
0.36302284384146327 0.21608295738697053 0.10274947062134743 0.018333014288917183 32.887707745656371 464.47669016197324
0.14526216774247586 0.23100898526608946 0.10274947062134743 0.018333014288917183 32.887707745656371 464.47669016197324
0.14526216774247586 0.21608295738697053 0.37919740937650204 0.018333014288917183 32.887707745656371 464.47669016197324
0.14526216774247586 0.21608295738697053 0.10274947062134743 0.0063807553540915253 32.887707745656371 464.47669016197324
0.14526216774247586 0.21608295738697053 0.10274947062134743 0.018333014288917183 27.193991478532553 464.47669016197324
0.14526216774247586 0.21608295738697053 0.10274947062134743 0.018333014288917183 32.887707745656371 504.39507905393839
0.36302284384146327 0.23100898526608946 0.37919740937650204 0.0063807553540915253 27.193991478532553 504.39507905393839
0.54453268609940997 0.4021281443536282 0.30161585733294488 0.0070210598489269613 14.640149112790823 562.88515273481607
0.59323072517290709 0.4021281443536282 0.30161585733294488 0.0070210598489269613 14.640149112790823 562.88515273481607
0.54453268609940997 0.36792037039995196 0.30161585733294488 0.0070210598489269613 14.640149112790823 562.88515273481607
0.54453268609940997 0.4021281443536282 0.17441660799086095 0.0070210598489269613 14.640149112790823 562.88515273481607
0.54453268609940997 0.4021281443536282 0.30161585733294488 0.01591042482238263 14.640149112790823 562.88515273481607
0.54453268609940997 0.4021281443536282 0.30161585733294488 0.0070210598489269613 17.011887768283486 562.88515273481607
0.54453268609940997 0.4021281443536282 0.30161585733294488 0.0070210598489269613 14.640149112790823 821.89313229173422
0.59323072517290709 0.36792037039995196 0.17441660799086095 0.01591042482238263 17.011887768283486 821.89313229173422
0.676604388654232 0.29083793610334396 0.45313023999333379 0.0096625032631680388 8.8729577250778675 906.01373231038451
0.26125871669501066 0.29083793610334396 0.45313023999333379 0.0096625032631680388 8.8729577250778675 906.01373231038451
0.676604388654232 0.26550906114280226 0.45313023999333379 0.0096625032631680388 8.8729577250778675 906.01373231038451
0.676604388654232 0.29083793610334396 0.31561932899057865 0.0096625032631680388 8.8729577250778675 906.01373231038451
0.676604388654232 0.29083793610334396 0.45313023999333379 0.0044020619777962568 8.8729577250778675 906.01373231038451
0.676604388654232 0.29083793610334396 0.45313023999333379 0.0096625032631680388 25.875081719830632 906.01373231038451
0.676604388654232 0.29083793610334396 0.45313023999333379 0.0096625032631680388 8.8729577250778675 943.78664903342724
0.26125871669501066 0.26550906114280226 0.31561932899057865 0.0044020619777962568 25.875081719830632 943.78664903342724
0.09452230012975632 0.47688769772648809 0.25435865148901937 0.015674972936138513 35.62450541369617 104.42229881882668
0.69380588959902523 0.47688769772648809 0.25435865148901937 0.015674972936138513 35.62450541369617 104.42229881882668
0.09452230012975632 0.32703592479228971 0.25435865148901937 0.015674972936138513 35.62450541369617 104.42229881882668
0.09452230012975632 0.47688769772648809 0.13271973095834255 0.015674972936138513 35.62450541369617 104.42229881882668
0.09452230012975632 0.47688769772648809 0.25435865148901937 0.014016170279309155 35.62450541369617 104.42229881882668
0.09452230012975632 0.47688769772648809 0.25435865148901937 0.015674972936138513 22.022032339125872 104.42229881882668
0.09452230012975632 0.47688769772648809 0.25435865148901937 0.015674972936138513 35.62450541369617 375.36087483167648
0.69380588959902523 0.32703592479228971 0.13271973095834255 0.014016170279309155 22.022032339125872 375.36087483167648
0.32491451771929858 0.15349715016782284 0.36211523897945885 0.004110862437449396 28.654957732185721 365.51132723689079
0.15692437281832097 0.15349715016782284 0.36211523897945885 0.004110862437449396 28.654957732185721 365.51132723689079
0.32491451771929858 0.46205521114170556 0.36211523897945885 0.004110862437449396 28.654957732185721 365.51132723689079
0.32491451771929858 0.15349715016782284 0.2866304636001587 0.004110862437449396 28.654957732185721 365.51132723689079
0.32491451771929858 0.15349715016782284 0.36211523897945885 0.019584445831738413 28.654957732185721 365.51132723689079
0.32491451771929858 0.15349715016782284 0.36211523897945885 0.004110862437449396 8.358809744939208 365.51132723689079
0.32491451771929858 0.15349715016782284 0.36211523897945885 0.004110862437449396 28.654957732185721 131.39401599764824
0.15692437281832097 0.46205521114170556 0.2866304636001587 0.019584445831738413 8.358809744939208 131.39401599764824
0.40300851319916542 0.36432718969881539 0.16099970676004888 0.010164042880013586 18.843891929835081 717.0447981916368
0.38682207753881809 0.36432718969881539 0.16099970676004888 0.010164042880013586 18.843891929835081 717.0447981916368
0.40300851319916542 0.14858212396502496 0.16099970676004888 0.010164042880013586 18.843891929835081 717.0447981916368
0.40300851319916542 0.36432718969881539 0.46639613732695584 0.010164042880013586 18.843891929835081 717.0447981916368
0.40300851319916542 0.36432718969881539 0.16099970676004888 0.0099715319011360413 18.843891929835081 717.0447981916368
0.40300851319916542 0.36432718969881539 0.16099970676004888 0.010164042880013586 35.671345584094524 717.0447981916368
0.40300851319916542 0.36432718969881539 0.16099970676004888 0.010164042880013586 18.843891929835081 742.47419573366642
0.38682207753881809 0.14858212396502496 0.46639613732695584 0.0099715319011360413 35.671345584094524 742.47419573366642
0.45303274579346176 0.23059420883655549 0.38077502101659777 0.017339937233924865 25.397624291479588 637.18564994633198
0.24778838763013478 0.23059420883655549 0.38077502101659777 0.017339937233924865 25.397624291479588 637.18564994633198
0.45303274579346176 0.29508114494383336 0.38077502101659777 0.017339937233924865 25.397624291479588 637.18564994633198
0.45303274579346176 0.23059420883655549 0.32920000441372399 0.017339937233924865 25.397624291479588 637.18564994633198
0.45303274579346176 0.23059420883655549 0.38077502101659777 0.016342182917706668 25.397624291479588 637.18564994633198
0.45303274579346176 0.23059420883655549 0.38077502101659777 0.017339937233924865 36.443696973845363 637.18564994633198
0.45303274579346176 0.23059420883655549 0.38077502101659777 0.017339937233924865 25.397624291479588 623.38342983275652
0.24778838763013478 0.29508114494383336 0.32920000441372399 0.016342182917706668 36.443696973845363 623.38342983275652
0.35970903052948411 0.43830058202147482 0.18042548000812531 0.0088504162007942803 22.148600334301591 538.71922148391604
0.62730566570535296 0.43830058202147482 0.18042548000812531 0.0088504162007942803 22.148600334301591 538.71922148391604
0.35970903052948411 0.30699790790677073 0.18042548000812531 0.0088504162007942803 22.148600334301591 538.71922148391604
0.35970903052948411 0.43830058202147482 0.12460933141410352 0.0088504162007942803 22.148600334301591 538.71922148391604
0.35970903052948411 0.43830058202147482 0.18042548000812531 0.0067170334067195659 22.148600334301591 538.71922148391604
0.35970903052948411 0.43830058202147482 0.18042548000812531 0.0088504162007942803 11.467607423663139 538.71922148391604
0.35970903052948411 0.43830058202147482 0.18042548000812531 0.0088504162007942803 22.148600334301591 249.60802476853132
0.62730566570535296 0.30699790790677073 0.12460933141410352 0.0067170334067195659 11.467607423663139 249.60802476853132
0.060678047034889465 0.1180333148688078 0.48507089130580427 0.011752041672915221 12.134407909587026 290.02889199182391
0.18406943306326867 0.1180333148688078 0.48507089130580427 0.011752041672915221 12.134407909587026 290.02889199182391
0.060678047034889465 0.47890761755406863 0.48507089130580427 0.011752041672915221 12.134407909587026 290.02889199182391
0.060678047034889465 0.1180333148688078 0.26913289576768873 0.011752041672915221 12.134407909587026 290.02889199182391
0.060678047034889465 0.1180333148688078 0.48507089130580427 0.0023849879523739222 12.134407909587026 290.02889199182391
0.060678047034889465 0.1180333148688078 0.48507089130580427 0.011752041672915221 20.333681369200349 290.02889199182391
0.060678047034889465 0.1180333148688078 0.48507089130580427 0.011752041672915221 12.134407909587026 480.39128985255957
0.18406943306326867 0.47890761755406863 0.26913289576768873 0.0023849879523739222 20.333681369200349 480.39128985255957
0.62753041577525437 0.30095941908657553 0.28550279401242734 0.0032258873643353585 32.322997331619263 838.43735791742802
0.44218662306666368 0.30095941908657553 0.28550279401242734 0.0032258873643353585 32.322997331619263 838.43735791742802
0.62753041577525437 0.11582433134317399 0.28550279401242734 0.0032258873643353585 32.322997331619263 838.43735791742802
0.62753041577525437 0.30095941908657553 0.47686398103833205 0.0032258873643353585 32.322997331619263 838.43735791742802
0.62753041577525437 0.30095941908657553 0.28550279401242734 0.012011331834271551 32.322997331619263 838.43735791742802
0.62753041577525437 0.30095941908657553 0.28550279401242734 0.0032258873643353585 23.7106645219028 838.43735791742802
0.62753041577525437 0.30095941908657553 0.28550279401242734 0.0032258873643353585 32.322997331619263 839.63728938251734
0.44218662306666368 0.11582433134317399 0.47686398103833205 0.012011331834271551 23.7106645219028 839.63728938251734
0.59710337747819719 0.1935760285705328 0.13389056138694289 0.00062344022486358886 36.163809441030025 735.96046203747392
0.12284941291436552 0.1935760285705328 0.13389056138694289 0.00062344022486358886 36.163809441030025 735.96046203747392
0.59710337747819719 0.41360920481383801 0.13389056138694289 0.00062344022486358886 36.163809441030025 735.96046203747392
0.59710337747819719 0.1935760285705328 0.23660959973931314 0.00062344022486358886 36.163809441030025 735.96046203747392
0.59710337747819719 0.1935760285705328 0.13389056138694289 0.008088417499139907 36.163809441030025 735.96046203747392
0.59710337747819719 0.1935760285705328 0.13389056138694289 0.00062344022486358886 17.667072389274836 735.96046203747392
0.59710337747819719 0.1935760285705328 0.13389056138694289 0.00062344022486358886 36.163809441030025 940.98550081253052
0.12284941291436552 0.41360920481383801 0.23660959973931314 0.008088417499139907 17.667072389274836 940.98550081253052
0.17243695901706813 0.37649450041353705 0.33355956040322782 0.014371728764474394 11.353293547406793 384.36903860419989
0.50205651437863708 0.37649450041353705 0.33355956040322782 0.014371728764474394 11.353293547406793 384.36903860419989
0.17243695901706813 0.17512919008731842 0.33355956040322782 0.014371728764474394 11.353293547406793 384.36903860419989
0.17243695901706813 0.37649450041353705 0.41622169464826586 0.014371728764474394 11.353293547406793 384.36903860419989
0.17243695901706813 0.37649450041353705 0.33355956040322782 0.017605850206874312 11.353293547406793 384.36903860419989
0.17243695901706813 0.37649450041353705 0.33355956040322782 0.014371728764474394 30.185581373050809 384.36903860419989
0.17243695901706813 0.37649450041353705 0.33355956040322782 0.014371728764474394 11.353293547406793 386.18290089070797
0.50205651437863708 0.17512919008731842 0.41622169464826586 0.017605850206874312 30.185581373050809 386.18290089070797
0.24795264652930199 0.25623410195112228 0.22568700462579727 0.0062131485300138591 16.367331819608808 191.91325958818197
0.307968240045011 0.25623410195112228 0.22568700462579727 0.0062131485300138591 16.367331819608808 191.91325958818197
0.24795264652930199 0.21083742268383504 0.22568700462579727 0.0062131485300138591 16.367331819608808 191.91325958818197
0.24795264652930199 0.25623410195112228 0.36543290130794048 0.0062131485300138591 16.367331819608808 191.91325958818197
0.24795264652930199 0.25623410195112228 0.22568700462579727 0.013273875599727036 16.367331819608808 191.91325958818197
0.24795264652930199 0.25623410195112228 0.22568700462579727 0.0062131485300138591 31.668857403099537 191.91325958818197
0.24795264652930199 0.25623410195112228 0.22568700462579727 0.0062131485300138591 16.367331819608808 183.85421223938465
0.307968240045011 0.21083742268383504 0.36543290130794048 0.013273875599727036 31.668857403099537 183.85421223938465
0.48346231207251544 0.46393284276127822 0.42613705992698669 0.01999927884116769 28.119202211499214 993.44672048464417
0.56577571835368867 0.46393284276127822 0.42613705992698669 0.01999927884116769 28.119202211499214 993.44672048464417
0.48346231207251544 0.39735745713114745 0.42613705992698669 0.01999927884116769 28.119202211499214 993.44672048464417
0.48346231207251544 0.46393284276127822 0.18271084018051625 0.01999927884116769 28.119202211499214 993.44672048464417
0.48346231207251544 0.46393284276127822 0.42613705992698669 0.0037576466305181389 28.119202211499214 993.44672048464417
0.48346231207251544 0.46393284276127822 0.42613705992698669 0.01999927884116769 12.551212629303336 993.44672048464417
0.48346231207251544 0.46393284276127822 0.42613705992698669 0.01999927884116769 28.119202211499214 696.05733826756477
0.56577571835368867 0.39735745713114745 0.18271084018051625 0.0037576466305181389 12.551212629303336 696.05733826756477
