0.47767673046328119 0.10453070960938932 0.37478862442076211 0.013366079835407437 27.643708830699325 402.46366402134299
0.25056670522317287 0.10453070960938932 0.37478862442076211 0.013366079835407437 27.643708830699325 402.46366402134299
0.47767673046328119 0.12913080118596554 0.37478862442076211 0.013366079835407437 27.643708830699325 402.46366402134299
0.47767673046328119 0.10453070960938932 0.18959331139922142 0.013366079835407437 27.643708830699325 402.46366402134299
0.47767673046328119 0.10453070960938932 0.37478862442076211 0.0067141532707959417 27.643708830699325 402.46366402134299
0.47767673046328119 0.10453070960938932 0.37478862442076211 0.013366079835407437 20.804851783439517 402.46366402134299
0.47767673046328119 0.10453070960938932 0.37478862442076211 0.013366079835407437 27.643708830699325 909.63406572118402
0.25056670522317287 0.12913080118596554 0.18959331139922142 0.0067141532707959417 20.804851783439517 909.63406572118402
0.2510770282708108 0.31553905643522739 0.17358156628906729 0.0020928282868117095 16.837557341903448 725.98198652267456
0.61943809902295466 0.31553905643522739 0.17358156628906729 0.0020928282868117095 16.837557341903448 725.98198652267456
0.2510770282708108 0.46565159708261494 0.17358156628906729 0.0020928282868117095 16.837557341903448 725.98198652267456
0.2510770282708108 0.31553905643522739 0.35679419040679938 0.0020928282868117095 16.837557341903448 725.98198652267456
0.2510770282708108 0.31553905643522739 0.17358156628906729 0.0163501790991053 16.837557341903448 725.98198652267456
0.2510770282708108 0.31553905643522739 0.17358156628906729 0.0020928282868117095 23.283610969781876 725.98198652267456
0.2510770282708108 0.31553905643522739 0.17358156628906729 0.0020928282868117095 16.837557341903448 409.73554672673345
0.61943809902295466 0.46565159708261494 0.35679419040679938 0.0163501790991053 23.283610969781876 409.73554672673345
0.17948554488830265 0.24214071184396746 0.46580468341708181 0.017756131534837186 9.9419031776487827 974.6410146355629
0.19177591111510989 0.24214071184396746 0.46580468341708181 0.017756131534837186 9.9419031776487827 974.6410146355629
0.17948554488830265 0.34530590213835244 0.46580468341708181 0.017756131534837186 9.9419031776487827 974.6410146355629
0.17948554488830265 0.24214071184396746 0.41225845776498315 0.017756131534837186 9.9419031776487827 974.6410146355629
0.17948554488830265 0.24214071184396746 0.46580468341708181 0.012018440526351334 9.9419031776487827 974.6410146355629
0.17948554488830265 0.24214071184396746 0.46580468341708181 0.017756131534837186 36.917737463489175 974.6410146355629
0.17948554488830265 0.24214071184396746 0.46580468341708181 0.017756131534837186 9.9419031776487827 207.76736037805676
0.19177591111510989 0.34530590213835244 0.41225845776498315 0.012018440526351334 36.917737463489175 207.76736037805676
0.59270975384861224 0.42802699580788617 0.26694156304001809 0.0064450396899133925 37.573136297985911 201.2844561599195
0.43956692423671478 0.42802699580788617 0.26694156304001809 0.0064450396899133925 37.573136297985911 201.2844561599195
0.59270975384861224 0.25682665184140208 0.26694156304001809 0.0064450396899133925 37.573136297985911 201.2844561599195
0.59270975384861224 0.42802699580788617 0.24194150306284429 0.0064450396899133925 37.573136297985911 201.2844561599195
0.59270975384861224 0.42802699580788617 0.26694156304001809 0.0023836373193189503 37.573136297985911 201.2844561599195
0.59270975384861224 0.42802699580788617 0.26694156304001809 0.0064450396899133925 11.038141783326864 201.2844561599195
0.59270975384861224 0.42802699580788617 0.26694156304001809 0.0064450396899133925 37.573136297985911 665.89035326614976
0.43956692423671478 0.25682665184140208 0.24194150306284429 0.0023836373193189503 11.038141783326864 665.89035326614976
0.62306149508804076 0.2665145516395569 0.11542860493063928 0.0090826276298612372 30.910673609003425 529.36175782233477
0.13040680298581719 0.2665145516395569 0.11542860493063928 0.0090826276298612372 30.910673609003425 529.36175782233477
0.62306149508804076 0.36061652787029741 0.11542860493063928 0.0090826276298612372 30.910673609003425 529.36175782233477
0.62306149508804076 0.2665145516395569 0.49458491243422031 0.0090826276298612372 30.910673609003425 529.36175782233477
0.62306149508804076 0.2665145516395569 0.11542860493063928 0.017636204893700779 30.910673609003425 529.36175782233477
0.62306149508804076 0.2665145516395569 0.11542860493063928 0.0090826276298612372 32.083230812102556 529.36175782233477
0.62306149508804076 0.2665145516395569 0.11542860493063928 0.0090826276298612372 30.910673609003425 654.19055251404643
0.13040680298581719 0.36061652787029741 0.49458491243422031 0.017636204893700779 32.083230812102556 654.19055251404643
0.067648236406967044 0.45238100215792654 0.31419120505452158 0.015097111671976747 13.541013162583113 656.00508870556951
0.49958837339654555 0.45238100215792654 0.31419120505452158 0.015097111671976747 13.541013162583113 656.00508870556951
0.067648236406967044 0.24753400608897211 0.31419120505452158 0.015097111671976747 13.541013162583113 656.00508870556951
0.067648236406967044 0.45238100215792654 0.25238695405423639 0.015097111671976747 13.541013162583113 656.00508870556951
0.067648236406967044 0.45238100215792654 0.31419120505452158 0.0080523047532886274 13.541013162583113 656.00508870556951
0.067648236406967044 0.45238100215792654 0.31419120505452158 0.015097111671976747 12.063883246853948 656.00508870556951
0.067648236406967044 0.45238100215792654 0.31419120505452158 0.015097111671976747 13.541013162583113 226.38983866199851
0.49958837339654555 0.24753400608897211 0.25238695405423639 0.0080523047532886274 12.063883246853948 226.38983866199851
0.36291680661961429 0.17900172881782056 0.2189452324062586 0.0046955971706658601 21.675835598260164 848.40210052207112
0.31027822718024251 0.17900172881782056 0.2189452324062586 0.0046955971706658601 21.675835598260164 848.40210052207112
0.36291680661961429 0.16338673643767834 0.2189452324062586 0.0046955971706658601 21.675835598260164 848.40210052207112
0.36291680661961429 0.17900172881782056 0.1031635731458664 0.0046955971706658601 21.675835598260164 848.40210052207112
0.36291680661961429 0.17900172881782056 0.2189452324062586 0.0037206463953480128 21.675835598260164 848.40210052207112
0.36291680661961429 0.17900172881782056 0.2189452324062586 0.0046955971706658601 18.080864541232586 848.40210052207112
0.36291680661961429 0.17900172881782056 0.2189452324062586 0.0046955971706658601 21.675835598260164 456.15344857797027
0.31027822718024251 0.16338673643767834 0.1031635731458664 0.0037206463953480128 18.080864541232586 456.15344857797027
0.44732745909132055 0.38999024219810963 0.4200513947755099 0.010746713013015689 25.868790430948138 271.92053366452456
0.55837895199656484 0.38999024219810963 0.4200513947755099 0.010746713013015689 25.868790430948138 271.92053366452456
0.44732745909132055 0.42530426084995276 0.4200513947755099 0.010746713013015689 25.868790430948138 271.92053366452456
0.44732745909132055 0.38999024219810963 0.34849584624171259 0.010746713013015689 25.868790430948138 271.92053366452456
0.44732745909132055 0.38999024219810963 0.4200513947755099 0.013305759789422156 25.868790430948138 271.92053366452456
0.44732745909132055 0.38999024219810963 0.4200513947755099 0.010746713013015689 29.699290787801147 271.92053366452456
0.44732745909132055 0.38999024219810963 0.4200513947755099 0.010746713013015689 25.868790430948138 870.35856796428561
0.55837895199656484 0.42530426084995276 0.34849584624171259 0.013305759789422156 29.699290787801147 870.35856796428561
0.39975643325597043 0.20493058115243912 0.23816615641117098 0.016680263277329504 17.437056900933385 126.93892130628228
0.053759939782321457 0.20493058115243912 0.23816615641117098 0.016680263277329504 17.437056900933385 126.93892130628228
0.39975643325597043 0.38122825883328915 0.23816615641117098 0.016680263277329504 17.437056900933385 126.93892130628228
0.39975643325597043 0.20493058115243912 0.46215801425278191 0.016680263277329504 17.437056900933385 126.93892130628228
0.39975643325597043 0.20493058115243912 0.23816615641117098 0.000785076835565269 17.437056900933385 126.93892130628228
0.39975643325597043 0.20493058115243912 0.23816615641117098 0.016680263277329504 27.651845619082451 126.93892130628228
0.39975643325597043 0.20493058115243912 0.23816615641117098 0.016680263277329504 17.437056900933385 977.14638980105519
0.053759939782321457 0.38122825883328915 0.46215801425278191 0.000785076835565269 27.651845619082451 977.14638980105519
0.3305848013143986 0.41279581561684608 0.43852463811635978 0.0081928317755460747 30.067053467035294 900.45725386589766
0.49624485205858937 0.41279581561684608 0.43852463811635978 0.0081928317755460747 30.067053467035294 900.45725386589766
0.3305848013143986 0.21775440722703934 0.43852463811635978 0.0081928317755460747 30.067053467035294 900.45725386589766
0.3305848013143986 0.41279581561684608 0.29184662811458112 0.0081928317755460747 30.067053467035294 900.45725386589766
0.3305848013143986 0.41279581561684608 0.43852463811635978 0.010363090757653119 30.067053467035294 900.45725386589766
0.3305848013143986 0.41279581561684608 0.43852463811635978 0.0081928317755460747 16.509458778426051 900.45725386589766
0.3305848013143986 0.41279581561684608 0.43852463811635978 0.0081928317755460747 30.067053467035294 350.24581709876657
0.49624485205858937 0.21775440722703934 0.29184662811458112 0.010363090757653119 16.509458778426051 350.24581709876657
0.099026262667030102 0.14254021011292936 0.14636866115033628 0.012406831303425134 35.153569050133228 695.57490777224302
0.35551659455522888 0.14254021011292936 0.14636866115033628 0.012406831303425134 35.153569050133228 695.57490777224302
0.099026262667030102 0.19632761515676977 0.14636866115033628 0.012406831303425134 35.153569050133228 695.57490777224302
0.099026262667030102 0.14254021011292936 0.13951042145490647 0.012406831303425134 35.153569050133228 695.57490777224302
0.099026262667030102 0.14254021011292936 0.14636866115033628 0.0159311113929376 35.153569050133228 695.57490777224302
0.099026262667030102 0.14254021011292936 0.14636866115033628 0.012406831303425134 15.055737506598234 695.57490777224302
0.099026262667030102 0.14254021011292936 0.14636866115033628 0.012406831303425134 35.153569050133228 105.54080093279481
0.35551659455522888 0.19632761515676977 0.13951042145490647 0.0159311113929376 15.055737506598234 105.54080093279481
0.66967854187823828 0.32528336681425574 0.34594608061015608 0.0038786881469190125 9.34595044888556 372.21833923831582
0.5956700413487851 0.32528336681425574 0.34594608061015608 0.0038786881469190125 9.34595044888556 372.21833923831582
0.66967854187823828 0.40785371735692022 0.34594608061015608 0.0038786881469190125 9.34595044888556 372.21833923831582
0.66967854187823828 0.32528336681425574 0.3066817738115788 0.0038786881469190125 9.34595044888556 372.21833923831582
0.66967854187823828 0.32528336681425574 0.34594608061015608 0.0063543107245117424 9.34595044888556 372.21833923831582
0.66967854187823828 0.32528336681425574 0.34594608061015608 0.0038786881469190125 32.738608384504914 372.21833923831582
0.66967854187823828 0.32528336681425574 0.34594608061015608 0.0038786881469190125 9.34595044888556 774.16196810081601
0.5956700413487851 0.40785371735692022 0.3066817738115788 0.0063543107245117424 32.738608384504914 774.16196810081601
0.53752902396954594 0.16767660789191724 0.49755650721490385 0.0012800896957516671 14.170153366401792 252.93236635625362
0.25360027998685836 0.16767660789191724 0.49755650721490385 0.0012800896957516671 14.170153366401792 252.93236635625362
0.53752902396954594 0.11183975227177144 0.49755650721490385 0.0012800896957516671 14.170153366401792 252.93236635625362
0.53752902396954594 0.16767660789191724 0.15328228548169137 0.0012800896957516671 14.170153366401792 252.93236635625362
0.53752902396954594 0.16767660789191724 0.49755650721490385 0.014032947087660433 14.170153366401792 252.93236635625362
0.53752902396954594 0.16767660789191724 0.49755650721490385 0.0012800896957516671 8.8734745252877474 252.93236635625362
0.53752902396954594 0.16767660789191724 0.49755650721490385 0.0012800896957516671 14.170153366401792 559.10436203703284
0.25360027998685836 0.11183975227177144 0.15328228548169137 0.014032947087660433 8.8734745252877474 559.10436203703284
0.14969017459079623 0.35043655224144465 0.29788467101752758 0.015027503691054883 33.363429114222527 829.57569388672709
0.69639490395784376 0.35043655224144465 0.29788467101752758 0.015027503691054883 33.363429114222527 829.57569388672709
0.14969017459079623 0.4987503759562969 0.29788467101752758 0.015027503691054883 33.363429114222527 829.57569388672709
0.14969017459079623 0.35043655224144465 0.39857244044542317 0.015027503691054883 33.363429114222527 829.57569388672709
0.14969017459079623 0.35043655224144465 0.29788467101752758 0.004391043228469789 33.363429114222527 829.57569388672709
0.14969017459079623 0.35043655224144465 0.29788467101752758 0.015027503691054883 35.229179237037897 829.57569388672709
0.14969017459079623 0.35043655224144465 0.29788467101752758 0.015027503691054883 33.363429114222527 313.67659447714686
0.69639490395784376 0.4987503759562969 0.39857244044542317 0.004391043228469789 35.229179237037897 313.67659447714686
0.27992332051508123 0.28016492128372195 0.39325881600379942 0.0055517089255154133 23.419581644237041 568.48282990977168
0.15417488003149626 0.28016492128372195 0.39325881600379942 0.0055517089255154133 23.419581644237041 568.48282990977168
0.27992332051508123 0.3152950804680586 0.39325881600379942 0.0055517089255154133 23.419581644237041 568.48282990977168
0.27992332051508123 0.28016492128372195 0.44467387609183795 0.0055517089255154133 23.419581644237041 568.48282990977168
0.27992332051508123 0.28016492128372195 0.39325881600379942 0.0099589836489409229 23.419581644237041 568.48282990977168
0.27992332051508123 0.28016492128372195 0.39325881600379942 0.0055517089255154133 26.392602046951652 568.48282990977168
0.27992332051508123 0.28016492128372195 0.39325881600379942 0.0055517089255154133 23.419581644237041 530.58618707582355
0.15417488003149626 0.3152950804680586 0.44467387609183795 0.0099589836489409229 26.392602046951652 530.58618707582355
0.53190838228911153 0.48804694339632992 0.19280554205179215 0.019338626079447568 21.05047289468348 442.00126640498638
0.3946385034359991 0.48804694339632992 0.19280554205179215 0.019338626079447568 21.05047289468348 442.00126640498638
0.53190838228911153 0.27720575034618378 0.19280554205179215 0.019338626079447568 21.05047289468348 442.00126640498638
0.53190838228911153 0.48804694339632992 0.20249330885708333 0.019338626079447568 21.05047289468348 442.00126640498638
0.53190838228911153 0.48804694339632992 0.19280554205179215 0.019602110129408538 21.05047289468348 442.00126640498638
0.53190838228911153 0.48804694339632992 0.19280554205179215 0.019338626079447568 21.577467985451221 442.00126640498638
0.53190838228911153 0.48804694339632992 0.19280554205179215 0.019338626079447568 21.05047289468348 789.6644807420671
0.3946385034359991 0.27720575034618378 0.20249330885708333 0.019602110129408538 21.577467985451221 789.6644807420671
0.49897718410938968 0.28827387131750581 0.42962270602583885 0.0044723648402839903 36.90585963614285 800.31884694471955
0.64750649742782107 0.28827387131750581 0.42962270602583885 0.0044723648402839903 36.90585963614285 800.31884694471955
0.49897718410938968 0.31052140891551971 0.42962270602583885 0.0044723648402839903 36.90585963614285 800.31884694471955
0.49897718410938968 0.28827387131750581 0.2837340425699949 0.0044723648402839903 36.90585963614285 800.31884694471955
0.49897718410938968 0.28827387131750581 0.42962270602583885 0.0086393507242202763 36.90585963614285 800.31884694471955
0.49897718410938968 0.28827387131750581 0.42962270602583885 0.0044723648402839903 22.46977075189352 800.31884694471955
0.49897718410938968 0.28827387131750581 0.42962270602583885 0.0044723648402839903 36.90585963614285 628.44246411696076
0.64750649742782107 0.31052140891551971 0.2837340425699949 0.0086393507242202763 22.46977075189352 628.44246411696076
0.27234803359024223 0.48033100329339506 0.22851349189877512 0.010524916656874122 11.091031536459923 223.78227468580008
0.22749834768474098 0.48033100329339506 0.22851349189877512 0.010524916656874122 11.091031536459923 223.78227468580008
0.27234803359024223 0.29704137258231644 0.22851349189877512 0.010524916656874122 11.091031536459923 223.78227468580008
0.27234803359024223 0.48033100329339506 0.46343466229736807 0.010524916656874122 11.091031536459923 223.78227468580008
0.27234803359024223 0.48033100329339506 0.22851349189877512 0.018292131085135045 11.091031536459923 223.78227468580008
0.27234803359024223 0.48033100329339506 0.22851349189877512 0.010524916656874122 25.383397882804275 223.78227468580008
0.27234803359024223 0.48033100329339506 0.22851349189877512 0.010524916656874122 11.091031536459923 240.64562367275357
0.22749834768474098 0.29704137258231644 0.46343466229736807 0.018292131085135045 25.383397882804275 240.64562367275357
0.15756242675706744 0.15059091225266458 0.3362628076225519 0.010098330978676679 15.688427977263927 472.47045841068029
0.42193124117329711 0.15059091225266458 0.3362628076225519 0.010098330978676679 15.688427977263927 472.47045841068029
0.15756242675706744 0.11387908384203911 0.3362628076225519 0.010098330978676679 15.688427977263927 472.47045841068029
0.15756242675706744 0.15059091225266458 0.3173364497721195 0.010098330978676679 15.688427977263927 472.47045841068029
0.15756242675706744 0.15059091225266458 0.3362628076225519 0.012722906600683929 15.688427977263927 472.47045841068029
0.15756242675706744 0.15059091225266458 0.3362628076225519 0.010098330978676679 34.366644967347383 472.47045841068029
0.15756242675706744 0.15059091225266458 0.3362628076225519 0.010098330978676679 15.688427977263927 489.30913778021932
0.42193124117329711 0.11387908384203911 0.3173364497721195 0.012722906600683929 34.366644967347383 489.30913778021932
0.5707968602422625 0.36791659146547318 0.13749715574085714 0.016111379636637866 28.310986498370767 599.05898505821824
0.2042553317733109 0.36791659146547318 0.13749715574085714 0.016111379636637866 28.310986498370767 599.05898505821824
0.5707968602422625 0.47539909370243549 0.13749715574085714 0.016111379636637866 28.310986498370767 599.05898505821824
0.5707968602422625 0.36791659146547318 0.13451980799436569 0.016111379636637866 28.310986498370767 599.05898505821824
0.5707968602422625 0.36791659146547318 0.13749715574085714 0.0030713206844404342 28.310986498370767 599.05898505821824
0.5707968602422625 0.36791659146547318 0.13749715574085714 0.016111379636637866 9.8539401609450579 599.05898505821824
0.5707968602422625 0.36791659146547318 0.13749715574085714 0.016111379636637866 28.310986498370767 834.50650433078408
0.2042553317733109 0.47539909370243549 0.13451980799436569 0.0030713206844404342 9.8539401609450579 834.50650433078408
0.68239580229856067 0.12505635544657709 0.28276325501501565 0.018752801070176066 25.171929897740483 926.5320185571909
0.52234184462577105 0.12505635544657709 0.28276325501501565 0.018752801070176066 25.171929897740483 926.5320185571909
0.68239580229856067 0.17942163422703744 0.28276325501501565 0.018752801070176066 25.171929897740483 926.5320185571909
0.68239580229856067 0.12505635544657709 0.37544406205415726 0.018752801070176066 25.171929897740483 926.5320185571909
0.68239580229856067 0.12505635544657709 0.28276325501501565 0.01693171079028398 25.171929897740483 926.5320185571909
0.68239580229856067 0.12505635544657709 0.28276325501501565 0.018752801070176066 33.751746902242303 926.5320185571909
0.68239580229856067 0.12505635544657709 0.28276325501501565 0.018752801070176066 25.171929897740483 935.74617011472583
0.52234184462577105 0.17942163422703744 0.37544406205415726 0.01693171079028398 33.751746902242303 935.74617011472583
0.1269729389809072 0.34237440228462224 0.48162332363426685 0.0074402738410979516 22.795381873846054 153.12044126912951
0.10265332479029893 0.34237440228462224 0.48162332363426685 0.0074402738410979516 22.795381873846054 153.12044126912951
0.1269729389809072 0.41633837260305884 0.48162332363426685 0.0074402738410979516 22.795381873846054 153.12044126912951
0.1269729389809072 0.34237440228462224 0.17074660137295722 0.0074402738410979516 22.795381873846054 153.12044126912951
0.1269729389809072 0.34237440228462224 0.48162332363426685 0.0073645732961595059 22.795381873846054 153.12044126912951
0.1269729389809072 0.34237440228462224 0.48162332363426685 0.0074402738410979516 14.159958150237799 153.12044126912951
0.1269729389809072 0.34237440228462224 0.48162332363426685 0.0074402738410979516 22.795381873846054 394.99214952811599
0.10265332479029893 0.41633837260305884 0.17074660137295722 0.0073645732961595059 14.159958150237799 394.99214952811599
0.3029350127559155 0.21264118142426014 0.17690278813242913 0.013123813691549005 12.421467669308186 345.59810711070895
0.54558461112901568 0.21264118142426014 0.17690278813242913 0.013123813691549005 12.421467669308186 345.59810711070895
0.3029350127559155 0.39461864978075034 0.17690278813242913 0.013123813691549005 12.421467669308186 345.59810711070895
0.3029350127559155 0.21264118142426014 0.2230856526643038 0.013123813691549005 12.421467669308186 345.59810711070895
0.3029350127559155 0.21264118142426014 0.17690278813242913 0.001795419732667506 12.421467669308186 345.59810711070895
0.3029350127559155 0.21264118142426014 0.17690278813242913 0.013123813691549005 15.526061041280627 345.59810711070895
0.3029350127559155 0.21264118142426014 0.17690278813242913 0.013123813691549005 12.421467669308186 175.00293841585517
0.54558461112901568 0.39461864978075034 0.2230856526643038 0.001795419732667506 15.526061041280627 175.00293841585517
0.38737573344260451 0.40469068102538586 0.37810679450631146 0.0018519981171935798 31.607533359900117 669.0616387873888
0.32822879655286663 0.40469068102538586 0.37810679450631146 0.0018519981171935798 31.607533359900117 669.0616387873888
0.38737573344260451 0.20653534196317197 0.37810679450631146 0.0018519981171935798 31.607533359900117 669.0616387873888
0.38737573344260451 0.40469068102538586 0.43091746978461742 0.0018519981171935798 31.607533359900117 669.0616387873888
0.38737573344260451 0.40469068102538586 0.37810679450631146 0.01136376089155674 31.607533359900117 669.0616387873888
0.38737573344260451 0.40469068102538586 0.37810679450631146 0.0018519981171935798 28.518685281276703 669.0616387873888
0.38737573344260451 0.40469068102538586 0.37810679450631146 0.0018519981171935798 31.607533359900117 701.22755346819758
0.32822879655286663 0.20653534196317197 0.43091746978461742 0.01136376089155674 28.518685281276703 701.22755346819758
0.41915258639492087 0.19023033753037455 0.15823423229157926 0.005774638836830855 8.1822307612746954 629.35836976394057
0.46853166418150061 0.19023033753037455 0.15823423229157926 0.005774638836830855 8.1822307612746954 629.35836976394057
0.41915258639492087 0.16232551634311676 0.15823423229157926 0.005774638836830855 8.1822307612746954 629.35836976394057
0.41915258639492087 0.19023033753037455 0.36723603010177619 0.005774638836830855 8.1822307612746954 629.35836976394057
0.41915258639492087 0.19023033753037455 0.15823423229157926 0.0050499567301943897 8.1822307612746954 629.35836976394057
0.41915258639492087 0.19023033753037455 0.15823423229157926 0.005774638836830855 28.807674219831824 629.35836976394057
0.41915258639492087 0.19023033753037455 0.15823423229157926 0.005774638836830855 8.1822307612746954 583.01524119451642
0.46853166418150061 0.16232551634311676 0.36723603010177619 0.0050499567301943897 28.807674219831824 583.01524119451642
0.34995151339098807 0.3791561678051949 0.35869055800139904 0.019560120606608691 35.806254606693983 502.82178744673729
0.076473115850239998 0.3791561678051949 0.35869055800139904 0.019560120606608691 35.806254606693983 502.82178744673729
0.34995151339098807 0.44885235838592052 0.35869055800139904 0.019560120606608691 35.806254606693983 502.82178744673729
0.34995151339098807 0.3791561678051949 0.18442490920424462 0.019560120606608691 35.806254606693983 502.82178744673729
0.34995151339098807 0.3791561678051949 0.35869055800139904 0.014606061423569919 35.806254606693983 502.82178744673729
0.34995151339098807 0.3791561678051949 0.35869055800139904 0.019560120606608691 19.088924743235111 502.82178744673729
0.34995151339098807 0.3791561678051949 0.35869055800139904 0.019560120606608691 35.806254606693983 294.09544104710221
0.076473115850239998 0.44885235838592052 0.18442490920424462 0.014606061423569919 19.088924743235111 294.09544104710221
0.080276969028636819 0.25254699029028416 0.2508130669593811 0.00026408392786979676 29.414367128163576 298.02009537816048
0.61365965642035003 0.25254699029028416 0.2508130669593811 0.00026408392786979676 29.414367128163576 298.02009537816048
0.080276969028636819 0.36519338414072988 0.2508130669593811 0.00026408392786979676 29.414367128163576 298.02009537816048
0.080276969028636819 0.25254699029028416 0.23365117646753789 0.00026408392786979676 29.414367128163576 298.02009537816048
0.080276969028636819 0.25254699029028416 0.2508130669593811 0.018936586853303017 29.414367128163576 298.02009537816048
0.080276969028636819 0.25254699029028416 0.2508130669593811 0.00026408392786979676 12.925730424001813 298.02009537816048
0.080276969028636819 0.25254699029028416 0.2508130669593811 0.00026408392786979676 29.414367128163576 499.14324590936303
0.61365965642035003 0.36519338414072988 0.23365117646753789 0.018936586853303017 12.925730424001813 499.14324590936303
0.65093948002904645 0.4667413827031851 0.45048795491456983 0.014012933897413316 18.600777370855212 874.60863208398223
0.34268319346010678 0.4667413827031851 0.45048795491456983 0.014012933897413316 18.600777370855212 874.60863208398223
0.65093948002904645 0.22672027237713338 0.45048795491456983 0.014012933897413316 18.600777370855212 874.60863208398223
0.65093948002904645 0.4667413827031851 0.41332222186028955 0.014012933897413316 18.600777370855212 874.60863208398223
0.65093948002904645 0.4667413827031851 0.45048795491456983 0.009381685824692251 18.600777370855212 874.60863208398223
0.65093948002904645 0.4667413827031851 0.45048795491456983 0.014012933897413316 31.103910032659769 874.60863208398223
0.65093948002904645 0.4667413827031851 0.45048795491456983 0.014012933897413316 18.600777370855212 830.71745159104466
0.34268319346010678 0.22672027237713338 0.41332222186028955 0.009381685824692251 31.103910032659769 830.71745159104466
0.60003716293722387 0.2277871984988451 0.30512438714504242 0.011410463597066703 19.916220849379897 756.47619012743235
0.67336684642359612 0.2277871984988451 0.30512438714504242 0.011410463597066703 19.916220849379897 756.47619012743235
0.60003716293722387 0.33054682090878484 0.30512438714504242 0.011410463597066703 19.916220849379897 756.47619012743235
0.60003716293722387 0.2277871984988451 0.27320438884198667 0.011410463597066703 19.916220849379897 756.47619012743235
0.60003716293722387 0.2277871984988451 0.30512438714504242 0.01102751853913069 19.916220849379897 756.47619012743235
0.60003716293722387 0.2277871984988451 0.30512438714504242 0.011410463597066703 10.025690358132124 756.47619012743235
0.60003716293722387 0.2277871984988451 0.30512438714504242 0.011410463597066703 19.916220849379897 952.72043263539672
0.67336684642359612 0.33054682090878484 0.27320438884198667 0.01102751853913069 10.025690358132124 952.72043263539672
0.2121887016575783 0.44198616556823256 0.10555001944303513 0.0028837564148008828 24.101736631244421 433.06461619213223
0.2816283929161727 0.44198616556823256 0.10555001944303513 0.0028837564148008828 24.101736631244421 433.06461619213223
0.2121887016575783 0.26745823062956331 0.10555001944303513 0.0028837564148008828 24.101736631244421 433.06461619213223
0.2121887016575783 0.44198616556823256 0.48099404014647007 0.0028837564148008828 24.101736631244421 433.06461619213223
0.2121887016575783 0.44198616556823256 0.10555001944303513 0.0013636973375454548 24.101736631244421 433.06461619213223
0.2121887016575783 0.44198616556823256 0.10555001944303513 0.0028837564148008828 37.812371963635087 433.06461619213223
0.2121887016575783 0.44198616556823256 0.10555001944303513 0.0028837564148008828 24.101736631244421 370.21845234557986
0.2816283929161727 0.26745823062956331 0.48099404014647007 0.0013636973375454548 37.812371963635087 370.21845234557986
0.21803723340854048 0.11537317559123039 0.41020341776311398 0.016922831250168382 32.681275133043528 172.0009078271687
0.40715697947889562 0.11537317559123039 0.41020341776311398 0.016922831250168382 32.681275133043528 172.0009078271687
0.21803723340854048 0.14662426859140398 0.41020341776311398 0.016922831250168382 32.681275133043528 172.0009078271687
0.21803723340854048 0.11537317559123039 0.32553304955363271 0.016922831250168382 32.681275133043528 172.0009078271687
0.21803723340854048 0.11537317559123039 0.41020341776311398 0.005694151846319437 32.681275133043528 172.0009078271687
0.21803723340854048 0.11537317559123039 0.41020341776311398 0.016922831250168382 24.266322508454323 172.0009078271687
0.21803723340854048 0.11537317559123039 0.41020341776311398 0.016922831250168382 32.681275133043528 136.49634448811412
0.40715697947889562 0.14662426859140398 0.32553304955363271 0.005694151846319437 24.266322508454323 136.49634448811412
0.47005235613323743 0.30430358052253725 0.20984798781573774 0.0084339643642306339 15.304404405876994 945.46443615108728
0.13650014642626046 0.30430358052253725 0.20984798781573774 0.0084339643642306339 15.304404405876994 945.46443615108728
0.47005235613323743 0.45853563211858273 0.20984798781573774 0.0084339643642306339 15.304404405876994 945.46443615108728
0.47005235613323743 0.30430358052253725 0.12085293233394623 0.0084339643642306339 15.304404405876994 945.46443615108728
0.47005235613323743 0.30430358052253725 0.20984798781573774 0.015359167492575945 15.304404405876994 945.46443615108728
0.47005235613323743 0.30430358052253725 0.20984798781573774 0.0084339643642306339 19.939156083390117 945.46443615108728
0.47005235613323743 0.30430358052253725 0.20984798781573774 0.0084339643642306339 15.304404405876994 733.4727986715734
0.13650014642626046 0.45853563211858273 0.12085293233394623 0.015359167492575945 19.939156083390117 733.4727986715734
