0.45705014746636147 0.19804665781557562 0.12063501849770547 0.01297758142296225 33.49485263414681 951.75996711477637
0.39229454230517141 0.19804665781557562 0.12063501849770547 0.01297758142296225 33.49485263414681 951.75996711477637
0.45705014746636147 0.16381386779248713 0.12063501849770547 0.01297758142296225 33.49485263414681 951.75996711477637
0.45705014746636147 0.19804665781557562 0.42055794075131414 0.01297758142296225 33.49485263414681 951.75996711477637
0.45705014746636147 0.19804665781557562 0.12063501849770547 0.0011131024250760676 33.49485263414681 951.75996711477637
0.45705014746636147 0.19804665781557562 0.12063501849770547 0.01297758142296225 8.1630795374512672 951.75996711477637
0.45705014746636147 0.19804665781557562 0.12063501849770547 0.01297758142296225 33.49485263414681 620.3912915661931
0.39229454230517141 0.16381386779248713 0.42055794075131414 0.0011131024250760676 8.1630795374512672 620.3912915661931
0.23044672231189905 0.38383984826505191 0.32186326310038571 0.0020151493310928345 14.243890225887299 178.24163287878036
0.15272138845175504 0.38383984826505191 0.32186326310038571 0.0020151493310928345 14.243890225887299 178.24163287878036
0.23044672231189905 0.42573133260011675 0.32186326310038571 0.0020151493310928345 14.243890225887299 178.24163287878036
0.23044672231189905 0.38383984826505191 0.22524357587099075 0.0020151493310928345 14.243890225887299 178.24163287878036
0.23044672231189905 0.38383984826505191 0.32186326310038571 0.011277075785398485 14.243890225887299 178.24163287878036
0.23044672231189905 0.38383984826505191 0.32186326310038571 0.0020151493310928345 35.925154557451606 178.24163287878036
0.23044672231189905 0.38383984826505191 0.32186326310038571 0.0020151493310928345 14.243890225887299 248.81309848278761
0.15272138845175504 0.42573133260011675 0.22524357587099075 0.011277075785398485 35.925154557451606 248.81309848278761
0.19948419434949755 0.2603633113205433 0.21399520225822927 0.018604151219315829 20.976760007441044 425.28572976589203
0.69975424697622657 0.2603633113205433 0.21399520225822927 0.018604151219315829 20.976760007441044 425.28572976589203
0.19948419434949755 0.3602379444986582 0.21399520225822927 0.018604151219315829 20.976760007441044 425.28572976589203
0.19948419434949755 0.2603633113205433 0.18070482425391676 0.018604151219315829 20.976760007441044 425.28572976589203
0.19948419434949755 0.2603633113205433 0.21399520225822927 0.015609135438688101 20.976760007441044 425.28572976589203
0.19948419434949755 0.2603633113205433 0.21399520225822927 0.018604151219315829 26.150848988443613 425.28572976589203
0.19948419434949755 0.2603633113205433 0.21399520225822927 0.018604151219315829 20.976760007441044 482.88882877677679
0.69975424697622657 0.3602379444986582 0.18070482425391676 0.015609135438688101 26.150848988443613 482.88882877677679
0.61270468034781511 0.47142506092786796 0.41287988461554048 0.0076010086528956891 23.288184219971299 748.64229997619987
0.25657994141802187 0.47142506092786796 0.41287988461554048 0.0076010086528956891 23.288184219971299 748.64229997619987
0.61270468034781511 0.24715545848011972 0.41287988461554048 0.0076010086528956891 23.288184219971299 748.64229997619987
0.61270468034781511 0.47142506092786796 0.3729092467576266 0.0076010086528956891 23.288184219971299 748.64229997619987
0.61270468034781511 0.47142506092786796 0.41287988461554048 0.0054439393095672131 23.288184219971299 748.64229997619987
0.61270468034781511 0.47142506092786796 0.41287988461554048 0.0076010086528956891 21.804343836382031 748.64229997619987
0.61270468034781511 0.47142506092786796 0.41287988461554048 0.0076010086528956891 23.288184219971299 840.81652257591486
0.25657994141802187 0.24715545848011972 0.3729092467576266 0.0054439393095672131 21.804343836382031 840.81652257591486
0.64305269257165487 0.23559589013457299 0.36751927621662617 0.0099327715501189243 30.228627698495984 881.99077118188143
0.59743841439485545 0.23559589013457299 0.36751927621662617 0.0099327715501189243 30.228627698495984 881.99077118188143
0.64305269257165487 0.34487840421497823 0.36751927621662617 0.0099327715501189243 30.228627698495984 881.99077118188143
0.64305269257165487 0.23559589013457299 0.11400174088776112 0.0099327715501189243 30.228627698495984 881.99077118188143
0.64305269257165487 0.23559589013457299 0.36751927621662617 0.014936218514293434 30.228627698495984 881.99077118188143
0.64305269257165487 0.23559589013457299 0.36751927621662617 0.0099327715501189243 26.941571051254869 881.99077118188143
0.64305269257165487 0.23559589013457299 0.36751927621662617 0.0099327715501189243 30.228627698495984 943.48309338092804
0.59743841439485545 0.34487840421497823 0.11400174088776112 0.014936218514293434 26.941571051254869 943.48309338092804
0.087645636405795813 0.44667747318744666 0.16872938610613347 0.01625518613550812 17.539129510521889 305.34744532778859
0.35754563063383099 0.44667747318744666 0.16872938610613347 0.01625518613550812 17.539129510521889 305.34744532778859
0.087645636405795813 0.25639918968081477 0.16872938610613347 0.01625518613550812 17.539129510521889 305.34744532778859
0.087645636405795813 0.44667747318744666 0.33433736078441145 0.01625518613550812 17.539129510521889 305.34744532778859
0.087645636405795813 0.44667747318744666 0.16872938610613347 0.0047201191710308198 17.539129510521889 305.34744532778859
0.087645636405795813 0.44667747318744666 0.16872938610613347 0.01625518613550812 17.20531390234828 305.34744532778859
0.087645636405795813 0.44667747318744666 0.16872938610613347 0.01625518613550812 17.539129510521889 387.36208043992519
0.35754563063383099 0.25639918968081477 0.33433736078441145 0.0047201191710308198 17.20531390234828 387.36208043992519
0.34228277164511378 0.12318186648190022 0.47337926700711253 0.0043043890096247199 9.2439107522368431 496.15355851128697
0.49358011567965143 0.12318186648190022 0.47337926700711253 0.0043043890096247199 9.2439107522368431 496.15355851128697
0.34228277164511378 0.12950901202857495 0.47337926700711253 0.0043043890096247199 9.2439107522368431 496.15355851128697
0.34228277164511378 0.12318186648190022 0.48511087149381638 0.0043043890096247199 9.2439107522368431 496.15355851128697
0.34228277164511378 0.12318186648190022 0.47337926700711253 0.0090520984619855901 9.2439107522368431 496.15355851128697
0.34228277164511378 0.12318186648190022 0.47337926700711253 0.0043043890096247199 14.813863245770335 496.15355851128697
0.34228277164511378 0.12318186648190022 0.47337926700711253 0.0043043890096247199 9.2439107522368431 180.86202032864094
0.49358011567965143 0.12950901202857495 0.48511087149381638 0.0090520984619855901 14.813863245770335 180.86202032864094
0.4266996266320347 0.30899489037692551 0.27224543914198873 0.010666305573470891 34.992026278749108 622.63512033969164
0.050085715297609572 0.30899489037692551 0.27224543914198873 0.010666305573470891 34.992026278749108 622.63512033969164
0.4266996266320347 0.46602974832057953 0.27224543914198873 0.010666305573470891 34.992026278749108 622.63512033969164
0.4266996266320347 0.30899489037692551 0.26791568771004681 0.010666305573470891 34.992026278749108 622.63512033969164
0.4266996266320347 0.30899489037692551 0.27224543914198873 0.019266984699107707 34.992026278749108 622.63512033969164
0.4266996266320347 0.30899489037692551 0.27224543914198873 0.010666305573470891 32.965605214238167 622.63512033969164
0.4266996266320347 0.30899489037692551 0.27224543914198873 0.010666305573470891 34.992026278749108 695.26246562600136
0.050085715297609572 0.46602974832057953 0.26791568771004681 0.019266984699107707 32.965605214238167 695.26246562600136
0.37977026873268183 0.29920908883213998 0.49143480174243448 0.017069063813798128 13.468266820535064 676.21049443259835
0.56109173214063046 0.29920908883213998 0.49143480174243448 0.017069063813798128 13.468266820535064 676.21049443259835
0.37977026873268183 0.31494125984609128 0.49143480174243448 0.017069063813798128 13.468266820535064 676.21049443259835
0.37977026873268183 0.29920908883213998 0.1308180157095194 0.017069063813798128 13.468266820535064 676.21049443259835
0.37977026873268183 0.29920908883213998 0.49143480174243448 0.0070376675792038447 13.468266820535064 676.21049443259835
0.37977026873268183 0.29920908883213998 0.49143480174243448 0.017069063813798128 31.856346970424056 676.21049443259835
0.37977026873268183 0.29920908883213998 0.49143480174243448 0.017069063813798128 13.468266820535064 589.35369085520506
0.56109173214063046 0.31494125984609128 0.1308180157095194 0.0070376675792038447 31.856346970424056 589.35369085520506
0.31058252332732078 0.48189578503370289 0.29110358618199828 0.0082708128552883876 30.778424080461264 352.69217025488615
0.31392176961526269 0.48189578503370289 0.29110358618199828 0.0082708128552883876 30.778424080461264 352.69217025488615
0.31058252332732078 0.27685184627771375 0.29110358618199828 0.0082708128552883876 30.778424080461264 352.69217025488615
0.31058252332732078 0.48189578503370289 0.32299136184155941 0.0082708128552883876 30.778424080461264 352.69217025488615
0.31058252332732078 0.48189578503370289 0.29110358618199828 0.017259654173441233 30.778424080461264 352.69217025488615
0.31058252332732078 0.48189578503370289 0.29110358618199828 0.0082708128552883876 12.305644296109676 352.69217025488615
0.31058252332732078 0.48189578503370289 0.29110358618199828 0.0082708128552883876 30.778424080461264 287.64841724187136
0.31392176961526269 0.27685184627771375 0.32299136184155941 0.017259654173441233 12.305644296109676 287.64841724187136
0.11966517562977969 0.16152612902224064 0.39885567873716354 0.011559113742969931 26.001064155250788 146.24639134854078
0.49784882273524994 0.16152612902224064 0.39885567873716354 0.011559113742969931 26.001064155250788 146.24639134854078
0.11966517562977969 0.11224271692335606 0.39885567873716354 0.011559113742969931 26.001064155250788 146.24639134854078
0.11966517562977969 0.16152612902224064 0.47065206468105314 0.011559113742969931 26.001064155250788 146.24639134854078
0.11966517562977969 0.16152612902224064 0.39885567873716354 0.0116913124576211 26.001064155250788 146.24639134854078
0.11966517562977969 0.16152612902224064 0.39885567873716354 0.011559113742969931 17.384897323325276 146.24639134854078
0.11966517562977969 0.16152612902224064 0.39885567873716354 0.011559113742969931 26.001064155250788 507.33207110315561
0.49784882273524994 0.11224271692335606 0.47065206468105314 0.0116913124576211 17.384897323325276 507.33207110315561
0.69030134137719867 0.36948137544095516 0.19930590093135836 0.002723021307960153 21.748607812449336 919.60295150056481
0.12832662370055914 0.36948137544095516 0.19930590093135836 0.002723021307960153 21.748607812449336 919.60295150056481
0.69030134137719867 0.49915335252881055 0.19930590093135836 0.002723021307960153 21.748607812449336 919.60295150056481
0.69030134137719867 0.36948137544095516 0.27534477040171623 0.002723021307960153 21.748607812449336 919.60295150056481
0.69030134137719867 0.36948137544095516 0.19930590093135836 0.0014681127572432162 21.748607812449336 919.60295150056481
0.69030134137719867 0.36948137544095516 0.19930590093135836 0.002723021307960153 30.409677673131227 919.60295150056481
0.69030134137719867 0.36948137544095516 0.19930590093135836 0.002723021307960153 21.748607812449336 822.63291236013174
0.12832662370055914 0.49915335252881055 0.27534477040171623 0.0014681127572432162 30.409677673131227 822.63291236013174
0.55815057400614021 0.13599614985287189 0.24456866532564164 0.00042964365147054196 16.734551211819053 605.58814816176891
0.43623826811090105 0.13599614985287189 0.24456866532564164 0.00042964365147054196 16.734551211819053 605.58814816176891
0.55815057400614021 0.19668185599148275 0.24456866532564164 0.00042964365147054196 16.734551211819053 605.58814816176891
0.55815057400614021 0.13599614985287189 0.43500376567244536 0.00042964365147054196 16.734551211819053 605.58814816176891
0.55815057400614021 0.13599614985287189 0.24456866532564164 0.018544629614986478 16.734551211819053 605.58814816176891
0.55815057400614021 0.13599614985287189 0.24456866532564164 0.00042964365147054196 20.577862944453955 605.58814816176891
0.55815057400614021 0.13599614985287189 0.24456866532564164 0.00042964365147054196 16.734551211819053 946.72369472682476
0.43623826811090105 0.19668185599148275 0.43500376567244536 0.018544629614986478 20.577862944453955 946.72369472682476
0.17032535853795705 0.34393460862338543 0.44421933889389043 0.01386912710350007 27.483018051832914 478.94481895491481
0.18874821076169607 0.34393460862338543 0.44421933889389043 0.01386912710350007 27.483018051832914 478.94481895491481
0.17032535853795705 0.40820797011256216 0.44421933889389043 0.01386912710350007 27.483018051832914 478.94481895491481
0.17032535853795705 0.34393460862338543 0.21782747507095337 0.01386912710350007 27.483018051832914 478.94481895491481
0.17032535853795705 0.34393460862338543 0.44421933889389043 0.0083865326628088967 27.483018051832914 478.94481895491481
0.17032535853795705 0.34393460862338543 0.44421933889389043 0.01386912710350007 23.525477239862084 478.94481895491481
0.17032535853795705 0.34393460862338543 0.44421933889389043 0.01386912710350007 27.483018051832914 376.10060125589371
0.18874821076169607 0.40820797011256216 0.21782747507095337 0.0083865326628088967 23.525477239862084 376.10060125589371
0.25991979306563734 0.22358097657561304 0.13949011377990247 0.0059426149625331163 37.733860213309526 216.20955793187022
0.62183319851756091 0.22358097657561304 0.13949011377990247 0.0059426149625331163 37.733860213309526 216.20955793187022
0.25991979306563734 0.38082570843398578 0.13949011377990247 0.0059426149625331163 37.733860213309526 216.20955793187022
0.25991979306563734 0.22358097657561304 0.16392592154443264 0.0059426149625331163 37.733860213309526 216.20955793187022
0.25991979306563734 0.22358097657561304 0.13949011377990247 0.0028182713093236091 37.733860213309526 216.20955793187022
0.25991979306563734 0.22358097657561304 0.13949011377990247 0.0059426149625331163 36.221874237060547 216.20955793187022
0.25991979306563734 0.22358097657561304 0.13949011377990247 0.0059426149625331163 37.733860213309526 128.84127721190453
0.62183319851756091 0.38082570843398578 0.16392592154443264 0.0028182713093236091 36.221874237060547 128.84127721190453
0.51191848875023416 0.40625088512897489 0.33992184959352018 0.019418731394968927 10.044940544292331 792.69112311303616
0.25199136957526203 0.40625088512897489 0.33992184959352018 0.019418731394968927 10.044940544292331 792.69112311303616
0.51191848875023416 0.21735177338123324 0.33992184959352018 0.019418731394968927 10.044940544292331 792.69112311303616
0.51191848875023416 0.40625088512897489 0.38421787358820436 0.019418731394968927 10.044940544292331 792.69112311303616
0.51191848875023416 0.40625088512897489 0.33992184959352018 0.012975145492702725 10.044940544292331 792.69112311303616
0.51191848875023416 0.40625088512897489 0.33992184959352018 0.019418731394968927 11.748424453660846 792.69112311303616
0.51191848875023416 0.40625088512897489 0.33992184959352018 0.019418731394968927 10.044940544292331 741.239869967103
0.25199136957526203 0.21735177338123324 0.38421787358820436 0.012975145492702725 11.748424453660846 741.239869967103
0.51959795565344391 0.20649079941213133 0.27517651207745075 0.0045469563923776152 23.9996925201267 449.75438350811601
0.13984801666811109 0.20649079941213133 0.27517651207745075 0.0045469563923776152 23.9996925201267 449.75438350811601
0.51959795565344391 0.39497285187244413 0.27517651207745075 0.0045469563923776152 23.9996925201267 449.75438350811601
0.51959795565344391 0.20649079941213133 0.30297997258603571 0.0045469563923776152 23.9996925201267 449.75438350811601
0.51959795565344391 0.20649079941213133 0.27517651207745075 0.0041379041602835056 23.9996925201267 449.75438350811601
0.51959795565344391 0.20649079941213133 0.27517651207745075 0.0045469563923776152 10.736201463267207 449.75438350811601
0.51959795565344391 0.20649079941213133 0.27517651207745075 0.0045469563923776152 23.9996925201267 901.98122803121805
0.13984801666811109 0.39497285187244413 0.30297997258603571 0.0041379041602835056 10.736201463267207 901.98122803121805
0.29298492586240171 0.42373559810221195 0.47630728818476198 0.010907438752241434 19.754675339907408 576.29096414893866
0.41016546087339517 0.42373559810221195 0.47630728818476198 0.010907438752241434 19.754675339907408 576.29096414893866
0.29298492586240171 0.20688962750136852 0.47630728818476198 0.010907438752241434 19.754675339907408 576.29096414893866
0.29298492586240171 0.42373559810221195 0.14516534246504309 0.010907438752241434 19.754675339907408 576.29096414893866
0.29298492586240171 0.42373559810221195 0.47630728818476198 0.014285124610736968 19.754675339907408 576.29096414893866
0.29298492586240171 0.42373559810221195 0.47630728818476198 0.010907438752241434 37.116738066077232 576.29096414893866
0.29298492586240171 0.42373559810221195 0.47630728818476198 0.010907438752241434 19.754675339907408 417.50468667596579
0.41016546087339517 0.20688962750136852 0.14516534246504309 0.014285124610736968 37.116738066077232 417.50468667596579
0.13755843075923621 0.14410042613744736 0.18415997698903086 0.0089364044338464746 15.465975899249315 823.30590542405844
0.27925374247133727 0.14410042613744736 0.18415997698903086 0.0089364044338464746 15.465975899249315 823.30590542405844
0.13755843075923621 0.17901905104517937 0.18415997698903086 0.0089364044338464746 15.465975899249315 823.30590542405844
0.13755843075923621 0.14410042613744736 0.2990640215575695 0.0089364044338464746 15.465975899249315 823.30590542405844
0.13755843075923621 0.14410042613744736 0.18415997698903086 0.019854670028202237 15.465975899249315 823.30590542405844
0.13755843075923621 0.14410042613744736 0.18415997698903086 0.0089364044338464746 24.507959449663758 823.30590542405844
0.13755843075923621 0.14410042613744736 0.18415997698903086 0.0089364044338464746 15.465975899249315 201.77269112318754
0.27925374247133727 0.17901905104517937 0.2990640215575695 0.019854670028202237 24.507959449663758 201.77269112318754
0.5508089849725365 0.33622315004467962 0.38294681534171104 0.015260253813304009 32.783343328163028 246.71737039461732
0.67192171849310389 0.33622315004467962 0.38294681534171104 0.015260253813304009 32.783343328163028 246.71737039461732
0.5508089849725365 0.41593577750027177 0.38294681534171104 0.015260253813304009 32.783343328163028 246.71737039461732
0.5508089849725365 0.33622315004467962 0.45376875102519987 0.015260253813304009 32.783343328163028 246.71737039461732
0.5508089849725365 0.33622315004467962 0.38294681534171104 0.0097062552805989993 32.783343328163028 246.71737039461732
0.5508089849725365 0.33622315004467962 0.38294681534171104 0.015260253813304009 19.711938809603453 246.71737039461732
0.5508089849725365 0.33622315004467962 0.38294681534171104 0.015260253813304009 32.783343328163028 671.77473176270723
0.67192171849310389 0.41593577750027177 0.45376875102519987 0.0097062552805989993 19.711938809603453 671.77473176270723
0.6624091764912009 0.16924140155315398 0.43456057682633398 0.017588146041519939 35.732546245679259 378.91231067478657
0.33998963711783287 0.16924140155315398 0.43456057682633398 0.017588146041519939 35.732546245679259 378.91231067478657
0.6624091764912009 0.1135252244770527 0.43456057682633398 0.017588146041519939 35.732546245679259 378.91231067478657
0.6624091764912009 0.16924140155315398 0.20657958984375002 0.017588146041519939 35.732546245679259 378.91231067478657
0.6624091764912009 0.16924140155315398 0.43456057682633398 0.010690713134035469 35.732546245679259 378.91231067478657
0.6624091764912009 0.16924140155315398 0.43456057682633398 0.017588146041519939 29.518290434032679 378.91231067478657
0.6624091764912009 0.16924140155315398 0.43456057682633398 0.017588146041519939 35.732546245679259 662.38079592585564
0.33998963711783287 0.1135252244770527 0.20657958984375002 0.010690713134035469 29.518290434032679 662.38079592585564
0.10697267199866473 0.36137175783514974 0.23567284271121025 0.0065864382691681383 8.0508359633386135 702.32388628646731
0.60999690471217038 0.36137175783514974 0.23567284271121025 0.0065864382691681383 8.0508359633386135 702.32388628646731
0.10697267199866473 0.47504522241652014 0.23567284271121025 0.0065864382691681383 8.0508359633386135 702.32388628646731
0.10697267199866473 0.36137175783514974 0.43941571339964869 0.0065864382691681383 8.0508359633386135 702.32388628646731
0.10697267199866473 0.36137175783514974 0.23567284271121025 0.0004578501118347049 8.0508359633386135 702.32388628646731
0.10697267199866473 0.36137175783514974 0.23567284271121025 0.0065864382691681383 18.393185960128903 702.32388628646731
0.10697267199866473 0.36137175783514974 0.23567284271121025 0.0065864382691681383 8.0508359633386135 218.30644942820072
0.60999690471217038 0.47504522241652014 0.43941571339964869 0.0004578501118347049 18.393185960128903 218.30644942820072
0.32357315449044105 0.28172971718013284 0.33104423470795152 0.013200510744191709 18.732203517109156 893.04934544488788
0.078233125247061247 0.28172971718013284 0.33104423470795152 0.013200510744191709 18.732203517109156 893.04934544488788
0.32357315449044105 0.31092434078454972 0.33104423470795152 0.013200510744191709 18.732203517109156 893.04934544488788
0.32357315449044105 0.28172971718013284 0.39175174571573734 0.013200510744191709 18.732203517109156 893.04934544488788
0.32357315449044105 0.28172971718013284 0.33104423470795152 0.006027324755862355 18.732203517109156 893.04934544488788
0.32357315449044105 0.28172971718013284 0.33104423470795152 0.013200510744191709 13.16726303845644 893.04934544488788
0.32357315449044105 0.28172971718013284 0.33104423470795152 0.013200510744191709 18.732203517109156 462.49304823577404
0.078233125247061247 0.31092434078454972 0.39175174571573734 0.006027324755862355 13.16726303845644 462.49304823577404
0.40800023400224739 0.498982148244977 0.12981293834745886 0.0022366444483399393 29.488108513876796 119.58581544458866
0.47059138957411045 0.498982148244977 0.12981293834745886 0.0022366444483399393 29.488108513876796 119.58581544458866
0.40800023400224739 0.29744438789784911 0.12981293834745886 0.0022366444483399393 29.488108513876796 119.58581544458866
0.40800023400224739 0.498982148244977 0.1620561119168997 0.0022366444483399393 29.488108513876796 119.58581544458866
0.40800023400224739 0.498982148244977 0.12981293834745886 0.016258983965776862 29.488108513876796 119.58581544458866
0.40800023400224739 0.498982148244977 0.12981293834745886 0.0022366444483399393 30.876796862110496 119.58581544458866
0.40800023400224739 0.498982148244977 0.12981293834745886 0.0022366444483399393 29.488108513876796 863.91296237707138
0.47059138957411045 0.29744438789784911 0.1620561119168997 0.016258983965776862 30.876796862110496 863.91296237707138
0.43914425242692223 0.10922202914953233 0.31199077516794205 0.0057003494087606672 22.956101374700665 278.82035290822387
0.32651930563151832 0.10922202914953233 0.31199077516794205 0.0057003494087606672 22.956101374700665 278.82035290822387
0.43914425242692223 0.14619675576686861 0.31199077516794205 0.0057003494087606672 22.956101374700665 278.82035290822387
0.43914425242692223 0.10922202914953233 0.24917723685503007 0.0057003494087606672 22.956101374700665 278.82035290822387
0.43914425242692223 0.10922202914953233 0.31199077516794205 0.0077227882008999585 22.956101374700665 278.82035290822387
0.43914425242692223 0.10922202914953233 0.31199077516794205 0.0057003494087606672 33.978972166776657 278.82035290822387
0.43914425242692223 0.10922202914953233 0.31199077516794205 0.0057003494087606672 22.956101374700665 983.00405349582434
0.32651930563151832 0.14619675576686861 0.24917723685503007 0.0077227882008999585 33.978972166776657 983.00405349582434
0.36994689512066536 0.32334773615002632 0.11156209111213684 0.019177900635264814 25.274964526295662 855.35692349076271
0.5434966783970594 0.32334773615002632 0.11156209111213684 0.019177900635264814 25.274964526295662 855.35692349076271
0.36994689512066536 0.45810817889869215 0.11156209111213684 0.019177900635264814 25.274964526295662 855.35692349076271
0.36994689512066536 0.32334773615002632 0.40385084226727486 0.019177900635264814 25.274964526295662 855.35692349076271
0.36994689512066536 0.32334773615002632 0.11156209111213684 0.017966682991199197 25.274964526295662 855.35692349076271
0.36994689512066536 0.32334773615002632 0.11156209111213684 0.019177900635264814 13.918313218280673 855.35692349076271
0.36994689512066536 0.32334773615002632 0.11156209111213684 0.019177900635264814 25.274964526295662 344.2795792594552
0.5434966783970594 0.45810817889869215 0.40385084226727486 0.017966682991199197 13.918313218280673 344.2795792594552
0.0596437125466764 0.24683203361928463 0.4037887495011091 0.0014263125967234375 31.504524491727352 648.83049055933952
0.10537818791344761 0.24683203361928463 0.4037887495011091 0.0014263125967234375 31.504524491727352 648.83049055933952
0.0596437125466764 0.33092502281069758 0.4037887495011091 0.0014263125967234375 31.504524491727352 648.83049055933952
0.0596437125466764 0.24683203361928463 0.35307412035763264 0.0014263125967234375 31.504524491727352 648.83049055933952
0.0596437125466764 0.24683203361928463 0.4037887495011091 0.013635836628451945 31.504524491727352 648.83049055933952
0.0596437125466764 0.24683203361928463 0.4037887495011091 0.0014263125967234375 16.221686836332083 648.83049055933952
0.0596437125466764 0.24683203361928463 0.4037887495011091 0.0014263125967234375 31.504524491727352 113.27657420188189
0.10537818791344761 0.33092502281069758 0.35307412035763264 0.013635836628451945 16.221686836332083 113.27657420188189
0.63030993924476197 0.43583567477762697 0.20414112769067289 0.014864361844770612 12.260772475972772 522.24196558818221
0.52595593752339476 0.43583567477762697 0.20414112769067289 0.014864361844770612 12.260772475972772 522.24196558818221
0.63030993924476197 0.2678363967686892 0.20414112769067289 0.014864361844770612 12.260772475972772 522.24196558818221
0.63030993924476197 0.43583567477762697 0.19526651315391064 0.014864361844770612 12.260772475972772 522.24196558818221
0.63030993924476197 0.43583567477762697 0.20414112769067289 0.0033907380258664491 12.260772475972772 522.24196558818221
0.63030993924476197 0.43583567477762697 0.20414112769067289 0.014864361844770612 27.808182278648019 522.24196558818221
0.63030993924476197 0.43583567477762697 0.20414112769067289 0.014864361844770612 12.260772475972772 766.53048079460859
0.52595593752339476 0.2678363967686892 0.19526651315391064 0.0033907380258664491 27.808182278648019 766.53048079460859
0.57941135116852815 0.27119824402034287 0.15262521021068098 0.012574816501699389 11.223309786990285 208.83143041282892
0.20665818471461533 0.27119824402034287 0.15262521021068098 0.012574816501699389 11.223309786990285 208.83143041282892
0.57941135116852815 0.36562050059437756 0.15262521021068098 0.012574816501699389 11.223309786990285 208.83143041282892
0.57941135116852815 0.27119824402034287 0.34164466373622415 0.012574816501699389 11.223309786990285 208.83143041282892
0.57941135116852815 0.27119824402034287 0.15262521021068098 0.016600057352147996 11.223309786990285 208.83143041282892
0.57941135116852815 0.27119824402034287 0.15262521021068098 0.012574816501699389 22.696875931695104 208.83143041282892
0.57941135116852815 0.27119824402034287 0.15262521021068098 0.012574816501699389 11.223309786990285 552.68182344734669
0.20665818471461533 0.36562050059437756 0.34164466373622415 0.016600057352147996 22.696875931695104 552.68182344734669
0.19155669463798403 0.4601973105221987 0.35217803977429873 0.0037372898627072576 36.978634476661682 982.24300937727094
0.42332584578543897 0.4601973105221987 0.35217803977429873 0.0037372898627072576 36.978634476661682 982.24300937727094
0.19155669463798403 0.22714735306799413 0.35217803977429873 0.0037372898627072576 36.978634476661682 982.24300937727094
0.19155669463798403 0.4601973105221987 0.11196787543594838 0.0037372898627072576 36.978634476661682 982.24300937727094
0.19155669463798403 0.4601973105221987 0.35217803977429873 0.0064638793651014565 36.978634476661682 982.24300937727094
0.19155669463798403 0.4601973105221987 0.35217803977429873 0.0037372898627072576 25.141873259097338 982.24300937727094
0.19155669463798403 0.4601973105221987 0.35217803977429873 0.0037372898627072576 36.978634476661682 319.98454406857491
0.42332584578543897 0.22714735306799413 0.11196787543594838 0.0064638793651014565 25.141873259097338 319.98454406857491
0.23803634415380653 0.18368541896343232 0.2569226130843163 0.016845832073502244 28.238242782652378 719.47859274223447
0.22419914109632372 0.18368541896343232 0.2569226130843163 0.016845832073502244 28.238242782652378 719.47859274223447
0.23803634415380653 0.16194692403078081 0.2569226130843163 0.016845832073502244 28.238242782652378 719.47859274223447
0.23803634415380653 0.18368541896343232 0.25650379434227943 0.016845832073502244 28.238242782652378 719.47859274223447
0.23803634415380653 0.18368541896343232 0.2569226130843163 0.0021331037757918239 28.238242782652378 719.47859274223447
0.23803634415380653 0.18368541896343232 0.2569226130843163 0.016845832073502244 35.062391852959991 719.47859274223447
0.23803634415380653 0.18368541896343232 0.2569226130843163 0.016845832073502244 28.238242782652378 522.53294587135315
0.22419914109632372 0.16194692403078081 0.25650379434227943 0.0021331037757918239 35.062391852959991 522.53294587135315
0.49004527162760492 0.3978065513074398 0.45725688040256507 0.0080490159090608367 15.556182974949479 396.01505938917398
0.64446671409532419 0.3978065513074398 0.45725688040256507 0.0080490159090608367 15.556182974949479 396.01505938917398
0.49004527162760492 0.44847382567822935 0.45725688040256507 0.0080490159090608367 15.556182974949479 396.01505938917398
0.49004527162760492 0.3978065513074398 0.48929620236158378 0.0080490159090608367 15.556182974949479 396.01505938917398
0.49004527162760492 0.3978065513074398 0.45725688040256507 0.012268087465688587 15.556182974949479 396.01505938917398
0.49004527162760492 0.3978065513074398 0.45725688040256507 0.0080490159090608367 9.1433158442378044 396.01505938917398
0.49004527162760492 0.3978065513074398 0.45725688040256507 0.0080490159090608367 15.556182974949479 797.82972596585751
0.64446671409532419 0.44847382567822935 0.48929620236158378 0.012268087465688587 9.1433158442378044 797.82972596585751
