0.46803453797474498 0.17137198857963087 0.28416582159698012 0.00096328973602503539 30.052699206396937 653.8533627986908
0.29467513184063132 0.17137198857963087 0.28416582159698012 0.00096328973602503539 30.052699206396937 653.8533627986908
0.46803453797474498 0.2700633402913809 0.28416582159698012 0.00096328973602503539 30.052699206396937 653.8533627986908
0.46803453797474498 0.17137198857963087 0.13636227473616602 0.00096328973602503539 30.052699206396937 653.8533627986908
0.46803453797474498 0.17137198857963087 0.28416582159698012 0.0085935879150405535 30.052699206396937 653.8533627986908
0.46803453797474498 0.17137198857963087 0.28416582159698012 0.00096328973602503539 35.338923132047057 653.8533627986908
0.46803453797474498 0.17137198857963087 0.28416582159698012 0.00096328973602503539 30.052699206396937 475.44102082028985
0.29467513184063132 0.2700633402913809 0.13636227473616602 0.0085935879150405535 35.338923132047057 475.44102082028985
0.22239837464876472 0.36051146574318416 0.4829559024423361 0.01471075193397701 17.480967316776514 527.31979629024863
0.575329678459093 0.36051146574318416 0.4829559024423361 0.01471075193397701 17.480967316776514 527.31979629024863
0.22239837464876472 0.33198081701993942 0.4829559024423361 0.01471075193397701 17.480967316776514 527.31979629024863
0.22239837464876472 0.36051146574318416 0.31607834100723264 0.01471075193397701 17.480967316776514 527.31979629024863
0.22239837464876472 0.36051146574318416 0.4829559024423361 0.018178696957230567 17.480967316776514 527.31979629024863
0.22239837464876472 0.36051146574318416 0.4829559024423361 0.01471075193397701 8.7497723028063774 527.31979629024863
0.22239837464876472 0.36051146574318416 0.4829559024423361 0.01471075193397701 17.480967316776514 847.44486035779119
0.575329678459093 0.33198081701993942 0.31607834100723264 0.018178696957230567 8.7497723028063774 847.44486035779119
0.20784994177520272 0.28390836715698242 0.17518053799867631 0.005234906457923353 9.3021866045892239 280.33446660265326
0.11464479104615748 0.28390836715698242 0.17518053799867631 0.005234906457923353 9.3021866045892239 280.33446660265326
0.20784994177520272 0.45398589111864573 0.17518053799867631 0.005234906457923353 9.3021866045892239 280.33446660265326
0.20784994177520272 0.28390836715698242 0.4653015967458487 0.005234906457923353 9.3021866045892239 280.33446660265326
0.20784994177520272 0.28390836715698242 0.17518053799867631 0.012609146855957808 9.3021866045892239 280.33446660265326
0.20784994177520272 0.28390836715698242 0.17518053799867631 0.005234906457923353 21.453522743657231 280.33446660265326
0.20784994177520272 0.28390836715698242 0.17518053799867631 0.005234906457923353 9.3021866045892239 613.808583188802
0.11464479104615748 0.45398589111864573 0.4653015967458487 0.012609146855957808 21.453522743657231 613.808583188802
0.60203769444487987 0.49787695333361626 0.37631417512893683 0.019021872109547259 35.167841112241149 856.92599564790726
0.51669803098775446 0.49787695333361626 0.37631417512893683 0.019021872109547259 35.167841112241149 856.92599564790726
0.60203769444487987 0.14090341702103615 0.37631417512893683 0.019021872109547259 35.167841112241149 856.92599564790726
0.60203769444487987 0.49787695333361626 0.28245157338678839 0.019021872109547259 35.167841112241149 856.92599564790726
0.60203769444487987 0.49787695333361626 0.37631417512893683 0.0030252414785325531 35.167841112241149 856.92599564790726
0.60203769444487987 0.49787695333361626 0.37631417512893683 0.019021872109547259 26.502131421118975 856.92599564790726
0.60203769444487987 0.49787695333361626 0.37631417512893683 0.019021872109547259 35.167841112241149 256.33414918556809
0.51669803098775446 0.14090341702103615 0.28245157338678839 0.0030252414785325531 26.502131421118975 256.33414918556809
0.65277722305618224 0.20914552360773087 0.43104988783597953 0.016383146041259171 33.319674266502261 724.51519789174199
0.17451034313999114 0.20914552360773087 0.43104988783597953 0.016383146041259171 33.319674266502261 724.51519789174199
0.65277722305618224 0.43862644024193287 0.43104988783597953 0.016383146041259171 33.319674266502261 724.51519789174199
0.65277722305618224 0.20914552360773087 0.42907498516142373 0.016383146041259171 33.319674266502261 724.51519789174199
0.65277722305618224 0.20914552360773087 0.43104988783597953 0.017045470535010099 33.319674266502261 724.51519789174199
0.65277722305618224 0.20914552360773087 0.43104988783597953 0.016383146041259171 16.61921614035964 724.51519789174199
0.65277722305618224 0.20914552360773087 0.43104988783597953 0.016383146041259171 33.319674266502261 160.25891928002238
0.17451034313999114 0.43862644024193287 0.42907498516142373 0.017045470535010099 16.61921614035964 160.25891928002238
0.075778520107269293 0.42313089147210126 0.229821452498436 0.0078956686971709145 14.184405703097582 401.10662300139666
0.45548482961021358 0.42313089147210126 0.229821452498436 0.0078956686971709145 14.184405703097582 401.10662300139666
0.075778520107269293 0.15014723762869836 0.229821452498436 0.0078956686971709145 14.184405703097582 401.10662300139666
0.075778520107269293 0.42313089147210126 0.22434376738965511 0.0078956686971709145 14.184405703097582 401.10662300139666
0.075778520107269293 0.42313089147210126 0.229821452498436 0.007410652502067387 14.184405703097582 401.10662300139666
0.075778520107269293 0.42313089147210126 0.229821452498436 0.0078956686971709145 27.52813015319407 401.10662300139666
0.075778520107269293 0.42313089147210126 0.229821452498436 0.0078956686971709145 14.184405703097582 716.80563231930137
0.45548482961021358 0.15014723762869836 0.22434376738965511 0.007410652502067387 27.52813015319407 716.80563231930137
0.35446724896319204 0.14651177488267422 0.33456479422748087 0.012109716575220229 21.036131095141172 210.33181119710207
0.23314208504743872 0.14651177488267422 0.33456479422748087 0.012109716575220229 21.036131095141172 210.33181119710207
0.35446724896319204 0.23575857393443586 0.33456479422748087 0.012109716575220229 21.036131095141172 210.33181119710207
0.35446724896319204 0.14651177488267422 0.16887966096401213 0.012109716575220229 21.036131095141172 210.33181119710207
0.35446724896319204 0.14651177488267422 0.33456479422748087 0.0018411825418472292 21.036131095141172 210.33181119710207
0.35446724896319204 0.14651177488267422 0.33456479422748087 0.012109716575220229 32.614678174257278 210.33181119710207
0.35446724896319204 0.14651177488267422 0.33456479422748087 0.012109716575220229 21.036131095141172 921.98733305558562
0.23314208504743872 0.23575857393443586 0.16887966096401213 0.0018411825418472292 32.614678174257278 921.98733305558562
0.41729246200993653 0.33566803373396398 0.13568030260503294 0.0035815272813662889 23.463476022705436 983.79834862425923
0.63551510986872017 0.33566803373396398 0.13568030260503294 0.0035815272813662889 23.463476022705436 983.79834862425923
0.41729246200993653 0.37227932214736936 0.13568030260503294 0.0035815272813662889 23.463476022705436 983.79834862425923
0.41729246200993653 0.33566803373396398 0.37672654911875725 0.0035815272813662889 23.463476022705436 983.79834862425923
0.41729246200993653 0.33566803373396398 0.13568030260503294 0.011477195019461216 23.463476022705436 983.79834862425923
0.41729246200993653 0.33566803373396398 0.13568030260503294 0.0035815272813662889 15.165251625701785 983.79834862425923
0.41729246200993653 0.33566803373396398 0.13568030260503294 0.0035815272813662889 23.463476022705436 408.04009390994906
0.63551510986872017 0.37227932214736936 0.37672654911875725 0.011477195019461216 15.165251625701785 408.04009390994906
0.38789812191389494 0.2694094181060791 0.30379487350583079 0.0093990867042914039 16.793235654011369 817.78175514191389
0.1714814102742821 0.2694094181060791 0.30379487350583079 0.0093990867042914039 16.793235654011369 817.78175514191389
0.38789812191389494 0.42118890844285495 0.30379487350583079 0.0093990867042914039 16.793235654011369 817.78175514191389
0.38789812191389494 0.2694094181060791 0.41536005921661856 0.0093990867042914039 16.793235654011369 817.78175514191389
0.38789812191389494 0.2694094181060791 0.30379487350583079 0.0050860517181456092 16.793235654011369 817.78175514191389
0.38789812191389494 0.2694094181060791 0.30379487350583079 0.0093990867042914039 12.187832064926624 817.78175514191389
0.38789812191389494 0.2694094181060791 0.30379487350583079 0.0093990867042914039 16.793235654011369 514.82823761180043
0.1714814102742821 0.42118890844285495 0.41536005921661856 0.0050860517181456092 12.187832064926624 514.82823761180043
0.2996776286512613 0.46169240400195122 0.1041443906724453 0.015413600066304208 27.658538736402988 241.24817857518792
0.37852336824871596 0.46169240400195122 0.1041443906724453 0.015413600066304208 27.658538736402988 241.24817857518792
0.2996776286512613 0.18309953063726425 0.1041443906724453 0.015413600066304208 27.658538736402988 241.24817857518792
0.2996776286512613 0.46169240400195122 0.23258841745555403 0.015413600066304208 27.658538736402988 241.24817857518792
0.2996776286512613 0.46169240400195122 0.1041443906724453 0.014729163372702898 27.658538736402988 241.24817857518792
0.2996776286512613 0.46169240400195122 0.1041443906724453 0.015413600066304208 31.97370501421392 241.24817857518792
0.2996776286512613 0.46169240400195122 0.1041443906724453 0.015413600066304208 27.658538736402988 816.0802380181849
0.37852336824871596 0.18309953063726425 0.23258841745555403 0.014729163372702898 31.97370501421392 816.0802380181849
0.13025266570039093 0.18194618634879589 0.41199909932911394 0.0050120584579184651 37.558452963829041 447.75272468104959
0.27074838276021179 0.18194618634879589 0.41199909932911394 0.0050120584579184651 37.558452963829041 447.75272468104959
0.13025266570039093 0.20599189139902593 0.41199909932911394 0.0050120584579184651 37.558452963829041 447.75272468104959
0.13025266570039093 0.18194618634879589 0.18648711889982225 0.0050120584579184651 37.558452963829041 447.75272468104959
0.13025266570039093 0.18194618634879589 0.41199909932911394 0.019060014419257643 37.558452963829041 447.75272468104959
0.13025266570039093 0.18194618634879589 0.41199909932911394 0.0050120584579184651 29.589550469070673 447.75272468104959
0.13025266570039093 0.18194618634879589 0.41199909932911394 0.0050120584579184651 37.558452963829041 595.95713103190064
0.27074838276021179 0.20599189139902593 0.18648711889982225 0.019060014419257643 29.589550469070673 595.95713103190064
0.68185608843341461 0.39905826635658748 0.21156717278063297 0.01106320391520858 9.9861426670104265 574.34426378458738
0.68043825919739898 0.39905826635658748 0.21156717278063297 0.01106320391520858 9.9861426670104265 574.34426378458738
0.68185608843341461 0.3929025627672672 0.21156717278063297 0.01106320391520858 9.9861426670104265 574.34426378458738
0.68185608843341461 0.39905826635658748 0.36614881530404098 0.01106320391520858 9.9861426670104265 574.34426378458738
0.68185608843341461 0.39905826635658748 0.21156717278063297 0.0094180972093716279 9.9861426670104265 574.34426378458738
0.68185608843341461 0.39905826635658748 0.21156717278063297 0.01106320391520858 18.204570339992642 574.34426378458738
0.68185608843341461 0.39905826635658748 0.21156717278063297 0.01106320391520858 9.9861426670104265 280.23065673187375
0.68043825919739898 0.3929025627672672 0.36614881530404098 0.0094180972093716279 18.204570339992642 280.23065673187375
0.57009687619283789 0.10642078481614591 0.15692931003868582 0.013663535596430304 13.526313791051507 887.53892807289958
0.3713167284149676 0.10642078481614591 0.15692931003868582 0.013663535596430304 13.526313791051507 887.53892807289958
0.57009687619283789 0.2904309291392565 0.15692931003868582 0.013663535596430304 13.526313791051507 887.53892807289958
0.57009687619283789 0.10642078481614591 0.11881510093808174 0.013663535596430304 13.526313791051507 887.53892807289958
0.57009687619283789 0.10642078481614591 0.15692931003868582 0.010904090973176064 13.526313791051507 887.53892807289958
0.57009687619283789 0.10642078481614591 0.15692931003868582 0.013663535596430304 23.407544756308198 887.53892807289958
0.57009687619283789 0.10642078481614591 0.15692931003868582 0.013663535596430304 13.526313791051507 149.5476215146482
0.3713167284149676 0.2904309291392565 0.11881510093808174 0.010904090973176064 23.407544756308198 149.5476215146482
0.16068002362735567 0.32351302541792393 0.35726033486425879 0.0023902570882812146 30.954925559461117 114.13035653531551
0.578678471269086 0.32351302541792393 0.35726033486425879 0.0023902570882812146 30.954925559461117 114.13035653531551
0.16068002362735567 0.3019570790231228 0.35726033486425879 0.0023902570882812146 30.954925559461117 114.13035653531551
0.16068002362735567 0.32351302541792393 0.32659579068422318 0.0023902570882812146 30.954925559461117 114.13035653531551
0.16068002362735567 0.32351302541792393 0.35726033486425879 0.0013272859528660776 30.954925559461117 114.13035653531551
0.16068002362735567 0.32351302541792393 0.35726033486425879 0.0023902570882812146 20.695341240614653 114.13035653531551
0.16068002362735567 0.32351302541792393 0.35726033486425879 0.0023902570882812146 30.954925559461117 719.71749542281032
0.578678471269086 0.3019570790231228 0.32659579068422318 0.0013272859528660776 20.695341240614653 719.71749542281032
0.26924776211380957 0.24378588348627092 0.25263296142220498 0.018053585083037615 25.824449017643929 376.8969189375639
0.069401781773194671 0.24378588348627092 0.25263296142220498 0.018053585083037615 25.824449017643929 376.8969189375639
0.26924776211380957 0.4870732557028532 0.25263296142220498 0.018053585083037615 25.824449017643929 376.8969189375639
0.26924776211380957 0.24378588348627092 0.47893184833228586 0.018053585083037615 25.824449017643929 376.8969189375639
0.26924776211380957 0.24378588348627092 0.25263296142220498 0.0056580568583682184 25.824449017643929 376.8969189375639
0.26924776211380957 0.24378588348627092 0.25263296142220498 0.018053585083037615 10.928387997671962 376.8969189375639
0.26924776211380957 0.24378588348627092 0.25263296142220498 0.018053585083037615 25.824449017643929 968.2951788417995
0.069401781773194671 0.4870732557028532 0.47893184833228586 0.0056580568583682184 10.928387997671962 968.2951788417995
0.49965482554398472 0.4360490299761296 0.45218292996287346 0.0067424659835174684 21.690674500539899 700.36345301195979
0.47941159806214267 0.4360490299761296 0.45218292996287346 0.0067424659835174684 21.690674500539899 700.36345301195979
0.49965482554398472 0.12359935641288758 0.45218292996287346 0.0067424659835174684 21.690674500539899 700.36345301195979
0.49965482554398472 0.4360490299761296 0.27429159767925737 0.0067424659835174684 21.690674500539899 700.36345301195979
0.49965482554398472 0.4360490299761296 0.45218292996287346 0.015236065543442966 21.690674500539899 700.36345301195979
0.49965482554398472 0.4360490299761296 0.45218292996287346 0.0067424659835174684 37.041456505656242 700.36345301195979
0.49965482554398472 0.4360490299761296 0.45218292996287346 0.0067424659835174684 21.690674500539899 355.47089939936996
0.47941159806214267 0.12359935641288758 0.27429159767925737 0.015236065543442966 37.041456505656242 355.47089939936996
0.52741875103674829 0.23626144118607045 0.11399856656789781 0.011712460807338359 35.791456887498498 144.62240096181631
0.55257652928121381 0.23626144118607045 0.11399856656789781 0.011712460807338359 35.791456887498498 144.62240096181631
0.52741875103674829 0.48872196078300478 0.11399856656789781 0.011712460807338359 35.791456887498498 144.62240096181631
0.52741875103674829 0.23626144118607045 0.24300279133021832 0.011712460807338359 35.791456887498498 144.62240096181631
0.52741875103674829 0.23626144118607045 0.11399856656789781 0.0068230824610218408 35.791456887498498 144.62240096181631
0.52741875103674829 0.23626144118607045 0.11399856656789781 0.011712460807338359 37.937678873538971 144.62240096181631
0.52741875103674829 0.23626144118607045 0.11399856656789781 0.011712460807338359 35.791456887498498 194.2767777480185
0.55257652928121381 0.48872196078300478 0.24300279133021832 0.0068230824610218408 37.937678873538971 194.2767777480185
0.28175251707434651 0.44396190457046036 0.31288610994815824 0.0031857074877247216 8.2265846356749535 918.14372921362519
0.32242831219919021 0.44396190457046036 0.31288610994815824 0.0031857074877247216 8.2265846356749535 918.14372921362519
0.28175251707434651 0.10063870064914227 0.31288610994815824 0.0031857074877247216 8.2265846356749535 918.14372921362519
0.28175251707434651 0.44396190457046036 0.41021912284195428 0.0031857074877247216 8.2265846356749535 918.14372921362519
0.28175251707434651 0.44396190457046036 0.31288610994815824 0.0163914279717952 8.2265846356749535 918.14372921362519
0.28175251707434651 0.44396190457046036 0.31288610994815824 0.0031857074877247216 9.9157219957560301 918.14372921362519
0.28175251707434651 0.44396190457046036 0.31288610994815824 0.0031857074877247216 8.2265846356749535 678.32757877185941
0.32242831219919021 0.10063870064914227 0.41021912284195428 0.0163914279717952 9.9157219957560301 678.32757877185941
0.14783870805986224 0.12370017096400261 0.22063999883830548 0.017224825952574612 18.556570068001747 671.07774550095201
0.52949205948971212 0.12370017096400261 0.22063999883830548 0.017224825952574612 18.556570068001747 671.07774550095201
0.14783870805986224 0.28526663407683372 0.22063999883830548 0.017224825952574612 18.556570068001747 671.07774550095201
0.14783870805986224 0.12370017096400261 0.35787985101342201 0.017224825952574612 18.556570068001747 671.07774550095201
0.14783870805986224 0.12370017096400261 0.22063999883830548 0.012059373076073826 18.556570068001747 671.07774550095201
0.14783870805986224 0.12370017096400261 0.22063999883830548 0.017224825952574612 19.828944589942694 671.07774550095201
0.14783870805986224 0.12370017096400261 0.22063999883830548 0.017224825952574612 18.556570068001747 895.37793369963765
0.52949205948971212 0.28526663407683372 0.35787985101342201 0.012059373076073826 19.828944589942694 895.37793369963765
0.54203606294468043 0.30662035346031191 0.42187148593366153 0.0087359132243320353 29.429082648828626 347.72418942302465
0.096694529196247464 0.30662035346031191 0.42187148593366153 0.0087359132243320353 29.429082648828626 347.72418942302465
0.54203606294468043 0.3221833247691393 0.42187148593366153 0.0087359132243320353 29.429082648828626 347.72418942302465
0.54203606294468043 0.30662035346031191 0.18752952069044115 0.0087359132243320353 29.429082648828626 347.72418942302465
0.54203606294468043 0.30662035346031191 0.42187148593366153 0.0024922408189624549 29.429082648828626 347.72418942302465
0.54203606294468043 0.30662035346031191 0.42187148593366153 0.0087359132243320353 24.391415009275079 347.72418942302465
0.54203606294468043 0.30662035346031191 0.42187148593366153 0.0087359132243320353 29.429082648828626 424.92272714152932
0.096694529196247464 0.3221833247691393 0.18752952069044115 0.0024922408189624549 24.391415009275079 424.92272714152932
0.67402839073911303 0.198845724016428 0.37338282279670243 0.0060962244307622314 24.057509714737535 214.599300455302
0.42741676294244818 0.198845724016428 0.37338282279670243 0.0060962244307622314 24.057509714737535 214.599300455302
0.67402839073911303 0.21977290883660316 0.37338282279670243 0.0060962244307622314 24.057509714737535 214.599300455302
0.67402839073911303 0.198845724016428 0.34743458777666092 0.0060962244307622314 24.057509714737535 214.599300455302
0.67402839073911303 0.198845724016428 0.37338282279670243 0.017595272343978285 24.057509714737535 214.599300455302
0.67402839073911303 0.198845724016428 0.37338282279670243 0.0060962244307622314 19.214247019961476 214.599300455302
0.67402839073911303 0.198845724016428 0.37338282279670243 0.0060962244307622314 24.057509714737535 441.78696377202868
0.42741676294244818 0.21977290883660316 0.34743458777666092 0.017595272343978285 19.214247019961476 441.78696377202868
0.097019465686753389 0.38177048712968831 0.17225223742425444 0.019881754698231818 19.930945254862309 791.24563373625278
0.19757841252721842 0.38177048712968831 0.17225223742425444 0.019881754698231818 19.930945254862309 791.24563373625278
0.097019465686753389 0.3812928710132838 0.17225223742425444 0.019881754698231818 19.930945254862309 791.24563373625278
0.097019465686753389 0.38177048712968831 0.10520286634564401 0.019881754698231818 19.930945254862309 791.24563373625278
0.097019465686753389 0.38177048712968831 0.17225223742425444 0.0079437012536451232 19.930945254862309 791.24563373625278
0.097019465686753389 0.38177048712968831 0.17225223742425444 0.019881754698231818 28.697690714150667 791.24563373625278
0.097019465686753389 0.38177048712968831 0.17225223742425444 0.019881754698231818 19.930945254862309 885.43551629409194
0.19757841252721842 0.3812928710132838 0.10520286634564401 0.0079437012536451232 28.697690714150667 885.43551629409194
0.33257419057190413 0.26150493659079077 0.46752406507730482 0.0005856720296666027 15.289590537548065 600.44166631996632
0.65315045150928197 0.26150493659079077 0.46752406507730482 0.0005856720296666027 15.289590537548065 600.44166631996632
0.33257419057190413 0.40467355102300651 0.46752406507730482 0.0005856720296666027 15.289590537548065 600.44166631996632
0.33257419057190413 0.26150493659079077 0.25130133517086506 0.0005856720296666027 15.289590537548065 600.44166631996632
0.33257419057190413 0.26150493659079077 0.46752406507730482 0.0036117172051221137 15.289590537548065 600.44166631996632
0.33257419057190413 0.26150493659079077 0.46752406507730482 0.0005856720296666027 30.993711894378066 600.44166631996632
0.33257419057190413 0.26150493659079077 0.46752406507730482 0.0005856720296666027 15.289590537548065 640.80946436151862
0.65315045150928197 0.40467355102300651 0.25130133517086506 0.0036117172051221137 30.993711894378066 640.80946436151862
0.39542885436676439 0.46920998059213159 0.2687370359897614 0.01433457020185888 32.725641580298543 473.96310521289706
0.22066294285468757 0.46920998059213159 0.2687370359897614 0.01433457020185888 32.725641580298543 473.96310521289706
0.39542885436676439 0.19119356237351895 0.2687370359897614 0.01433457020185888 32.725641580298543 473.96310521289706
0.39542885436676439 0.46920998059213159 0.49664867334067819 0.01433457020185888 32.725641580298543 473.96310521289706
0.39542885436676439 0.46920998059213159 0.2687370359897614 0.013264510916732253 32.725641580298543 473.96310521289706
0.39542885436676439 0.46920998059213159 0.2687370359897614 0.01433457020185888 13.050809346139431 473.96310521289706
0.39542885436676439 0.46920998059213159 0.2687370359897614 0.01433457020185888 32.725641580298543 238.93643794581294
0.22066294285468757 0.19119356237351895 0.49664867334067819 0.013264510916732253 13.050809346139431 238.93643794581294
0.45045615704730146 0.13586767241358758 0.49886466450989253 0.018450538431853056 11.047153307124972 427.17753872275352
0.40155115216039117 0.13586767241358758 0.49886466450989253 0.018450538431853056 11.047153307124972 427.17753872275352
0.45045615704730146 0.23994480371475221 0.49886466450989253 0.018450538431853056 11.047153307124972 427.17753872275352
0.45045615704730146 0.13586767241358758 0.307938289642334 0.018450538431853056 11.047153307124972 427.17753872275352
0.45045615704730146 0.13586767241358758 0.49886466450989253 0.00066647952906787402 11.047153307124972 427.17753872275352
0.45045615704730146 0.13586767241358758 0.49886466450989253 0.018450538431853056 14.270173219963908 427.17753872275352
0.45045615704730146 0.13586767241358758 0.49886466450989253 0.018450538431853056 11.047153307124972 120.72466211393476
0.40155115216039117 0.23994480371475221 0.307938289642334 0.00066647952906787402 14.270173219963908 120.72466211393476
0.36220560525543982 0.34669904112815858 0.29931164421141149 0.00713798394817859 36.920246083289385 750.69887703284621
0.14345364361070095 0.34669904112815858 0.29931164421141149 0.00713798394817859 36.920246083289385 750.69887703284621
0.36220560525543982 0.35185621492564678 0.29931164421141149 0.00713798394817859 36.920246083289385 750.69887703284621
0.36220560525543982 0.34669904112815858 0.1376663886010647 0.00713798394817859 36.920246083289385 750.69887703284621
0.36220560525543982 0.34669904112815858 0.29931164421141149 0.010331510001234712 36.920246083289385 750.69887703284621
0.36220560525543982 0.34669904112815858 0.29931164421141149 0.00713798394817859 33.626657977700233 750.69887703284621
0.36220560525543982 0.34669904112815858 0.29931164421141149 0.00713798394817859 36.920246083289385 759.90228885784745
0.14345364361070095 0.35185621492564678 0.1376663886010647 0.010331510001234712 33.626657977700233 759.90228885784745
0.068337129056453699 0.22330677695572376 0.39144179001450541 0.012821553266048433 28.296746622771025 957.17426752671599
0.66792006646282964 0.22330677695572376 0.39144179001450541 0.012821553266048433 28.296746622771025 957.17426752671599
0.068337129056453699 0.43717459663748748 0.39144179001450541 0.012821553266048433 28.296746622771025 957.17426752671599
0.068337129056453699 0.22330677695572376 0.29312761165201662 0.012821553266048433 28.296746622771025 957.17426752671599
0.068337129056453699 0.22330677695572376 0.39144179001450541 0.015899846959486603 28.296746622771025 957.17426752671599
0.068337129056453699 0.22330677695572376 0.39144179001450541 0.012821553266048433 28.393381947651505 957.17426752671599
0.068337129056453699 0.22330677695572376 0.39144179001450541 0.012821553266048433 28.296746622771025 989.58693454042077
0.66792006646282964 0.43717459663748748 0.29312761165201662 0.015899846959486603 28.393381947651505 989.58693454042077
0.61995016611181197 0.40935787968337534 0.19110771343111993 0.0015497107321396472 15.732224008068442 183.82070139050484
0.28842277978546915 0.40935787968337534 0.19110771343111993 0.0015497107321396472 15.732224008068442 183.82070139050484
0.61995016611181197 0.17408595867455007 0.19110771343111993 0.0015497107321396472 15.732224008068442 183.82070139050484
0.61995016611181197 0.40935787968337534 0.46028962098062043 0.0015497107321396472 15.732224008068442 183.82070139050484
0.61995016611181197 0.40935787968337534 0.19110771343111993 0.0062360391085967424 15.732224008068442 183.82070139050484
0.61995016611181197 0.40935787968337534 0.19110771343111993 0.0015497107321396472 15.636032979935408 183.82070139050484
0.61995016611181197 0.40935787968337534 0.19110771343111993 0.0015497107321396472 15.732224008068442 336.7587816901505
0.28842277978546915 0.17408595867455007 0.46028962098062043 0.0062360391085967424 15.636032979935408 336.7587816901505
0.58944375305436547 0.29767756499350073 0.23949852660298349 0.0041510423140600321 22.781154571101069 498.05910037830472
0.60639135646633802 0.29767756499350073 0.23949852660298349 0.0041510423140600321 22.781154571101069 498.05910037830472
0.58944375305436547 0.47186998501420019 0.23949852660298349 0.0041510423140600321 22.781154571101069 498.05910037830472
0.58944375305436547 0.29767756499350073 0.20123675130307675 0.0041510423140600321 22.781154571101069 498.05910037830472
0.58944375305436547 0.29767756499350073 0.23949852660298349 0.01406421152111143 22.781154571101069 498.05910037830472
0.58944375305436547 0.29767756499350073 0.23949852660298349 0.0041510423140600321 25.493599597364664 498.05910037830472
0.58944375305436547 0.29767756499350073 0.23949852660298349 0.0041510423140600321 22.781154571101069 543.13633358106017
0.60639135646633802 0.47186998501420019 0.20123675130307675 0.01406421152111143 25.493599597364664 543.13633358106017
0.18001666627824303 0.48372104130685334 0.43992740139365194 0.010203623745590449 25.215709779411554 624.70543030649424
0.34860386955551798 0.48372104130685334 0.43992740139365194 0.010203623745590449 25.215709779411554 624.70543030649424
0.18001666627824303 0.13339682556688787 0.43992740139365194 0.010203623745590449 25.215709779411554 624.70543030649424
0.18001666627824303 0.48372104130685334 0.44651793874800205 0.010203623745590449 25.215709779411554 624.70543030649424
0.18001666627824303 0.48372104130685334 0.43992740139365194 0.0045093148443847899 25.215709779411554 624.70543030649424
0.18001666627824303 0.48372104130685334 0.43992740139365194 0.010203623745590449 22.344695406034589 624.70543030649424
0.18001666627824303 0.48372104130685334 0.43992740139365194 0.010203623745590449 25.215709779411554 776.28671182319522
0.34860386955551798 0.13339682556688787 0.44651793874800205 0.0045093148443847899 22.344695406034589 776.28671182319522
0.2505285379011184 0.16033563986420632 0.14457622654736044 0.0097770062396302839 31.563664015382528 887.3913386836648
0.46142227598465974 0.16033563986420632 0.14457622654736044 0.0097770062396302839 31.563664015382528 887.3913386836648
0.2505285379011184 0.25569488257169726 0.14457622654736044 0.0097770062396302839 31.563664015382528 887.3913386836648
0.2505285379011184 0.16033563986420632 0.39729142710566523 0.0097770062396302839 31.563664015382528 887.3913386836648
0.2505285379011184 0.16033563986420632 0.14457622654736044 0.010077580955438318 31.563664015382528 887.3913386836648
0.2505285379011184 0.16033563986420632 0.14457622654736044 0.0097770062396302839 9.7286214604973793 887.3913386836648
0.2505285379011184 0.16033563986420632 0.14457622654736044 0.0097770062396302839 31.563664015382528 574.17776314541698
0.46142227598465974 0.25569488257169726 0.39729142710566523 0.010077580955438318 9.7286214604973793 574.17776314541698
0.48096503997221585 0.3711593821644783 0.34422365762293339 0.015790084217488766 12.435834502801299 310.91278092935681
0.08223485597409308 0.3711593821644783 0.34422365762293339 0.015790084217488766 12.435834502801299 310.91278092935681
0.48096503997221585 0.34222177229821682 0.34422365762293339 0.015790084217488766 12.435834502801299 310.91278092935681
0.48096503997221585 0.3711593821644783 0.15515072047710421 0.015790084217488766 12.435834502801299 310.91278092935681
0.48096503997221585 0.3711593821644783 0.34422365762293339 0.019633690885826945 12.435834502801299 310.91278092935681
0.48096503997221585 0.3711593821644783 0.34422365762293339 0.015790084217488766 34.476632049307227 310.91278092935681
0.48096503997221585 0.3711593821644783 0.34422365762293339 0.015790084217488766 12.435834502801299 299.30679043754935
0.08223485597409308 0.34222177229821682 0.15515072047710421 0.019633690885826945 34.476632049307227 299.30679043754935
