0.48787978505715723 0.21514716930687428 0.16073025055229664 0.015113741087913515 29.70072490349412 797.67434475943446
0.10734103275462985 0.21514716930687428 0.16073025055229664 0.015113741087913515 29.70072490349412 797.67434475943446
0.48787978505715723 0.47099217846989638 0.16073025055229664 0.015113741087913515 29.70072490349412 797.67434475943446
0.48787978505715723 0.21514716930687428 0.39278594627976415 0.015113741087913515 29.70072490349412 797.67434475943446
0.48787978505715723 0.21514716930687428 0.16073025055229664 0.01548504024576396 29.70072490349412 797.67434475943446
0.48787978505715723 0.21514716930687428 0.16073025055229664 0.015113741087913515 13.666032154113054 797.67434475943446
0.48787978505715723 0.21514716930687428 0.16073025055229664 0.015113741087913515 29.70072490349412 953.98838827386498
0.10734103275462985 0.47099217846989638 0.39278594627976415 0.01548504024576396 13.666032154113054 953.98838827386498
0.2409539392683655 0.40413862876594064 0.35950201787054537 0.0090611618692055355 18.065455166622996 221.14128284156322
0.51764421118423343 0.40413862876594064 0.35950201787054537 0.0090611618692055355 18.065455166622996 221.14128284156322
0.2409539392683655 0.13408074416220189 0.35950201787054537 0.0090611618692055355 18.065455166622996 221.14128284156322
0.2409539392683655 0.40413862876594064 0.16004530042409898 0.0090611618692055355 18.065455166622996 221.14128284156322
0.2409539392683655 0.40413862876594064 0.35950201787054537 0.0052592817481607202 18.065455166622996 221.14128284156322
0.2409539392683655 0.40413862876594064 0.35950201787054537 0.0090611618692055355 34.187079371884465 221.14128284156322
0.2409539392683655 0.40413862876594064 0.35950201787054537 0.0090611618692055355 18.065455166622996 369.71481563523412
0.51764421118423343 0.13408074416220189 0.16004530042409898 0.0052592817481607202 34.187079371884465 369.71481563523412
0.18958941493183373 0.12763472720980645 0.25487149730324743 0.010725277899950744 9.6550520714372396 468.08026395738125
0.33371965456753966 0.12763472720980645 0.25487149730324743 0.010725277899950744 9.6550520714372396 468.08026395738125
0.18958941493183373 0.25501391440629961 0.25487149730324743 0.010725277899950744 9.6550520714372396 468.08026395738125
0.18958941493183373 0.12763472720980645 0.20925654284656048 0.010725277899950744 9.6550520714372396 468.08026395738125
0.18958941493183373 0.12763472720980645 0.25487149730324743 0.00092844951059669256 9.6550520714372396 468.08026395738125
0.18958941493183373 0.12763472720980645 0.25487149730324743 0.010725277899950744 28.141029469668865 468.08026395738125
0.18958941493183373 0.12763472720980645 0.25487149730324743 0.010725277899950744 9.6550520714372396 135.22709803655744
0.33371965456753966 0.25501391440629961 0.20925654284656048 0.00092844951059669256 28.141029469668865 135.22709803655744
0.58252715799026189 0.34174824953079225 0.4559868268668652 0.0047122006596997381 34.582397725433111 594.67209307476878
0.5401036785915494 0.34174824953079225 0.4559868268668652 0.0047122006596997381 34.582397725433111 594.67209307476878
0.58252715799026189 0.34310252927243712 0.4559868268668652 0.0047122006596997381 34.582397725433111 594.67209307476878
0.58252715799026189 0.34174824953079225 0.43888724632561205 0.0047122006596997381 34.582397725433111 594.67209307476878
0.58252715799026189 0.34174824953079225 0.4559868268668652 0.011153013711050154 34.582397725433111 594.67209307476878
0.58252715799026189 0.34174824953079225 0.4559868268668652 0.0047122006596997381 16.079498326405883 594.67209307476878
0.58252715799026189 0.34174824953079225 0.4559868268668652 0.0047122006596997381 34.582397725433111 733.97514456883073
0.5401036785915494 0.34310252927243712 0.43888724632561205 0.011153013711050154 16.079498326405883 733.97514456883073
0.63326950515620406 0.1527726985514164 0.3013460047543049 0.0020707606384530665 33.904165972024202 923.89953266829252
0.23219325216487047 0.1527726985514164 0.3013460047543049 0.0020707606384530665 33.904165972024202 923.89953266829252
0.63326950515620406 0.23906843364238739 0.3013460047543049 0.0020707606384530665 33.904165972024202 923.89953266829252
0.63326950515620406 0.1527726985514164 0.29802364595234399 0.0020707606384530665 33.904165972024202 923.89953266829252
0.63326950515620406 0.1527726985514164 0.3013460047543049 0.0089274044055491705 33.904165972024202 923.89953266829252
0.63326950515620406 0.1527726985514164 0.3013460047543049 0.0020707606384530665 24.948063625022769 923.89953266829252
0.63326950515620406 0.1527726985514164 0.3013460047543049 0.0020707606384530665 33.904165972024202 581.64948550984263
0.23219325216487047 0.23906843364238739 0.29802364595234399 0.0089274044055491705 24.948063625022769 581.64948550984263
0.057520191930234436 0.36690606027841566 0.10013588294386865 0.013383315859735014 13.832434697076678 150.49146572127938
0.64282148452475663 0.36690606027841566 0.10013588294386865 0.013383315859735014 13.832434697076678 150.49146572127938
0.057520191930234436 0.35254156999289987 0.10013588294386865 0.013383315859735014 13.832434697076678 150.49146572127938
0.057520191930234436 0.36690606027841566 0.45578573755919938 0.013383315859735014 13.832434697076678 150.49146572127938
0.057520191930234436 0.36690606027841566 0.10013588294386865 0.019081719865463673 13.832434697076678 150.49146572127938
0.057520191930234436 0.36690606027841566 0.10013588294386865 0.013383315859735014 22.963698536157608 150.49146572127938
0.057520191930234436 0.36690606027841566 0.10013588294386865 0.013383315859735014 13.832434697076678 294.47371801361442
0.64282148452475663 0.35254156999289987 0.45578573755919938 0.019081719865463673 22.963698536157608 294.47371801361442
0.37302563213743262 0.2903830830007792 0.40798744447529323 0.0064622450666502124 20.450691452249885 341.19589636102319
0.20973403416573999 0.2903830830007792 0.40798744447529323 0.0064622450666502124 20.450691452249885 341.19589636102319
0.37302563213743262 0.43649201318621633 0.40798744447529323 0.0064622450666502124 20.450691452249885 341.19589636102319
0.37302563213743262 0.2903830830007792 0.30030924230813982 0.0064622450666502124 20.450691452249885 341.19589636102319
0.37302563213743262 0.2903830830007792 0.40798744447529323 0.014750967916473748 20.450691452249885 341.19589636102319
0.37302563213743262 0.2903830830007792 0.40798744447529323 0.0064622450666502124 9.3005046639591455 341.19589636102319
0.37302563213743262 0.2903830830007792 0.40798744447529323 0.0064622450666502124 20.450691452249885 500.50685917958617
0.20973403416573999 0.43649201318621633 0.30030924230813982 0.014750967916473748 9.3005046639591455 500.50685917958617
0.43713990775868289 0.47939438186585903 0.20912126041948798 0.017734089813381433 23.816344898194075 664.66273050755262
0.41644264720380297 0.47939438186585903 0.20912126041948798 0.017734089813381433 23.816344898194075 664.66273050755262
0.43713990775868289 0.17496510036289692 0.20912126041948798 0.017734089813381433 23.816344898194075 664.66273050755262
0.43713990775868289 0.47939438186585903 0.14568758681416513 0.017734089813381433 23.816344898194075 664.66273050755262
0.43713990775868289 0.47939438186585903 0.20912126041948798 0.0045954486442729833 23.816344898194075 664.66273050755262
0.43713990775868289 0.47939438186585903 0.20912126041948798 0.017734089813381433 34.744298990815878 664.66273050755262
0.43713990775868289 0.47939438186585903 0.20912126041948798 0.017734089813381433 23.816344898194075 830.33703221008182
0.41644264720380297 0.17496510036289692 0.14568758681416513 0.0045954486442729833 34.744298990815878 830.33703221008182
0.40996506321243936 0.11318460628390313 0.42723659723997121 0.0150489794831723 17.145292825996876 633.7434378452599
0.2761397698894143 0.11318460628390313 0.42723659723997121 0.0150489794831723 17.145292825996876 633.7434378452599
0.40996506321243936 0.21909107044339182 0.42723659723997121 0.0150489794831723 17.145292825996876 633.7434378452599
0.40996506321243936 0.11318460628390313 0.2592957351356745 0.0150489794831723 17.145292825996876 633.7434378452599
0.40996506321243936 0.11318460628390313 0.42723659723997121 0.011817966410890224 17.145292825996876 633.7434378452599
0.40996506321243936 0.11318460628390313 0.42723659723997121 0.0150489794831723 37.377037929370999 633.7434378452599
0.40996506321243936 0.11318460628390313 0.42723659723997121 0.0150489794831723 17.145292825996876 936.2458405084908
0.2761397698894143 0.21909107044339182 0.2592957351356745 0.011817966410890224 37.377037929370999 936.2458405084908
0.320454897172749 0.30531955957412721 0.22756780087947848 0.0012634502483531835 27.073903644457459 507.2103725746274
0.67884551975876084 0.30531955957412721 0.22756780087947848 0.0012634502483531835 27.073903644457459 507.2103725746274
0.320454897172749 0.38217430748045444 0.22756780087947848 0.0012634502483531835 27.073903644457459 507.2103725746274
0.320454897172749 0.30531955957412721 0.48904337249696261 0.0012634502483531835 27.073903644457459 507.2103725746274
0.320454897172749 0.30531955957412721 0.22756780087947848 0.0016502115583047273 27.073903644457459 507.2103725746274
0.320454897172749 0.30531955957412721 0.22756780087947848 0.0012634502483531835 10.51961836591363 507.2103725746274
0.320454897172749 0.30531955957412721 0.22756780087947848 0.0012634502483531835 27.073903644457459 393.72042873874307
0.67884551975876084 0.38217430748045444 0.48904337249696261 0.0016502115583047273 10.51961836591363 393.72042873874307
0.10913570807315409 0.22567253895103934 0.33231428973376753 0.019322031441703438 37.205441595986485 300.66291112452745
0.1318151625804603 0.22567253895103934 0.33231428973376753 0.019322031441703438 37.205441595986485 300.66291112452745
0.10913570807315409 0.40379487425088889 0.33231428973376753 0.019322031441703438 37.205441595986485 300.66291112452745
0.10913570807315409 0.22567253895103934 0.34295406937599182 0.019322031441703438 37.205441595986485 300.66291112452745
0.10913570807315409 0.22567253895103934 0.33231428973376753 0.0072197428505867724 37.205441595986485 300.66291112452745
0.10913570807315409 0.22567253895103934 0.33231428973376753 0.019322031441703438 19.385720809921622 300.66291112452745
0.10913570807315409 0.22567253895103934 0.33231428973376753 0.019322031441703438 37.205441595986485 174.50369382277131
0.1318151625804603 0.40379487425088889 0.34295406937599182 0.0072197428505867724 19.385720809921622 174.50369382277131
0.65948913088068362 0.44292957000434396 0.13186405561864378 0.0055731351872906091 10.571667581796646 877.25474359467626
0.41185191301628943 0.44292957000434396 0.13186405561864378 0.0055731351872906091 10.571667581796646 877.25474359467626
0.65948913088068362 0.19187816046178341 0.13186405561864378 0.0055731351872906091 10.571667581796646 877.25474359467626
0.65948913088068362 0.44292957000434396 0.11007248386740685 0.0055731351872906091 10.571667581796646 877.25474359467626
0.65948913088068362 0.44292957000434396 0.13186405561864378 0.017386293890886008 10.571667581796646 877.25474359467626
0.65948913088068362 0.44292957000434396 0.13186405561864378 0.0055731351872906091 24.643976755440235 877.25474359467626
0.65948913088068362 0.44292957000434396 0.13186405561864378 0.0055731351872906091 10.571667581796646 702.49970005825162
0.41185191301628943 0.19187816046178341 0.11007248386740685 0.017386293890886008 24.643976755440235 702.49970005825162
0.54773269845172756 0.25004795230925081 0.28660272173583512 0.0081755857197567828 12.941682331264019 760.87670773267746
0.070992173627018929 0.25004795230925081 0.28660272173583512 0.0081755857197567828 12.941682331264019 760.87670773267746
0.54773269845172756 0.48803869783878329 0.28660272173583512 0.0081755857197567828 12.941682331264019 760.87670773267746
0.54773269845172756 0.25004795230925081 0.35027614757418635 0.0081755857197567828 12.941682331264019 760.87670773267746
0.54773269845172756 0.25004795230925081 0.28660272173583512 0.0029455241261050107 12.941682331264019 760.87670773267746
0.54773269845172756 0.25004795230925081 0.28660272173583512 0.0081755857197567828 18.594998523592949 760.87670773267746
0.54773269845172756 0.25004795230925081 0.28660272173583512 0.0081755857197567828 12.941682331264019 628.06795230135322
0.070992173627018929 0.48803869783878329 0.35027614757418635 0.0029455241261050107 18.594998523592949 628.06795230135322
0.1395652259234339 0.46728820167481899 0.48695206008851533 0.016702340957149862 31.306986251845956 437.46865084394813
0.47402251251041883 0.46728820167481899 0.48695206008851533 0.016702340957149862 31.306986251845956 437.46865084394813
0.1395652259234339 0.10151871256530286 0.48695206008851533 0.016702340957149862 31.306986251845956 437.46865084394813
0.1395652259234339 0.46728820167481899 0.19552537500858308 0.016702340957149862 31.306986251845956 437.46865084394813
0.1395652259234339 0.46728820167481899 0.48695206008851533 0.013157851566001775 31.306986251845956 437.46865084394813
0.1395652259234339 0.46728820167481899 0.48695206008851533 0.016702340957149862 29.243006465956569 437.46865084394813
0.1395652259234339 0.46728820167481899 0.48695206008851533 0.016702340957149862 31.306986251845956 242.01534567400813
0.47402251251041883 0.10151871256530286 0.19552537500858308 0.013157851566001775 29.243006465956569 242.01534567400813
0.290027810446918 0.18765719905495645 0.17917984277009966 0.0039007210170850164 26.409977899864316 174.6282740496099
0.33798556970432397 0.18765719905495645 0.17917984277009966 0.0039007210170850164 26.409977899864316 174.6282740496099
0.290027810446918 0.28438958451151852 0.17917984277009966 0.0039007210170850164 26.409977899864316 174.6282740496099
0.290027810446918 0.18765719905495645 0.24787381552159787 0.0039007210170850164 26.409977899864316 174.6282740496099
0.290027810446918 0.18765719905495645 0.17917984277009966 0.018727302569709718 26.409977899864316 174.6282740496099
0.290027810446918 0.18765719905495645 0.17917984277009966 0.0039007210170850164 30.726253997534513 174.6282740496099
0.290027810446918 0.18765719905495645 0.17917984277009966 0.0039007210170850164 26.409977899864316 489.68665702268481
0.33798556970432397 0.28438958451151852 0.24787381552159787 0.018727302569709718 30.726253997534513 489.68665702268481
0.52172392676584423 0.37977537065744404 0.37874811887741089 0.012389634777978064 21.337666317820549 948.09509813785553
0.61834737407043572 0.37977537065744404 0.37874811887741089 0.012389634777978064 21.337666317820549 948.09509813785553
0.52172392676584423 0.32286955006420615 0.37874811887741089 0.012389634777978064 21.337666317820549 948.09509813785553
0.52172392676584423 0.37977537065744404 0.40574024952948096 0.012389634777978064 21.337666317820549 948.09509813785553
0.52172392676584423 0.37977537065744404 0.37874811887741089 0.00851378083266318 21.337666317820549 948.09509813785553
0.52172392676584423 0.37977537065744404 0.37874811887741089 0.012389634777978064 13.479167485609651 948.09509813785553
0.52172392676584423 0.37977537065744404 0.37874811887741089 0.012389634777978064 21.337666317820549 833.13978975638747
0.61834737407043572 0.32286955006420615 0.40574024952948096 0.00851378083266318 13.479167485609651 833.13978975638747
0.50916039864532647 0.17993897013366222 0.24369028285145761 0.0074574798079207541 35.204184345901012 406.84871869161725
0.50504947677254675 0.17993897013366222 0.24369028285145761 0.0074574798079207541 35.204184345901012 406.84871869161725
0.50916039864532647 0.28974767811596391 0.24369028285145761 0.0074574798079207541 35.204184345901012 406.84871869161725
0.50916039864532647 0.17993897013366222 0.48692644201219082 0.0074574798079207541 35.204184345901012 406.84871869161725
0.50916039864532647 0.17993897013366222 0.24369028285145761 0.019747318156249822 35.204184345901012 406.84871869161725
0.50916039864532647 0.17993897013366222 0.24369028285145761 0.0074574798079207541 12.499217281118035 406.84871869161725
0.50916039864532647 0.17993897013366222 0.24369028285145761 0.0074574798079207541 35.204184345901012 560.35847747698426
0.50504947677254675 0.28974767811596391 0.48692644201219082 0.019747318156249822 12.499217281118035 560.35847747698426
0.2622447846457362 0.38788203187286852 0.44255951866507537 0.018730758758634329 8.5776207242161036 730.37061188369989
0.12493578866124153 0.38788203187286852 0.44255951866507537 0.018730758758634329 8.5776207242161036 730.37061188369989
0.2622447846457362 0.30283707901835444 0.44255951866507537 0.018730758758634329 8.5776207242161036 730.37061188369989
0.2622447846457362 0.38788203187286852 0.26668610312044622 0.018730758758634329 8.5776207242161036 730.37061188369989
0.2622447846457362 0.38788203187286852 0.44255951866507537 0.0095047782771289363 8.5776207242161036 730.37061188369989
0.2622447846457362 0.38788203187286852 0.44255951866507537 0.018730758758634329 31.589302804321051 730.37061188369989
0.2622447846457362 0.38788203187286852 0.44255951866507537 0.018730758758634329 8.5776207242161036 313.18679796531796
0.12493578866124153 0.30283707901835444 0.26668610312044622 0.0095047782771289363 31.589302804321051 313.18679796531796
0.16768612959422169 0.26752417683601382 0.14720519669353962 0.0018299298787489535 19.142887519672513 977.2838169708848
0.56305674174800513 0.26752417683601382 0.14720519669353962 0.0018299298787489535 19.142887519672513 977.2838169708848
0.16768612959422169 0.48619621805846691 0.14720519669353962 0.0018299298787489535 19.142887519672513 977.2838169708848
0.16768612959422169 0.26752417683601382 0.11433477625250817 0.0018299298787489535 19.142887519672513 977.2838169708848
0.16768612959422169 0.26752417683601382 0.14720519669353962 0.0039364602753892541 19.142887519672513 977.2838169708848
0.16768612959422169 0.26752417683601382 0.14720519669353962 0.0018299298787489535 30.252726061269641 977.2838169708848
0.16768612959422169 0.26752417683601382 0.14720519669353962 0.0018299298787489535 19.142887519672513 529.33078082278371
0.56305674174800513 0.48619621805846691 0.11433477625250817 0.0039364602753892541 30.252726061269641 529.33078082278371
0.56059443159028888 0.4501986913383007 0.34841837026178835 0.013141050305962564 29.078937277197838 203.93060790374875
0.30561034837737677 0.4501986913383007 0.34841837026178835 0.013141050305962564 29.078937277197838 203.93060790374875
0.56059443159028888 0.12428556978702546 0.34841837026178835 0.013141050305962564 29.078937277197838 203.93060790374875
0.56059443159028888 0.4501986913383007 0.3314652144908905 0.013141050305962564 29.078937277197838 203.93060790374875
0.56059443159028888 0.4501986913383007 0.34841837026178835 0.014177777385711672 29.078937277197838 203.93060790374875
0.56059443159028888 0.4501986913383007 0.34841837026178835 0.013141050305962564 17.703210294246674 203.93060790374875
0.56059443159028888 0.4501986913383007 0.34841837026178835 0.013141050305962564 29.078937277197838 790.15298644080758
0.30561034837737677 0.12428556978702546 0.3314652144908905 0.014177777385711672 17.703210294246674 790.15298644080758
0.69258397957310081 0.24276586323976518 0.49680623002350333 0.010503480953723193 24.408549435436726 533.76226201653481
0.6249068832024931 0.24276586323976518 0.49680623002350333 0.010503480953723193 24.408549435436726 533.76226201653481
0.69258397957310081 0.42050708197057252 0.49680623002350333 0.010503480953723193 24.408549435436726 533.76226201653481
0.69258397957310081 0.24276586323976518 0.17888322174549104 0.010503480953723193 24.408549435436726 533.76226201653481
0.69258397957310081 0.24276586323976518 0.49680623002350333 0.0059193656116724013 24.408549435436726 533.76226201653481
0.69258397957310081 0.24276586323976518 0.49680623002350333 0.010503480953723193 23.777537189424038 533.76226201653481
0.69258397957310081 0.24276586323976518 0.49680623002350333 0.010503480953723193 24.408549435436726 975.76679391786456
0.6249068832024931 0.42050708197057252 0.17888322174549104 0.0059193656116724013 23.777537189424038 975.76679391786456
0.11686472729779779 0.42544800415635109 0.29569395221769812 0.0044889689194038511 19.343676233664155 660.40916359052062
0.24510786589235067 0.42544800415635109 0.29569395221769812 0.0044889689194038511 19.343676233664155 660.40916359052062
0.11686472729779779 0.18398095518350602 0.29569395221769812 0.0044889689194038511 19.343676233664155 660.40916359052062
0.11686472729779779 0.42544800415635109 0.37414486333727837 0.0044889689194038511 19.343676233664155 660.40916359052062
0.11686472729779779 0.42544800415635109 0.29569395221769812 0.016056908098794519 19.343676233664155 660.40916359052062
0.11686472729779779 0.42544800415635109 0.29569395221769812 0.0044889689194038511 20.369519537314773 660.40916359052062
0.11686472729779779 0.42544800415635109 0.29569395221769812 0.0044889689194038511 19.343676233664155 350.63793426379561
0.24510786589235067 0.18398095518350602 0.37414486333727837 0.016056908098794519 20.369519537314773 350.63793426379561
0.31306367833167309 0.10508328638970853 0.38782095089554791 0.016128009642660618 14.939449133351445 851.02945333346725
0.44423207407817239 0.10508328638970853 0.38782095089554791 0.016128009642660618 14.939449133351445 851.02945333346725
0.31306367833167309 0.20511322654783726 0.38782095089554791 0.016128009642660618 14.939449133351445 851.02945333346725
0.31306367833167309 0.10508328638970853 0.42023088969290257 0.016128009642660618 14.939449133351445 851.02945333346725
0.31306367833167309 0.10508328638970853 0.38782095089554791 0.010488660796731712 14.939449133351445 851.02945333346725
0.31306367833167309 0.10508328638970853 0.38782095089554791 0.016128009642660618 11.41579781845212 851.02945333346725
0.31306367833167309 0.10508328638970853 0.38782095089554791 0.016128009642660618 14.939449133351445 106.9182544015348
0.44423207407817239 0.20511322654783726 0.42023088969290257 0.010488660796731712 11.41579781845212 106.9182544015348
0.37716834205202754 0.31303397454321386 0.18905223533511162 0.010076864627934994 33.311962217092514 274.55123588442802
0.18710081642493603 0.31303397454321386 0.18905223533511162 0.010076864627934994 33.311962217092514 274.55123588442802
0.37716834205202754 0.39358714893460278 0.18905223533511162 0.010076864627934994 33.311962217092514 274.55123588442802
0.37716834205202754 0.31303397454321386 0.22810973785817623 0.010076864627934994 33.311962217092514 274.55123588442802
0.37716834205202754 0.31303397454321386 0.18905223533511162 0.00034990520346909765 33.311962217092514 274.55123588442802
0.37716834205202754 0.31303397454321386 0.18905223533511162 0.010076864627934994 36.364300401881337 274.55123588442802
0.37716834205202754 0.31303397454321386 0.18905223533511162 0.010076864627934994 33.311962217092514 773.76770852133632
0.18710081642493603 0.39358714893460278 0.22810973785817623 0.00034990520346909765 36.364300401881337 773.76770852133632
0.42934138355776663 0.27954519391059873 0.36917909793555737 0.0029057886948809031 11.634507823735476 124.29437888786197
0.69171983832493422 0.27954519391059873 0.36917909793555737 0.0029057886948809031 11.634507823735476 124.29437888786197
0.42934138355776663 0.43775005824863911 0.36917909793555737 0.0029057886948809031 11.634507823735476 124.29437888786197
0.42934138355776663 0.27954519391059873 0.16437399238348008 0.0029057886948809031 11.634507823735476 124.29437888786197
0.42934138355776663 0.27954519391059873 0.36917909793555737 0.013740629740059377 11.634507823735476 124.29437888786197
0.42934138355776663 0.27954519391059873 0.36917909793555737 0.0029057886948809031 35.723105233162642 124.29437888786197
0.42934138355776663 0.27954519391059873 0.36917909793555737 0.0029057886948809031 11.634507823735476 654.67659728601575
0.69171983832493422 0.43775005824863911 0.16437399238348008 0.013740629740059377 35.723105233162642 654.67659728601575
0.33984144204296168 0.49061917588114745 0.16960777007043362 0.011393267661705614 36.56906364671886 897.81627543270588
0.25826545888558028 0.49061917588114745 0.16960777007043362 0.011393267661705614 36.56906364671886 897.81627543270588
0.33984144204296168 0.15083260461688042 0.16960777007043362 0.011393267661705614 36.56906364671886 897.81627543270588
0.33984144204296168 0.49061917588114745 0.38162131682038314 0.011393267661705614 36.56906364671886 897.81627543270588
0.33984144204296168 0.49061917588114745 0.16960777007043362 0.0035947737896814946 36.56906364671886 897.81627543270588
0.33984144204296168 0.49061917588114745 0.16960777007043362 0.011393267661705614 8.4381420556455851 897.81627543270588
0.33984144204296168 0.49061917588114745 0.16960777007043362 0.011393267661705614 36.56906364671886 225.13174349442124
0.25826545888558028 0.15083260461688042 0.38162131682038314 0.0035947737896814946 8.4381420556455851 225.13174349442124
0.090406254492700094 0.16713079027831557 0.46488274484872816 0.0084167188985273256 27.710282376036048 691.18467308580875
0.38917963504791253 0.16713079027831557 0.46488274484872816 0.0084167188985273256 27.710282376036048 691.18467308580875
0.090406254492700094 0.23507597856223583 0.46488274484872816 0.0084167188985273256 27.710282376036048 691.18467308580875
0.090406254492700094 0.16713079027831557 0.43709458895027642 0.0084167188985273256 27.710282376036048 691.18467308580875
0.090406254492700094 0.16713079027831557 0.46488274484872816 0.0079268097288906578 27.710282376036048 691.18467308580875
0.090406254492700094 0.16713079027831557 0.46488274484872816 0.0084167188985273256 21.955123797059059 691.18467308580875
0.090406254492700094 0.16713079027831557 0.46488274484872816 0.0084167188985273256 27.710282376036048 455.66782960668206
0.38917963504791253 0.23507597856223583 0.43709458895027642 0.0079268097288906578 21.955123797059059 455.66782960668206
0.64073022897355258 0.35293621011078358 0.2645303547382355 0.01694490833990276 16.082451801747084 367.83146066591144
0.15964363515377045 0.35293621011078358 0.2645303547382355 0.01694490833990276 16.082451801747084 367.83146066591144
0.64073022897355258 0.37315847575664518 0.2645303547382355 0.01694490833990276 16.082451801747084 367.83146066591144
0.64073022897355258 0.35293621011078358 0.21671326272189617 0.01694490833990276 16.082451801747084 367.83146066591144
0.64073022897355258 0.35293621011078358 0.2645303547382355 0.018071452573128043 16.082451801747084 367.83146066591144
0.64073022897355258 0.35293621011078358 0.2645303547382355 0.01694490833990276 25.839164761826396 367.83146066591144
0.64073022897355258 0.35293621011078358 0.2645303547382355 0.01694490833990276 16.082451801747084 871.61708893254399
0.15964363515377045 0.37315847575664518 0.21671326272189617 0.018071452573128043 25.839164761826396 871.61708893254399
0.61022099736146629 0.1415977116674185 0.1160446509718895 0.019543526558950544 22.429975990206003 250.29984023422003
0.49157698294147845 0.1415977116674185 0.1160446509718895 0.019543526558950544 22.429975990206003 250.29984023422003
0.61022099736146629 0.26918552182614808 0.1160446509718895 0.019543526558950544 22.429975990206003 250.29984023422003
0.61022099736146629 0.1415977116674185 0.47019781880080702 0.019543526558950544 22.429975990206003 250.29984023422003
0.61022099736146629 0.1415977116674185 0.1160446509718895 0.0022385041596367956 22.429975990206003 250.29984023422003
0.61022099736146629 0.1415977116674185 0.1160446509718895 0.019543526558950544 16.944793036207557 250.29984023422003
0.61022099736146629 0.1415977116674185 0.1160446509718895 0.019543526558950544 22.429975990206003 909.24592828378081
0.49157698294147845 0.26918552182614808 0.47019781880080702 0.0022385041596367956 16.944793036207557 909.24592828378081
0.20208359304815526 0.32739855088293557 0.31649183332920072 0.0057960645085200673 25.803067592903972 826.94673174992204
0.058437739219516519 0.32739855088293557 0.31649183332920072 0.0057960645085200673 25.803067592903972 826.94673174992204
0.20208359304815526 0.33266474753618241 0.31649183332920072 0.0057960645085200673 25.803067592903972 826.94673174992204
0.20208359304815526 0.32739855088293557 0.27794750221073627 0.0057960645085200673 25.803067592903972 826.94673174992204
0.20208359304815526 0.32739855088293557 0.31649183332920072 0.012472722093015911 25.803067592903972 826.94673174992204
0.20208359304815526 0.32739855088293557 0.31649183332920072 0.0057960645085200673 27.157917834818363 826.94673174992204
0.20208359304815526 0.32739855088293557 0.31649183332920072 0.0057960645085200673 25.803067592903972 411.11889434978366
0.058437739219516519 0.33266474753618241 0.27794750221073627 0.012472722093015911 27.157917834818363 411.11889434978366
0.22816155613400041 0.2039139822125435 0.22424886934459209 0.014034409099444749 31.91389555297792 564.08057892695069
0.5901990173384547 0.2039139822125435 0.22424886934459209 0.014034409099444749 31.91389555297792 564.08057892695069
0.22816155613400041 0.45330491103231907 0.22424886934459209 0.014034409099444749 31.91389555297792 564.08057892695069
0.22816155613400041 0.2039139822125435 0.12873341515660286 0.014034409099444749 31.91389555297792 564.08057892695069
0.22816155613400041 0.2039139822125435 0.22424886934459209 0.016804687332548203 31.91389555297792 564.08057892695069
0.22816155613400041 0.2039139822125435 0.22424886934459209 0.014034409099444749 33.292043881490827 564.08057892695069
0.22816155613400041 0.2039139822125435 0.22424886934459209 0.014034409099444749 31.91389555297792 208.15850524231791
0.5901990173384547 0.45330491103231907 0.12873341515660286 0.016804687332548203 33.292043881490827 208.15850524231791
0.45984806781634679 0.41498338356614117 0.42391461394727237 0.00024744507055729628 11.849373664706945 437.60237153619528
0.36097768824547521 0.41498338356614117 0.42391461394727237 0.00024744507055729628 11.849373664706945 437.60237153619528
0.45984806781634679 0.14178418591618538 0.42391461394727237 0.00024744507055729628 11.849373664706945 437.60237153619528
0.45984806781634679 0.41498338356614117 0.32409935146570207 0.00024744507055729628 11.849373664706945 437.60237153619528
0.45984806781634679 0.41498338356614117 0.42391461394727237 0.0065692466303706168 11.849373664706945 437.60237153619528
0.45984806781634679 0.41498338356614117 0.42391461394727237 0.00024744507055729628 14.67808348312974 437.60237153619528
0.45984806781634679 0.41498338356614117 0.42391461394727237 0.00024744507055729628 11.849373664706945 664.51001306995749
0.36097768824547521 0.14178418591618538 0.32409935146570207 0.0065692466303706168 14.67808348312974 664.51001306995749
